50
5
486495
0
0
48 65 37 41 42
1
0
54 39 57 45 31
2
0
45 48 41 52 39
3
0
47 49 56 48 53
4
0
48 74 34 45 43
5
0
40 46 53 55 53
6
0
51 51 47 25 47
7
0
53 59 40 38 63
8
0
52 44 39 50 50
9
0
53 65 42 44 67
10
0
52 55 70 48 37
11
0
53 51 52 38 70
12
0
46 46 54 67 58
13
0
41 34 60 42 53
14
0
44 40 55 34 49
15
0
59 44 40 52 59
16
0
44 51 51 62 60
17
0
42 52 67 66 51
18
0
60 61 55 42 35
19
0
37 51 42 55 60
20
0
67 54 66 45 51
21
0
45 58 59 46 46
22
0
47 57 47 49 46
23
0
56 36 74 65 45
24
0
32 57 50 55 49
25
0
42 53 64 54 35
26
0
45 37 54 64 28
27
0
44 45 66 57 62
28
0
49 51 45 54 62
29
0
51 46 43 66 36
30
0
61 40 51 57 35
31
0
49 41 44 63 37
32
0
53 65 33 40 46
33
0
47 44 53 46 43
34
0
45 44 66 45 42
35
0
51 59 42 55 56
36
0
37 51 52 62 54
37
0
52 61 48 52 53
38
0
29 49 59 66 56
39
0
55 50 54 50 47
40
0
51 46 30 57 58
41
0
70 51 57 60 51
42
0
49 52 46 56 61
43
0
44 39 67 59 57
44
0
45 61 53 48 49
45
0
80 60 44 72 44
46
0
38 50 31 48 50
47
0
58 57 50 60 46
48
0
73 42 45 48 42
49
0
54 54 34 52 50
