50
5
35707
0
0
50 49 48 48 48
1
0
36 38 37 39 38
2
0
68 70 73 67 66
3
0
49 49 49 49 51
4
0
48 52 52 50 51
5
0
53 48 51 47 54
6
0
50 49 51 51 50
7
0
60 57 58 56 62
8
0
43 40 42 43 40
9
0
29 29 29 28 28
10
0
62 61 58 59 56
11
0
41 44 44 40 43
12
0
55 49 50 55 52
13
0
45 48 43 46 49
14
0
49 52 51 53 57
15
0
62 57 60 60 58
16
0
78 77 74 80 80
17
0
51 50 52 51 48
18
0
64 60 60 63 66
19
0
42 42 42 43 44
20
0
48 49 45 46 45
21
0
54 56 56 56 54
22
0
63 66 57 62 61
23
0
42 45 45 48 45
24
0
52 44 54 47 50
25
0
42 43 43 43 44
26
0
49 52 53 49 48
27
0
65 66 66 69 66
28
0
54 56 55 58 56
29
0
39 41 39 38 37
30
0
35 34 41 35 37
31
0
46 46 49 46 48
32
0
62 61 63 64 62
33
0
68 67 70 64 68
34
0
47 50 51 50 52
35
0
59 60 64 66 59
36
0
37 39 41 38 39
37
0
41 39 38 45 41
38
0
54 57 55 55 52
39
0
54 56 55 56 55
40
0
41 42 46 48 45
41
0
50 57 52 47 53
42
0
46 48 48 48 44
43
0
31 31 34 28 28
44
0
52 54 54 53 51
45
0
54 56 49 49 51
46
0
47 51 54 48 45
47
0
60 59 57 55 58
48
0
77 75 82 80 80
49
0
64 62 67 65 66
