100
5
730560
0
0
51 66 64 60 41
1
0
45 51 54 29 37
2
0
54 38 49 59 47
3
0
45 52 59 57 44
4
0
47 60 43 42 54
5
0
65 45 53 51 47
6
0
46 59 43 38 75
7
0
41 54 58 38 42
8
0
46 45 63 48 47
9
0
63 52 65 61 36
10
0
54 64 49 51 46
11
0
42 45 51 58 46
12
0
28 52 39 56 50
13
0
53 43 43 58 52
14
0
46 40 34 55 47
15
0
59 52 48 53 57
16
0
46 62 63 43 59
17
0
48 52 67 43 48
18
0
64 53 50 49 69
19
0
60 58 43 60 47
20
0
58 65 53 56 40
21
0
60 36 57 39 46
22
0
45 72 45 56 55
23
0
50 44 52 41 48
24
0
44 38 77 46 65
25
0
56 36 48 42 44
26
0
53 52 56 50 50
27
0
54 36 29 34 42
28
0
55 54 42 40 50
29
0
72 63 38 61 56
30
0
53 41 52 63 43
31
0
40 52 47 63 44
32
0
37 75 58 44 36
33
0
55 60 36 70 66
34
0
47 44 42 49 60
35
0
71 55 53 51 39
36
0
40 64 42 62 40
37
0
53 73 51 44 45
38
0
62 56 52 47 48
39
0
39 37 48 48 37
40
0
68 61 41 59 55
41
0
59 69 50 58 57
42
0
49 40 51 79 58
43
0
46 45 43 65 63
44
0
56 61 73 49 33
45
0
65 30 39 80 38
46
0
52 47 63 46 54
47
0
58 25 69 30 53
48
0
62 47 44 45 36
49
0
44 35 50 61 33
50
0
39 41 59 55 58
51
0
55 40 48 43 58
52
0
57 49 53 43 56
53
0
35 50 45 69 55
54
0
36 65 55 63 54
55
0
58 59 64 50 58
56
0
64 37 52 43 68
57
0
50 58 24 38 50
58
0
43 49 56 46 51
59
0
64 49 44 36 54
60
0
44 37 63 66 38
61
0
57 41 36 45 41
62
0
57 68 47 61 46
63
0
39 39 70 56 59
64
0
40 37 60 33 45
65
0
54 33 43 53 34
66
0
43 62 49 48 48
67
0
55 49 46 70 64
68
0
47 50 49 57 55
69
0
55 40 55 52 42
70
0
37 43 57 63 57
71
0
28 60 53 46 53
72
0
36 44 54 60 41
73
0
67 57 40 43 54
74
0
37 49 34 45 46
75
0
38 45 46 39 53
76
0
47 61 55 60 59
77
0
47 59 59 47 51
78
0
48 34 58 63 57
79
0
64 48 73 52 46
80
0
57 59 50 57 47
81
0
49 46 65 50 47
82
0
68 45 37 57 46
83
0
47 57 50 49 59
84
0
66 59 57 42 50
85
0
66 58 59 61 34
86
0
37 41 49 70 57
87
0
46 45 39 55 49
88
0
48 49 47 47 39
89
0
57 46 52 35 51
90
0
36 44 41 42 50
91
0
59 53 23 52 40
92
0
56 41 56 51 26
93
0
59 52 58 55 55
94
0
31 48 51 60 50
95
0
46 56 45 52 49
96
0
49 54 53 59 48
97
0
49 49 57 55 60
98
0
48 27 43 60 59
99
0
61 36 46 71 35
