20
20
864156
0
0
37 38 36 38 38 33 34 36 39 36 38 38 37 37 34 35 37 35 36 34
1
0
63 60 62 62 63 62 60 55 65 61 66 60 61 65 60 58 65 62 63 63
2
0
53 50 51 52 51 52 46 50 51 51 54 52 54 53 52 50 51 53 55 48
3
0
38 37 37 36 34 38 41 36 37 35 37 35 36 35 35 35 35 37 35 37
4
0
41 39 36 40 37 41 40 39 39 39 42 41 37 38 40 40 41 37 40 36
5
0
55 53 52 49 50 50 56 50 51 53 51 54 54 53 50 51 54 48 53 53
6
0
34 34 32 33 30 33 31 35 37 35 34 35 35 33 35 35 36 31 33 36
7
0
63 63 63 59 65 56 58 65 59 60 60 58 62 60 63 58 59 60 62 63
8
0
61 62 64 63 63 62 57 65 60 61 63 67 62 63 59 59 61 56 56 60
9
0
56 57 53 54 55 53 56 50 52 57 57 55 54 60 49 55 54 54 56 59
10
0
59 60 57 55 61 58 53 60 57 54 55 55 53 56 53 52 52 54 56 56
11
0
25 26 26 23 24 27 26 27 26 26 27 23 23 25 24 25 24 23 26 25
12
0
46 42 43 43 43 44 46 46 50 49 42 46 41 43 41 41 43 43 42 45
13
0
59 67 63 60 61 66 61 64 61 59 59 64 62 62 58 61 62 61 60 57
14
0
68 68 65 69 67 69 68 68 66 69 70 68 64 66 63 67 67 66 61 64
15
0
62 75 68 67 68 69 66 68 66 71 71 69 68 73 69 69 69 71 69 72
16
0
42 40 38 42 37 40 38 41 40 41 39 38 37 43 44 41 39 36 39 40
17
0
58 59 60 60 65 56 57 57 58 58 62 60 54 58 58 63 57 58 59 56
18
0
47 48 47 45 46 48 44 45 45 46 52 46 48 46 50 43 44 41 48 48
19
0
67 62 59 67 67 65 69 66 70 64 60 62 66 67 64 69 58 63 68 64
