100
10
441693
0
0
51 54 53 52 52 55 52 50 53 54
1
0
47 47 49 51 47 49 47 47 49 50
2
0
47 42 46 44 43 41 45 43 43 45
3
0
64 71 70 68 67 65 74 68 74 67
4
0
57 54 51 58 55 56 57 53 56 54
5
0
49 53 50 49 53 53 55 53 54 50
6
0
53 58 55 54 50 53 54 55 51 52
7
0
43 42 37 42 42 40 45 46 43 44
8
0
34 35 30 35 33 35 36 37 34 33
9
0
47 46 46 46 48 46 45 46 46 45
10
0
43 40 43 39 39 42 43 40 42 40
11
0
49 49 50 48 46 50 52 48 47 48
12
0
65 54 64 61 63 60 59 60 61 62
13
0
46 46 43 48 43 44 45 46 48 45
14
0
49 48 47 51 48 47 51 52 49 52
15
0
35 35 36 35 33 38 36 34 35 34
16
0
54 53 53 50 52 52 53 57 52 54
17
0
41 35 38 41 38 40 39 41 38 39
18
0
45 45 40 44 44 41 44 45 45 43
19
0
38 38 35 39 41 40 37 40 44 36
20
0
62 57 55 53 57 59 57 55 56 57
21
0
40 44 39 44 39 43 42 42 42 38
22
0
48 46 49 51 42 51 49 49 51 50
23
0
40 38 43 41 41 43 41 41 41 39
24
0
46 47 47 47 44 45 46 44 46 48
25
0
43 43 42 43 44 42 42 42 41 43
26
0
37 38 37 35 38 38 39 37 39 40
27
0
43 39 40 39 38 39 39 40 41 40
28
0
40 37 36 39 39 35 38 41 38 41
29
0
54 52 54 54 55 56 52 55 55 55
30
0
47 45 49 44 46 48 47 45 45 42
31
0
45 49 49 51 50 51 49 49 49 47
32
0
43 39 42 43 43 42 42 44 41 44
33
0
36 37 35 37 35 39 40 35 39 41
34
0
45 44 46 46 46 47 47 47 49 45
35
0
41 37 38 37 37 41 39 38 38 37
36
0
55 55 53 52 52 57 55 51 54 53
37
0
57 56 57 57 56 56 60 56 58 58
38
0
60 62 62 62 58 62 59 59 56 63
39
0
54 51 56 53 52 56 52 51 51 55
40
0
47 53 47 50 49 52 50 49 47 47
41
0
37 38 39 39 38 40 37 38 40 39
42
0
45 45 45 44 43 43 44 41 41 45
43
0
67 71 70 68 69 69 70 66 71 71
44
0
53 57 53 57 59 54 60 56 59 53
45
0
35 39 37 36 40 37 38 39 41 41
46
0
44 46 40 41 42 44 43 44 44 43
47
0
49 46 48 47 50 49 48 48 46 46
48
0
39 37 33 34 38 37 35 33 34 37
49
0
27 29 27 29 29 28 32 28 29 30
50
0
60 61 60 60 57 59 60 60 62 57
51
0
48 47 45 47 49 48 46 48 45 48
52
0
50 51 50 48 49 53 53 49 50 50
53
0
52 51 55 54 55 49 56 52 54 54
54
0
46 43 44 43 49 46 45 46 46 43
55
0
42 38 40 37 39 40 36 38 40 36
56
0
46 49 45 55 47 45 46 49 46 49
57
0
55 54 57 56 54 53 55 53 55 56
58
0
54 58 58 54 52 55 56 58 55 56
59
0
57 55 54 56 55 57 52 56 55 58
60
0
44 45 41 42 47 38 42 42 40 46
61
0
52 56 53 55 56 53 53 53 55 54
62
0
57 57 56 52 56 57 59 58 55 53
63
0
46 44 43 46 48 48 44 47 43 46
64
0
64 64 57 58 56 62 60 58 61 66
65
0
56 58 56 58 59 58 61 55 56 59
66
0
50 52 48 51 47 50 51 53 52 52
67
0
45 39 46 46 43 42 45 44 42 43
68
0
44 40 45 42 44 45 43 45 47 48
69
0
35 36 37 39 40 38 35 36 37 39
70
0
61 61 60 61 59 61 66 64 68 66
71
0
48 50 47 52 49 52 48 50 47 48
72
0
59 60 56 57 56 56 60 58 57 60
73
0
56 56 56 58 57 58 57 58 58 59
74
0
58 59 58 58 59 63 63 59 61 60
75
0
44 46 46 45 46 41 43 43 42 47
76
0
34 32 36 38 36 36 37 33 41 33
77
0
53 55 52 55 51 56 51 50 45 48
78
0
55 53 57 57 55 54 57 57 61 57
79
0
56 52 50 52 51 51 53 46 49 45
80
0
39 41 41 39 38 37 39 39 41 34
81
0
36 37 34 36 35 31 35 36 37 39
82
0
32 30 32 29 34 31 29 31 31 30
83
0
60 61 63 64 58 62 59 61 63 60
84
0
40 39 39 37 38 42 39 39 39 37
85
0
45 45 47 44 44 47 46 48 45 44
86
0
40 38 38 39 36 38 36 37 37 36
87
0
61 52 58 58 56 60 56 58 59 59
88
0
45 46 46 50 45 43 46 45 47 45
89
0
40 39 40 38 41 41 36 43 37 41
90
0
43 47 44 44 44 39 41 44 47 42
91
0
49 43 48 50 48 49 47 50 48 46
92
0
43 45 46 47 48 45 45 47 42 44
93
0
53 48 46 48 48 49 49 48 49 49
94
0
70 70 71 68 68 69 66 71 71 68
95
0
48 47 47 50 44 45 46 46 46 44
96
0
51 58 48 50 47 48 49 50 49 43
97
0
63 62 65 55 61 59 64 62 62 61
98
0
52 53 55 54 53 59 52 59 56 54
99
0
56 56 59 55 58 58 62 57 57 56
