100
10
652287
0
0
51 59 55 69 40 33 42 40 52 45
1
0
50 54 55 75 40 31 43 41 52 46
2
0
50 54 58 67 39 29 46 40 52 47
3
0
51 54 59 74 43 32 43 40 54 45
4
0
47 57 57 72 39 34 43 41 51 44
5
0
52 56 57 69 41 29 43 41 56 47
6
0
49 59 63 72 40 32 42 38 51 42
7
0
46 55 59 72 41 28 46 36 54 47
8
0
48 58 57 75 39 31 41 41 53 40
9
0
49 58 59 71 39 31 41 36 52 43
10
0
54 58 59 71 46 32 41 42 53 42
11
0
50 55 61 71 41 32 41 41 54 47
12
0
51 53 61 76 44 32 40 39 54 43
13
0
49 56 56 72 39 34 40 40 54 45
14
0
50 57 63 70 39 32 42 38 55 44
15
0
47 54 57 75 43 33 41 40 49 44
16
0
51 57 59 73 39 30 43 36 50 45
17
0
50 56 56 75 37 35 41 42 55 46
18
0
46 56 54 68 42 32 41 41 54 44
19
0
48 60 52 76 39 33 42 43 50 45
20
0
53 54 54 74 39 28 43 42 54 46
21
0
48 54 56 75 39 30 42 37 54 44
22
0
48 57 57 71 39 28 36 39 54 43
23
0
48 58 60 73 42 32 43 40 51 39
24
0
51 56 55 74 44 29 46 40 48 44
25
0
49 55 57 64 39 28 42 39 54 47
26
0
50 60 55 77 40 31 40 38 57 40
27
0
48 58 57 74 42 30 39 39 52 42
28
0
49 57 58 73 42 31 43 41 53 43
29
0
48 57 59 75 40 33 43 40 54 43
30
0
51 60 57 71 43 30 42 43 54 48
31
0
54 57 59 74 41 28 44 42 55 46
32
0
50 54 56 70 37 32 41 40 52 46
33
0
50 55 60 68 41 31 44 36 51 42
34
0
49 55 57 74 41 29 42 39 57 42
35
0
49 57 56 75 37 29 42 43 54 45
36
0
52 53 54 71 41 32 41 41 52 43
37
0
49 58 57 73 41 31 43 40 54 45
38
0
48 59 56 73 39 31 46 42 54 43
39
0
51 57 60 70 39 31 46 39 52 44
40
0
49 58 55 69 41 30 42 34 50 45
41
0
53 58 57 71 42 31 41 39 53 43
42
0
49 57 60 76 40 29 42 43 51 45
43
0
48 58 58 75 44 34 41 40 54 44
44
0
48 53 60 71 40 31 44 39 53 47
45
0
48 60 51 68 38 34 43 47 52 44
46
0
48 56 56 72 38 30 44 42 53 46
47
0
46 59 58 77 41 32 42 40 53 45
48
0
50 56 58 72 40 28 46 41 54 44
49
0
51 56 59 72 44 34 43 40 55 41
50
0
48 56 57 72 42 28 42 40 53 44
51
0
53 60 58 78 42 30 40 39 55 43
52
0
51 57 59 75 35 31 43 39 52 45
53
0
46 58 57 70 40 29 42 40 54 45
54
0
51 57 60 71 41 31 42 37 50 44
55
0
49 53 55 71 41 31 42 42 50 45
56
0
50 60 60 73 42 30 42 41 56 46
57
0
50 50 62 75 42 30 40 39 52 44
58
0
53 56 55 70 41 32 43 37 53 44
59
0
50 55 63 71 39 31 43 36 56 46
60
0
52 56 58 71 40 34 44 42 54 45
61
0
51 54 57 75 44 28 44 40 52 41
62
0
49 60 53 77 41 31 43 41 50 46
63
0
49 56 60 70 44 33 40 37 57 46
64
0
48 56 57 71 42 28 43 41 51 45
65
0
49 55 60 71 37 32 41 40 54 44
66
0
52 56 58 71 40 32 39 39 58 45
67
0
51 53 59 68 39 31 39 41 52 43
68
0
45 53 56 79 41 30 39 38 51 43
69
0
51 54 57 72 40 29 46 39 54 45
70
0
46 61 57 69 41 31 44 37 55 46
71
0
51 59 58 70 39 31 44 41 53 44
72
0
50 60 57 74 43 34 44 43 52 46
73
0
53 59 58 70 40 31 44 39 52 43
74
0
51 56 54 72 40 31 43 39 52 48
75
0
50 54 58 72 40 32 44 41 52 43
76
0
51 58 58 76 43 31 44 37 53 45
77
0
53 54 61 69 42 27 45 41 60 45
78
0
46 62 59 74 43 31 43 42 54 45
79
0
52 57 57 67 43 32 44 40 56 43
80
0
47 55 59 74 41 32 41 40 54 41
81
0
49 55 57 72 39 29 43 39 54 44
82
0
51 56 53 70 40 31 42 38 55 44
83
0
49 59 56 73 40 28 43 40 54 48
84
0
52 59 54 71 41 31 43 41 51 41
85
0
50 55 58 73 42 30 41 38 50 42
86
0
48 53 61 74 41 30 45 37 53 41
87
0
52 55 59 69 40 27 44 39 56 47
88
0
50 57 59 67 42 28 46 43 54 42
89
0
54 58 60 72 43 30 44 42 56 48
90
0
51 57 58 73 41 29 43 37 59 43
91
0
49 59 58 72 38 30 43 41 55 44
92
0
48 55 56 66 40 31 38 37 50 41
93
0
47 58 58 73 40 33 42 39 51 42
94
0
49 57 57 71 41 30 39 39 54 45
95
0
48 56 55 72 40 32 41 42 54 47
96
0
52 59 56 72 41 32 43 39 56 46
97
0
52 55 58 71 42 30 42 37 53 46
98
0
49 54 56 71 42 32 41 39 53 46
99
0
52 55 57 75 38 31 43 40 50 45
