50
5
35707
0
0
50 46 45 46 48
1
0
36 58 46 59 50
2
0
68 61 65 39 40
3
0
49 51 49 49 62
4
0
48 61 57 45 50
5
0
53 34 51 37 67
6
0
50 46 56 51 50
7
0
60 44 48 42 69
8
0
43 39 49 54 43
9
0
29 49 48 43 45
10
0
62 47 37 47 36
11
0
41 60 54 39 51
12
0
55 32 41 67 49
13
0
45 59 36 53 62
14
0
49 57 53 60 73
15
0
62 36 50 53 45
16
0
78 50 43 63 62
17
0
51 47 55 50 41
18
0
64 41 45 57 67
19
0
42 51 47 52 60
20
0
48 52 37 47 43
21
0
54 57 53 52 44
22
0
63 61 28 49 47
23
0
42 59 55 67 48
24
0
52 26 75 38 56
25
0
42 54 51 51 55
26
0
49 63 60 42 37
27
0
65 54 53 62 50
28
0
54 57 51 62 53
29
0
39 57 46 40 40
30
0
35 42 76 41 55
31
0
46 48 63 47 54
32
0
62 50 54 56 48
33
0
68 51 60 36 54
34
0
47 58 60 51 60
35
0
59 53 67 69 37
36
0
37 55 61 42 47
37
0
41 44 41 77 49
38
0
54 60 50 49 38
39
0
54 60 51 53 49
40
0
41 54 70 73 53
41
0
50 74 45 27 56
42
0
46 55 56 52 35
43
0
31 47 63 31 32
44
0
52 57 52 49 40
45
0
54 57 31 36 44
46
0
47 63 67 38 31
47
0
60 50 42 36 52
48
0
77 48 71 59 57
49
0
64 44 65 52 56
