100
20
919651
0
0
52 50 31 46 54 41 49 63 53 57 61 40 45 57 42 41 50 53 56 71
1
0
59 53 32 43 53 44 49 63 51 62 60 41 43 60 41 40 49 52 54 71
2
0
58 49 32 46 56 40 47 64 50 62 62 42 42 61 42 38 48 56 53 77
3
0
60 52 32 46 53 42 48 63 51 59 61 40 44 66 44 42 49 52 56 75
4
0
55 51 30 45 52 42 50 61 48 63 64 38 44 56 38 40 47 60 55 72
5
0
60 52 32 46 51 40 49 60 50 60 63 40 43 65 43 43 52 53 53 70
6
0
55 46 34 45 51 41 47 62 50 57 62 43 41 61 43 42 52 51 56 76
7
0
55 52 31 42 51 40 48 60 49 57 57 41 40 62 44 40 52 53 57 76
8
0
59 51 32 44 53 40 49 59 53 60 64 42 44 61 44 41 47 53 55 77
9
0
56 51 30 45 54 40 48 61 49 60 64 43 41 59 43 39 49 53 56 73
10
0
57 53 34 44 54 42 52 63 48 62 62 40 42 61 39 39 50 53 56 77
11
0
55 53 30 45 52 42 49 66 52 60 63 40 42 58 41 39 50 55 56 72
12
0
55 52 29 47 46 45 47 63 51 59 62 41 45 66 42 43 49 55 56 72
13
0
56 51 32 45 53 41 50 62 50 61 57 42 40 59 41 39 49 55 55 71
14
0
56 50 30 46 54 41 48 61 52 59 62 39 44 62 39 42 52 55 54 73
15
0
57 52 35 42 54 44 49 65 49 59 61 43 40 64 44 40 52 52 53 73
16
0
57 55 32 44 54 46 45 61 51 59 63 42 42 61 41 41 51 53 54 74
17
0
55 53 32 43 53 45 48 61 50 60 62 40 42 61 37 41 47 55 56 75
18
0
61 54 29 50 53 37 50 61 52 60 65 40 44 60 42 38 47 51 55 71
19
0
56 55 31 44 51 44 51 63 55 53 61 39 43 60 42 39 52 56 54 73
20
0
55 52 30 43 54 42 44 61 50 57 59 43 41 59 40 43 50 56 57 75
21
0
63 53 33 43 55 44 49 60 51 61 59 41 41 64 41 43 47 51 52 74
22
0
53 53 30 46 51 37 49 59 51 59 61 40 39 58 41 37 48 52 56 70
23
0
55 52 31 47 54 41 51 61 50 59 60 40 41 58 41 40 48 55 54 75
24
0
54 53 31 47 54 41 50 62 48 63 66 38 43 57 42 40 49 51 59 72
25
0
56 52 29 44 54 43 50 61 49 56 62 42 41 63 44 39 51 52 55 75
26
0
54 54 33 46 54 43 46 57 49 60 63 43 45 60 39 45 48 58 55 76
27
0
58 50 33 47 52 43 49 62 54 63 62 42 45 64 43 40 49 58 56 70
28
0
54 47 31 47 55 41 48 60 47 59 61 42 43 57 45 42 50 59 52 71
29
0
56 50 31 46 56 44 47 59 48 56 62 41 42 59 41 40 49 53 54 71
30
0
54 52 32 48 54 41 48 59 50 63 61 42 41 62 41 42 49 55 55 75
31
0
57 55 29 42 51 40 50 61 51 62 65 40 42 65 44 41 49 61 56 69
32
0
59 55 31 49 51 43 51 63 47 62 62 42 36 59 40 43 49 56 52 72
33
0
54 51 33 45 53 42 48 60 49 60 66 40 48 58 40 40 50 52 56 79
34
0
55 52 32 44 49 40 47 61 48 58 59 41 41 61 39 41 46 56 54 70
35
0
59 49 32 47 53 39 46 61 50 59 62 43 40 66 40 40 51 53 52 73
36
0
51 53 32 46 53 45 53 62 52 63 67 43 42 60 41 37 46 51 51 75
37
0
55 51 31 42 51 42 49 61 54 60 67 42 42 62 39 38 47 51 53 75
38
0
58 51 32 47 49 39 44 60 52 59 63 39 44 56 43 39 54 54 56 77
39
0
57 51 36 48 51 43 49 61 49 63 66 42 43 62 41 42 51 56 57 72
40
0
50 52 30 45 52 42 48 65 52 59 68 41 42 62 40 40 50 53 53 73
41
0
58 51 28 46 53 42 48 60 51 60 62 40 45 57 37 39 49 52 59 71
42
0
55 52 28 43 51 41 48 63 51 61 63 42 45 61 45 41 49 54 55 75
43
0
54 50 30 46 51 44 49 63 50 63 66 43 46 61 42 43 47 50 57 77
44
0
55 54 32 47 51 39 46 60 48 60 63 40 45 57 40 40 50 57 55 77
45
0
55 53 27 46 52 45 52 63 51 59 62 41 40 63 43 42 52 54 56 70
46
0
55 54 35 42 50 41 48 55 50 60 62 41 41 58 39 41 52 52 53 74
47
0
55 51 28 47 54 39 46 60 53 63 60 41 40 62 41 40 49 51 57 71
48
0
56 53 32 43 51 40 53 58 51 63 60 44 43 62 40 43 50 60 55 75
49
0
58 55 31 48 50 40 49 67 54 58 62 40 42 61 40 41 51 54 54 75
50
0
57 54 34 45 48 43 48 60 48 64 62 38 45 60 40 41 46 55 56 76
51
0
57 53 34 46 50 43 49 55 51 61 61 42 45 58 41 45 52 53 55 72
52
0
59 54 33 47 55 38 51 63 50 58 64 40 43 62 42 41 49 57 51 71
53
0
56 52 28 45 49 41 51 59 54 61 62 37 44 62 41 39 47 56 56 71
54
0
58 54 31 47 54 40 46 64 52 63 60 40 41 59 42 39 46 58 56 74
55
0
57 52 31 46 52 39 50 60 51 61 56 43 44 54 41 40 50 55 57 72
56
0
54 49 30 42 51 41 47 66 53 61 65 38 40 57 39 41 50 50 57 73
57
0
53 51 29 44 50 43 48 59 53 60 63 38 41 58 45 45 51 55 58 76
58
0
58 50 33 42 51 39 51 60 50 59 65 42 45 61 37 40 50 53 57 76
59
0
59 54 31 46 50 43 45 63 49 57 63 43 40 58 40 36 50 55 56 71
60
0
51 53 29 43 51 39 52 63 50 60 61 39 42 60 42 40 50 54 53 74
61
0
61 51 31 49 53 36 48 61 52 59 62 40 41 58 42 44 49 51 56 76
62
0
55 56 35 44 54 44 50 62 54 61 65 40 42 58 39 42 50 55 53 74
63
0
54 50 31 47 55 41 49 64 51 61 64 40 43 58 39 40 49 55 57 76
64
0
55 48 31 43 54 39 49 64 50 63 65 39 42 58 39 41 53 53 54 75
65
0
59 51 30 47 51 38 48 64 49 61 58 40 44 56 43 41 49 57 54 72
66
0
55 51 32 43 51 38 49 59 53 60 61 42 46 59 43 40 49 54 56 74
67
0
58 53 35 45 51 41 48 64 50 59 63 42 44 62 38 42 43 53 52 71
68
0
51 48 30 48 55 41 49 58 49 60 66 41 45 62 40 41 51 59 55 74
69
0
61 52 34 50 52 39 46 56 49 62 67 41 41 57 39 39 50 57 53 78
70
0
54 54 31 43 53 48 47 64 48 58 60 42 42 57 45 42 51 53 53 68
71
0
54 51 34 44 53 42 47 57 49 57 64 43 43 58 41 40 46 49 57 68
72
0
59 51 31 46 54 41 47 62 49 59 61 40 46 59 42 39 49 55 53 74
73
0
58 50 30 47 54 43 48 65 52 61 62 41 44 59 43 41 49 56 51 69
74
0
53 54 30 44 50 41 48 62 50 64 65 40 44 63 41 42 51 56 53 77
75
0
55 47 29 46 51 42 48 59 51 61 61 41 44 59 41 44 55 55 56 78
76
0
55 54 29 42 54 40 48 60 50 61 64 43 43 63 43 43 49 59 54 71
77
0
58 49 30 45 51 40 46 62 49 59 61 42 46 64 41 41 50 54 54 72
78
0
53 51 33 46 55 40 48 57 49 60 63 40 42 61 38 43 47 51 56 73
79
0
59 47 32 50 55 42 50 61 46 58 63 39 44 63 43 39 51 60 52 71
80
0
55 53 32 45 53 45 48 62 50 62 66 40 44 59 41 38 50 56 49 73
81
0
60 54 30 45 53 38 49 59 48 59 64 43 46 62 42 41 51 55 50 74
82
0
57 53 28 43 52 41 48 56 52 61 66 41 46 62 42 44 50 55 57 77
83
0
58 52 31 45 56 41 45 64 50 63 67 38 44 59 39 41 49 56 57 73
84
0
59 48 32 48 56 41 48 60 52 62 67 40 39 61 40 38 51 57 55 68
85
0
53 50 29 49 53 45 50 60 49 61 62 39 44 59 42 44 49 53 56 75
86
0
56 48 32 46 52 41 48 59 51 61 64 41 43 58 41 42 48 57 55 78
87
0
57 50 31 43 53 41 49 65 52 61 61 40 42 60 41 43 49 51 57 74
88
0
53 52 31 43 55 43 51 60 48 62 59 42 43 60 40 43 52 53 52 75
89
0
57 53 31 45 55 42 51 60 50 60 57 42 46 59 43 41 45 51 54 67
90
0
58 53 34 47 53 42 49 59 53 59 64 42 45 60 43 43 50 52 53 71
91
0
52 52 32 49 47 45 51 60 53 58 67 39 44 59 41 43 49 52 53 75
92
0
53 56 30 47 52 39 47 61 52 56 61 40 44 66 41 42 50 55 55 76
93
0
51 51 31 43 53 42 47 61 49 61 61 42 42 59 39 39 52 52 54 75
94
0
51 49 30 48 54 41 47 59 48 58 62 44 45 60 37 41 47 57 56 73
95
0
57 46 31 46 53 43 49 57 51 57 64 41 44 59 39 41 48 54 56 73
96
0
53 51 32 43 52 41 49 64 46 60 62 39 41 58 40 42 50 55 54 73
97
0
59 55 34 46 50 44 48 60 51 62 64 39 38 58 39 40 48 51 56 73
98
0
60 50 34 49 50 44 49 62 52 62 61 42 44 57 40 42 49 55 56 77
99
0
61 51 31 47 50 41 50 60 49 56 66 44 42 62 43 39 44 52 55 71
