200
20
281615
0
0
57 45 54 53 63 67 33 47 71 35 61 57 52 44 47 54 47 39 52 58
1
0
32 54 56 62 43 69 42 30 62 40 42 43 56 53 52 61 66 56 41 53
2
0
46 49 39 57 50 58 60 42 29 42 70 28 63 56 52 38 48 46 63 47
3
0
78 48 42 61 61 58 60 50 56 49 67 33 48 59 46 41 70 52 53 54
4
0
44 56 44 61 62 49 57 55 48 55 50 60 63 59 46 40 48 40 50 47
5
0
33 54 45 50 53 56 36 38 53 56 37 51 54 33 53 52 52 45 45 57
6
0
56 48 40 45 58 56 50 53 48 44 39 55 53 44 48 38 36 58 54 57
7
0
51 38 59 55 59 69 56 54 56 38 68 58 55 66 47 44 49 73 34 62
8
0
63 57 49 47 38 55 51 64 68 63 56 40 46 42 56 51 60 39 43 36
9
0
56 49 63 49 48 61 69 56 55 49 57 37 52 53 47 51 47 52 53 43
10
0
41 36 53 49 48 48 52 46 50 54 37 50 55 61 44 57 44 27 54 41
11
0
59 37 54 46 67 48 46 43 57 38 42 54 46 58 56 47 59 65 34 59
12
0
48 39 54 62 52 47 51 31 78 41 56 53 57 53 49 39 41 54 41 36
13
0
48 49 54 54 26 34 39 50 48 32 32 53 51 45 44 53 35 52 55 53
14
0
54 38 65 50 59 47 67 55 58 39 40 44 42 59 40 51 44 40 44 59
15
0
43 71 56 59 55 37 55 59 54 45 71 48 69 41 50 49 66 39 56 59
16
0
66 43 33 60 42 39 68 33 45 42 52 50 55 48 58 55 37 44 56 44
17
0
42 65 56 62 28 47 65 61 47 63 52 49 49 66 51 48 35 39 69 39
18
0
53 50 52 50 56 44 61 56 65 53 44 54 52 42 50 54 50 44 45 42
19
0
64 48 46 61 53 65 68 58 57 62 64 44 44 56 38 57 51 47 62 73
20
0
54 49 52 53 47 54 39 62 47 54 32 55 64 61 38 47 45 54 56 57
21
0
54 43 32 51 44 52 39 43 52 45 40 55 41 64 47 48 37 54 38 76
22
0
67 54 36 49 36 41 61 59 55 50 52 49 48 55 49 34 51 51 29 47
23
0
52 61 40 37 58 54 57 50 56 44 58 66 49 42 55 46 42 51 42 46
24
0
24 55 61 61 60 32 50 49 61 41 65 41 51 51 52 67 43 49 51 46
25
0
50 53 43 78 30 48 41 38 72 46 45 49 58 44 34 49 49 42 60 49
26
0
47 47 42 60 47 55 51 35 45 47 48 51 38 50 55 60 52 37 52 63
27
0
57 47 27 63 41 46 44 52 48 55 37 46 45 34 44 51 59 67 47 62
28
0
55 51 34 28 57 48 38 34 38 56 44 57 70 52 45 48 45 41 45 32
29
0
54 47 59 47 49 56 54 45 45 55 61 44 84 65 45 49 44 45 42 64
30
0
54 65 58 53 59 66 37 40 55 46 78 40 52 43 53 49 42 41 40 44
31
0
47 44 40 37 45 71 49 59 68 58 41 43 40 43 35 42 50 51 55 53
32
0
73 41 35 41 52 49 52 54 49 55 66 62 65 57 66 39 46 33 39 40
33
0
54 62 32 58 54 68 56 61 47 72 42 42 45 53 44 56 59 34 59 49
34
0
51 46 59 43 67 50 52 53 41 41 61 51 56 70 62 47 46 50 53 27
35
0
62 52 53 52 54 55 73 43 64 40 55 64 52 44 62 69 61 48 56 48
36
0
47 63 57 72 46 48 47 49 60 46 41 74 42 42 37 51 57 72 55 28
37
0
30 48 43 58 29 52 43 47 63 42 47 56 42 46 83 62 46 34 28 50
38
0
41 51 62 49 60 49 49 32 66 51 56 38 50 63 46 58 51 49 53 40
39
0
59 34 49 42 51 61 51 52 43 65 48 48 59 68 48 59 56 54 38 42
40
0
48 67 37 40 40 47 46 49 41 36 59 53 57 63 68 43 52 53 41 29
41
0
52 27 59 57 45 52 41 43 68 49 60 53 34 58 60 59 39 56 43 66
42
0
46 56 49 57 47 65 44 63 59 46 35 62 65 34 39 48 39 49 44 41
43
0
60 42 47 56 60 43 55 35 39 57 66 58 63 44 48 32 73 39 54 74
44
0
65 44 52 49 49 58 35 56 86 38 61 41 43 53 35 61 54 45 48 46
45
0
40 37 58 48 59 68 43 45 56 77 49 47 48 47 46 62 37 66 48 43
46
0
55 84 56 68 55 77 44 45 63 83 65 46 26 39 44 44 33 40 79 65
47
0
60 63 39 52 37 47 44 59 63 36 72 47 33 38 48 47 48 61 58 43
48
0
67 48 53 52 52 32 60 61 50 53 46 60 61 42 54 51 48 43 53 44
49
0
58 60 46 32 47 47 48 37 47 48 60 58 59 56 59 45 63 50 39 37
50
0
64 27 47 67 62 56 46 60 50 64 45 36 45 42 53 33 43 38 27 49
51
0
53 40 47 46 47 44 51 48 40 49 40 44 32 50 33 41 49 58 41 38
52
0
46 56 37 57 42 44 58 39 62 62 40 50 60 50 35 43 51 40 68 46
53
0
48 58 71 41 38 53 47 55 53 62 25 49 53 47 67 47 53 59 68 43
54
0
47 47 54 60 48 53 66 60 49 42 52 39 36 51 50 49 50 66 63 64
55
0
62 57 68 58 38 42 44 43 55 62 65 40 36 57 39 53 52 47 49 65
56
0
44 58 47 35 44 49 50 65 35 49 51 37 31 59 36 47 42 50 59 45
57
0
47 65 60 55 41 43 43 43 42 50 54 46 36 61 48 53 45 39 52 34
58
0
55 54 39 56 51 53 62 45 79 56 39 48 43 55 59 33 45 45 52 58
59
0
62 59 51 64 51 61 38 51 46 44 48 50 38 37 55 45 47 90 68 39
60
0
58 43 46 40 49 58 54 45 47 43 47 59 55 57 49 39 46 53 55 45
61
0
46 51 48 57 50 55 41 49 33 43 54 47 39 47 42 47 38 35 45 34
62
0
34 55 41 56 64 62 57 38 65 41 41 60 47 54 55 34 44 51 48 44
63
0
61 48 51 45 32 65 33 38 40 51 50 41 61 66 59 67 52 35 41 48
64
0
56 45 56 52 63 47 57 68 38 72 49 43 50 37 32 37 56 47 45 50
65
0
46 43 53 25 43 38 41 65 36 52 56 69 59 54 50 47 73 63 53 57
66
0
52 51 51 44 52 37 69 37 64 57 49 51 55 31 39 47 63 53 52 40
67
0
48 41 37 35 36 41 45 44 47 33 56 38 50 45 48 59 64 41 50 45
68
0
35 39 43 51 50 62 45 39 37 52 45 62 56 58 64 55 56 70 70 53
69
0
58 36 50 42 51 49 48 68 51 67 51 36 41 68 46 39 61 47 83 56
70
0
86 43 41 59 46 44 83 50 56 69 57 57 37 64 50 47 49 31 41 56
71
0
51 55 56 38 31 75 60 67 55 57 58 58 80 55 46 46 60 32 43 55
72
0
40 55 55 43 50 51 55 37 48 53 39 45 64 70 41 52 51 58 38 51
73
0
33 66 66 50 73 52 35 47 55 25 56 54 62 51 52 39 62 29 38 58
74
0
43 34 59 63 44 41 44 42 46 54 40 43 61 36 34 45 52 49 60 42
75
0
53 53 34 38 41 39 37 59 64 53 45 53 42 40 41 78 50 53 52 58
76
0
67 46 58 58 54 65 46 50 37 48 52 52 45 48 55 51 31 55 51 40
77
0
62 55 47 40 56 37 47 54 45 35 53 66 63 50 36 48 24 61 53 47
78
0
60 36 67 59 60 36 31 58 49 61 58 49 34 49 48 42 51 60 38 46
79
0
34 43 35 64 40 60 44 53 37 70 55 48 33 54 45 52 45 49 50 43
80
0
46 40 50 38 48 42 41 44 53 49 50 42 58 43 55 63 51 40 37 49
81
0
52 56 45 55 48 49 54 63 62 52 40 41 44 49 59 46 66 49 36 32
82
0
61 37 58 55 40 60 40 38 42 57 42 51 49 41 52 44 43 64 52 43
83
0
43 42 43 44 48 48 29 55 43 40 31 46 52 25 52 51 68 52 47 61
84
0
73 45 58 60 45 45 42 59 41 59 33 50 63 64 46 47 60 44 65 34
85
0
51 47 63 50 52 54 53 57 53 37 59 36 54 60 39 55 35 47 64 37
86
0
36 52 65 40 30 47 61 43 51 41 59 55 56 65 60 47 37 69 72 45
87
0
52 46 68 51 44 51 47 47 44 54 38 39 52 41 46 44 34 52 48 45
88
0
42 55 55 61 38 53 59 44 56 58 52 44 51 53 74 50 60 71 36 57
89
0
38 45 43 49 37 47 36 58 69 53 56 58 61 45 40 38 37 55 53 62
90
0
36 47 40 30 37 55 46 45 38 54 49 44 40 50 46 62 51 48 80 42
91
0
66 52 48 41 76 52 40 64 67 47 54 60 60 49 32 40 58 49 48 52
92
0
61 52 63 58 50 51 71 50 57 41 36 50 40 49 44 43 53 55 60 52
93
0
37 49 49 54 47 49 40 36 44 48 35 56 61 43 35 53 70 66 58 46
94
0
64 42 53 20 45 46 43 49 45 49 36 69 59 49 54 55 59 42 56 29
95
0
56 37 43 48 50 49 52 58 44 49 52 51 52 67 38 61 52 49 59 41
96
0
56 44 35 55 58 52 59 43 64 42 47 47 64 36 45 56 50 53 45 49
97
0
54 36 48 48 40 48 62 41 61 47 50 46 29 45 52 42 66 46 56 55
98
0
45 53 63 68 54 58 38 43 44 40 34 60 61 43 40 51 49 52 61 60
99
0
66 64 62 41 44 48 64 40 42 60 33 61 50 55 29 63 50 47 56 66
100
0
60 69 33 65 42 46 48 45 48 47 54 72 35 30 71 67 35 55 40 41
101
0
52 42 59 56 59 50 74 49 42 49 61 38 41 51 48 59 42 52 54 52
102
0
42 45 48 54 55 70 45 44 66 47 43 55 55 53 62 55 54 43 52 54
103
0
73 60 39 53 54 58 59 55 76 45 46 59 65 46 60 45 59 69 41 56
104
0
51 61 49 38 73 43 40 62 47 73 51 42 50 53 40 44 56 50 37 45
105
0
55 57 41 69 52 40 56 74 58 44 35 35 58 22 46 59 44 46 35 69
106
0
54 52 36 72 46 33 53 52 64 68 59 68 59 52 43 54 56 48 67 44
107
0
65 49 48 75 55 53 48 39 48 57 48 60 36 38 49 60 36 49 53 51
108
0
39 66 29 35 57 49 57 38 61 44 39 49 44 46 54 64 50 61 33 77
109
0
48 58 62 45 61 53 40 60 58 40 50 44 60 44 41 46 33 56 41 54
110
0
44 65 37 41 56 53 26 52 52 66 64 41 55 49 37 69 56 50 45 71
111
0
59 32 49 45 54 57 43 73 43 62 41 38 40 74 59 58 63 45 42 68
112
0
44 57 55 47 34 49 41 48 47 27 41 48 44 49 63 48 49 45 52 58
113
0
56 48 41 40 39 46 70 32 45 46 45 67 41 60 68 52 43 40 39 56
114
0
57 58 55 55 42 40 65 45 44 42 49 58 48 58 44 53 56 38 61 43
115
0
70 41 48 77 39 37 38 54 57 47 55 54 44 46 47 57 59 49 48 53
116
0
48 33 36 70 62 41 21 55 61 55 54 55 51 29 83 42 46 37 51 35
117
0
40 61 49 42 54 41 48 52 54 50 48 52 57 45 34 38 54 48 44 67
118
0
48 44 44 52 74 45 37 44 49 48 66 42 48 55 75 54 55 44 39 48
119
0
46 51 32 47 36 57 58 49 71 36 48 41 49 50 47 42 47 67 50 63
120
0
49 55 52 49 61 55 58 50 47 64 50 55 51 53 51 66 52 42 42 42
121
0
51 57 47 40 55 36 65 48 51 39 53 29 56 54 35 59 47 55 38 39
122
0
45 45 51 44 35 58 37 43 24 28 54 52 41 57 56 59 49 63 40 58
123
0
41 61 28 56 49 59 57 48 29 34 69 50 57 72 60 74 49 45 47 40
124
0
62 54 69 50 62 40 58 27 61 57 33 58 67 41 47 42 56 39 38 42
125
0
47 46 40 37 63 51 46 57 56 44 31 34 38 43 45 50 43 54 41 60
126
0
32 60 59 56 47 68 46 39 50 37 55 53 48 46 50 58 48 48 54 56
127
0
43 55 70 59 48 44 49 43 60 64 59 57 44 56 58 43 49 45 57 42
128
0
60 40 43 60 52 39 56 44 59 36 54 54 47 52 46 65 57 52 54 44
129
0
44 51 46 50 53 47 53 47 46 42 38 46 42 51 49 49 32 66 59 53
130
0
43 62 44 65 30 35 34 68 50 53 49 45 44 33 51 46 55 35 54 48
131
0
60 47 63 71 50 45 46 52 51 35 51 43 47 56 44 32 61 51 45 32
132
0
36 63 37 39 55 45 61 56 47 32 47 49 67 40 48 35 54 44 53 53
133
0
51 45 55 38 49 43 46 49 35 43 69 65 45 47 59 47 64 51 53 47
134
0
31 50 57 40 40 44 40 61 72 42 44 46 47 47 60 41 34 53 68 51
135
0
36 37 42 60 46 59 40 49 56 46 50 55 75 50 42 47 55 58 46 39
136
0
45 59 55 48 53 39 41 38 46 51 37 52 42 70 38 64 49 44 43 50
137
0
44 40 56 41 48 42 33 37 56 57 53 60 43 47 41 61 51 60 72 41
138
0
49 61 54 47 75 47 35 52 50 38 30 36 54 42 46 49 56 44 49 40
139
0
50 50 53 47 37 61 50 61 52 57 50 41 36 66 64 50 57 40 57 44
140
0
60 53 62 46 44 38 61 44 45 47 61 50 42 59 51 46 52 41 52 38
141
0
37 59 28 45 45 44 48 60 39 43 43 66 57 52 46 48 59 34 49 42
142
0
48 53 50 53 57 40 40 57 58 68 34 57 59 44 40 56 59 58 54 46
143
0
76 46 67 54 41 40 59 33 64 54 37 43 51 68 62 42 51 42 62 55
144
0
52 41 61 42 40 77 47 60 51 48 53 55 43 42 38 47 45 50 60 47
145
0
47 51 75 43 34 54 53 42 44 46 49 42 50 42 48 34 51 51 47 45
146
0
46 49 57 55 57 53 33 51 52 34 47 38 59 41 58 42 45 56 65 45
147
0
36 60 57 62 43 63 50 49 64 41 37 40 58 49 45 46 54 48 75 42
148
0
53 48 68 63 61 44 63 43 52 63 48 71 46 57 38 39 39 46 60 47
149
0
56 52 42 58 34 55 58 69 44 59 52 39 36 52 44 46 47 48 48 63
150
0
41 39 67 49 49 57 40 37 56 47 58 40 47 54 50 76 34 42 50 58
151
0
39 43 32 66 55 53 57 61 52 54 43 69 70 37 41 38 39 63 54 66
152
0
46 47 47 49 69 54 62 46 53 37 29 40 39 27 45 44 31 51 42 42
153
0
59 46 64 48 42 57 62 59 41 39 44 66 59 52 34 59 48 30 51 57
154
0
59 54 59 45 57 53 56 31 42 47 71 41 55 62 62 44 37 57 57 50
155
0
45 45 45 53 42 42 37 47 63 48 46 56 59 54 42 64 41 47 38 66
156
0
54 46 52 47 38 47 49 40 34 45 55 43 50 35 58 48 48 50 32 66
157
0
51 33 55 63 37 43 46 62 47 43 45 48 39 45 51 39 37 26 63 70
158
0
62 60 45 46 46 50 57 60 44 55 46 42 47 41 36 39 44 45 50 53
159
0
37 54 59 60 50 55 61 53 45 45 55 46 49 52 55 52 61 65 36 52
160
0
45 50 45 69 49 54 56 71 42 38 57 62 53 75 43 53 58 57 74 42
161
0
48 55 55 48 62 42 68 63 40 49 69 53 42 58 52 34 57 37 36 75
162
0
52 35 43 35 34 42 64 47 47 50 75 33 45 43 46 37 40 47 48 52
163
0
47 31 60 46 49 58 38 47 60 64 53 48 54 44 50 40 66 55 32 49
164
0
67 39 41 52 55 54 47 44 52 48 49 60 37 67 54 54 49 37 41 43
165
0
57 42 56 50 47 41 50 39 56 60 47 36 41 60 55 38 76 59 58 54
166
0
51 50 47 58 43 45 59 57 47 52 45 66 50 54 47 51 46 62 39 50
167
0
42 53 61 55 52 56 39 44 35 42 51 46 58 46 48 54 51 45 48 43
168
0
69 52 44 47 46 52 54 40 51 39 28 45 55 59 48 48 49 51 42 47
169
0
41 49 43 68 36 67 50 39 45 45 41 56 58 39 34 40 80 52 52 41
170
0
84 45 34 46 32 29 40 41 57 58 39 61 68 56 58 43 47 43 66 60
171
0
48 70 72 46 42 43 36 35 48 41 43 62 46 44 70 56 64 46 48 56
172
0
40 42 49 37 67 50 50 52 61 40 55 36 37 33 52 51 30 59 38 52
173
0
77 43 45 69 45 54 39 47 49 52 52 53 48 51 42 51 60 44 54 52
174
0
63 51 56 46 54 45 53 40 56 49 41 56 36 63 69 48 50 50 48 55
175
0
35 51 45 59 57 28 53 43 56 51 53 72 52 37 41 59 37 64 48 59
176
0
43 29 61 64 40 42 62 49 44 39 30 46 43 55 43 52 55 46 32 61
177
0
48 43 42 55 43 53 42 48 53 52 50 65 32 59 53 53 52 47 52 52
178
0
42 36 42 55 52 61 62 59 42 50 43 48 64 48 63 27 48 27 39 44
179
0
42 55 58 53 70 52 77 34 72 53 47 47 43 44 68 40 32 42 50 47
180
0
36 42 42 72 48 44 59 52 49 44 55 56 44 67 51 39 41 52 46 51
181
0
45 31 63 54 47 38 49 45 55 59 48 38 50 40 54 61 56 55 55 34
182
0
68 43 57 53 57 46 79 38 41 52 39 48 38 55 52 37 50 52 51 33
183
0
48 43 41 59 34 27 54 59 58 57 66 35 55 56 56 57 59 42 51 63
184
0
36 54 49 46 54 47 46 50 54 51 51 57 49 54 71 68 60 47 48 33
185
0
43 57 42 49 38 40 60 49 52 43 39 65 62 70 40 43 50 44 55 48
186
0
46 44 64 43 59 50 55 56 40 50 47 44 41 50 44 49 51 50 45 52
187
0
72 50 38 36 65 54 64 51 70 65 38 47 45 66 44 62 48 69 54 38
188
0
56 48 68 43 56 50 45 39 36 39 47 38 42 51 51 52 35 59 59 54
189
0
33 68 54 59 49 53 57 49 47 57 59 55 39 57 54 47 65 41 63 52
190
0
37 29 64 47 49 63 56 58 44 45 41 50 57 68 50 45 37 42 56 52
191
0
58 73 35 68 46 54 35 62 61 56 44 45 33 54 60 36 52 58 43 52
192
0
59 60 39 57 34 59 49 39 42 53 65 52 58 56 49 40 38 49 60 40
193
0
48 59 48 48 54 56 33 37 45 50 47 36 46 50 41 55 47 43 36 67
194
0
54 52 54 43 64 67 47 56 49 53 44 35 67 69 62 51 60 31 47 77
195
0
46 51 56 53 65 52 44 47 64 31 51 34 46 40 52 42 29 51 58 42
196
0
54 75 35 41 41 56 60 63 45 45 37 58 61 50 53 47 49 44 47 43
197
0
66 50 55 62 45 58 58 55 46 47 46 44 53 80 53 50 64 53 51 47
198
0
44 35 58 41 62 38 48 46 30 36 48 43 50 71 24 63 57 45 31 55
199
0
70 66 43 48 50 51 54 43 28 57 65 45 67 46 59 60 47 35 47 31
