50
20
755856
0
0
55 59 55 58 55 51 58 56 60 49 55 55 56 54 54 52 56 57 56 57
1
0
34 31 30 31 28 31 30 30 30 30 30 32 31 34 30 34 28 30 31 32
2
0
43 46 45 49 48 51 49 50 50 51 49 46 47 51 47 47 50 46 48 49
3
0
68 65 63 67 65 65 66 64 64 71 63 69 66 62 67 61 63 65 69 62
4
0
50 43 49 47 50 46 46 46 48 45 46 47 46 47 47 47 46 46 50 44
5
0
35 34 38 37 35 37 34 37 39 38 36 37 35 36 37 37 36 34 38 37
6
0
43 46 48 44 42 43 42 44 38 42 43 39 42 43 46 43 45 44 43 44
7
0
52 53 54 53 52 55 57 53 50 53 52 53 53 53 53 52 53 55 55 51
8
0
43 45 39 42 46 45 45 39 43 44 43 43 43 44 43 45 45 44 42 43
9
0
36 32 32 37 31 33 33 33 32 35 34 33 35 33 35 35 34 33 35 34
10
0
62 56 61 60 56 58 57 58 59 60 55 56 62 58 61 59 60 57 59 58
11
0
33 32 31 31 33 34 33 34 31 33 33 31 33 33 29 30 31 34 34 29
12
0
43 46 45 46 43 48 44 46 46 44 47 42 47 47 47 45 45 47 48 43
13
0
56 56 56 60 61 59 62 60 57 59 56 59 61 57 57 57 60 58 56 59
14
0
51 57 60 56 55 55 63 54 58 57 56 60 58 60 55 58 58 56 56 53
15
0
55 53 55 56 55 51 55 55 52 54 56 57 56 53 57 57 54 54 58 56
16
0
48 47 47 47 45 48 48 50 50 46 49 49 44 48 46 49 49 50 48 45
17
0
49 53 45 48 48 52 47 46 48 47 48 44 50 51 52 49 53 48 46 48
18
0
43 43 52 51 42 43 45 46 47 48 43 51 47 49 42 47 49 48 48 47
19
0
55 50 49 53 50 53 49 54 52 51 55 53 52 52 49 51 53 50 49 54
20
0
67 64 66 65 70 66 65 69 66 64 67 64 70 66 71 72 63 65 67 71
21
0
44 44 47 42 46 45 47 45 47 47 43 48 48 46 49 48 43 43 42 45
22
0
56 60 60 54 55 56 55 55 54 57 60 55 58 56 54 54 56 54 57 56
23
0
40 42 38 42 43 44 42 43 38 47 41 44 42 45 38 41 46 44 43 41
24
0
42 42 43 43 41 41 43 39 43 41 41 40 40 36 39 43 39 40 41 40
25
0
49 52 46 50 50 54 53 49 54 51 51 48 54 55 47 53 53 49 49 54
26
0
42 39 40 42 40 44 44 42 36 42 40 42 43 42 44 41 40 43 42 43
27
0
45 48 50 48 49 48 49 46 49 49 51 50 46 48 48 50 50 47 45 48
28
0
38 40 43 38 41 46 45 41 38 40 41 42 40 40 42 40 41 43 39 39
29
0
47 47 44 49 49 45 46 46 45 47 43 43 47 49 46 48 47 45 47 47
30
0
55 55 51 52 55 55 56 60 55 53 49 52 54 49 52 58 54 53 52 54
31
0
50 51 51 48 50 53 49 47 48 51 49 49 51 48 51 51 51 51 47 49
32
0
48 43 43 44 45 44 44 46 45 47 42 42 44 40 42 43 42 41 39 40
33
0
63 60 60 59 60 58 59 59 59 57 61 61 58 55 65 63 62 61 59 64
34
0
47 46 44 49 47 48 48 49 47 45 49 48 48 48 49 45 49 48 47 45
35
0
47 47 46 47 48 47 45 47 46 44 44 47 45 46 44 50 49 48 44 48
36
0
42 39 41 40 43 44 43 40 40 39 42 42 41 45 39 38 42 37 39 39
37
0
31 31 33 33 31 32 30 29 31 31 35 31 33 31 32 31 31 30 30 30
38
0
57 56 56 52 59 56 56 57 60 58 58 57 60 57 59 54 57 58 51 52
39
0
49 48 48 48 48 50 51 47 48 50 49 46 46 49 48 48 48 45 44 50
40
0
31 31 33 31 28 32 31 30 31 32 29 35 28 32 32 30 29 30 33 30
41
0
54 49 44 46 52 48 49 49 47 51 51 49 49 48 49 45 51 48 50 48
42
0
50 45 45 45 46 47 48 45 45 46 44 48 50 49 47 48 44 46 43 46
43
0
52 52 51 52 53 51 51 46 51 51 53 50 51 51 53 52 57 54 48 55
44
0
49 46 49 50 51 52 47 52 51 50 51 46 51 51 49 51 50 50 50 50
45
0
51 53 51 54 50 51 50 49 52 49 48 49 50 52 49 48 49 57 52 49
46
0
38 40 38 36 37 33 36 40 35 41 35 36 35 40 39 40 37 37 37 36
47
0
48 49 50 51 49 48 53 50 48 48 49 48 47 50 47 50 49 51 52 50
48
0
55 58 56 56 57 55 59 59 58 56 60 59 57 58 60 56 56 55 59 57
49
0
64 69 66 67 67 71 70 69 66 64 70 65 68 71 68 68 73 66 64 72
