200
10
889967
0
0
52 53 45 53 54 51 60 55 60 43
1
0
49 54 47 50 55 53 60 57 63 41
2
0
50 58 49 52 57 50 59 53 57 44
3
0
49 57 49 47 58 51 60 57 58 44
4
0
49 52 43 50 56 58 52 59 62 42
5
0
53 56 45 49 57 54 53 56 63 46
6
0
51 53 46 50 59 51 55 59 58 43
7
0
47 52 48 46 56 52 58 58 62 41
8
0
48 56 46 51 56 50 60 58 62 43
9
0
52 56 48 51 56 50 57 62 57 43
10
0
50 52 46 47 55 53 56 58 59 44
11
0
48 52 45 56 55 49 58 59 63 42
12
0
53 55 44 46 57 57 59 55 63 42
13
0
54 53 46 50 53 59 59 61 59 43
14
0
52 54 44 50 60 50 55 61 61 42
15
0
51 53 44 47 53 47 53 54 61 44
16
0
52 52 46 49 54 49 57 51 62 44
17
0
47 52 46 48 52 55 56 60 62 46
18
0
52 56 46 56 58 57 59 56 62 48
19
0
47 58 50 47 55 49 56 60 62 47
20
0
52 54 49 51 58 53 55 56 60 44
21
0
48 58 46 51 52 48 60 59 60 47
22
0
48 56 52 51 58 56 57 55 63 43
23
0
53 52 49 46 52 51 56 59 62 45
24
0
50 51 44 48 54 50 59 55 60 46
25
0
50 51 42 50 58 54 55 54 58 42
26
0
46 52 45 54 56 51 57 56 62 42
27
0
52 55 49 52 58 56 60 57 55 46
28
0
49 53 50 50 56 54 56 58 62 45
29
0
51 55 48 47 56 56 56 58 63 43
30
0
53 53 52 51 57 53 58 58 62 40
31
0
47 52 47 53 58 53 58 57 61 45
32
0
48 52 45 49 56 54 54 54 62 43
33
0
47 54 47 52 57 54 55 56 57 44
34
0
46 60 48 51 57 49 57 57 58 42
35
0
49 53 44 49 54 54 55 58 59 44
36
0
53 53 46 47 57 49 57 57 59 43
37
0
55 57 42 50 58 53 54 58 63 45
38
0
51 53 48 52 56 48 59 57 59 43
39
0
52 52 47 51 59 51 62 60 62 43
40
0
48 57 44 50 56 51 54 56 61 44
41
0
49 51 43 50 55 54 62 57 61 46
42
0
49 56 47 52 55 52 58 60 60 46
43
0
47 52 42 50 57 50 58 56 63 46
44
0
49 54 45 52 56 48 58 55 60 44
45
0
49 53 46 51 57 53 54 61 56 43
46
0
47 55 48 50 56 52 58 56 61 46
47
0
50 56 45 49 55 52 60 55 60 43
48
0
52 51 48 46 56 48 61 55 60 45
49
0
51 56 45 49 56 52 59 59 60 42
50
0
51 55 44 53 52 51 59 60 59 47
51
0
54 54 48 49 54 53 60 56 60 44
52
0
50 54 44 48 55 52 55 58 60 45
53
0
52 52 45 49 59 55 60 54 62 44
54
0
51 52 44 48 57 55 58 58 59 41
55
0
49 53 45 50 57 52 56 57 59 44
56
0
53 56 46 51 51 54 58 58 62 44
57
0
53 52 46 49 58 53 60 59 63 43
58
0
50 55 48 49 57 52 59 57 58 44
59
0
54 56 44 46 55 54 59 55 66 40
60
0
55 58 45 51 57 52 60 56 65 42
61
0
52 52 47 49 53 51 58 61 65 45
62
0
47 54 48 54 57 55 59 56 61 42
63
0
53 59 44 51 59 49 60 56 61 44
64
0
48 56 47 52 55 54 57 54 62 45
65
0
51 56 46 48 60 53 57 49 58 42
66
0
47 53 42 49 55 53 67 57 59 43
67
0
51 59 44 49 55 51 57 56 63 46
68
0
50 54 45 50 58 53 53 55 64 44
69
0
51 51 44 51 56 55 56 52 64 42
70
0
49 50 45 54 55 50 56 58 61 43
71
0
52 56 48 53 53 52 54 57 63 48
72
0
49 55 48 46 55 48 56 52 64 48
73
0
54 54 45 48 53 51 59 56 64 45
74
0
56 51 50 47 57 54 56 59 60 44
75
0
50 55 45 49 55 51 56 55 57 45
76
0
50 55 47 48 58 54 58 59 61 44
77
0
50 55 44 55 55 53 59 59 60 43
78
0
51 54 44 47 57 55 64 56 61 46
79
0
48 54 44 48 55 57 57 56 59 43
80
0
49 59 43 47 59 56 57 58 58 44
81
0
48 57 49 44 56 55 56 61 59 46
82
0
49 56 47 48 56 54 58 57 60 44
83
0
47 56 48 48 58 51 58 59 58 44
84
0
52 56 50 51 58 54 60 57 61 45
85
0
49 57 44 54 57 52 61 59 59 41
86
0
49 57 45 46 59 51 58 55 58 45
87
0
49 53 45 47 58 51 53 57 61 47
88
0
54 53 47 48 58 56 56 58 63 41
89
0
55 56 43 48 55 53 57 56 59 43
90
0
53 53 49 51 51 51 59 56 60 46
91
0
51 57 46 47 55 52 58 55 61 45
92
0
47 54 51 51 54 50 59 56 61 46
93
0
47 53 44 51 55 52 60 60 57 46
94
0
51 56 48 50 57 51 61 57 61 43
95
0
49 55 46 49 55 53 58 54 62 44
96
0
49 51 49 54 54 50 61 57 60 46
97
0
51 54 42 50 53 53 53 61 58 47
98
0
52 53 46 49 57 54 57 58 61 45
99
0
48 56 48 49 54 52 53 59 61 43
100
0
50 56 48 48 59 49 58 57 65 41
101
0
48 56 46 50 60 52 58 58 57 44
102
0
53 54 44 49 57 53 58 57 57 45
103
0
50 55 47 47 52 54 59 57 58 42
104
0
50 56 43 48 53 51 58 56 62 42
105
0
51 53 46 50 53 51 54 58 62 46
106
0
53 51 47 46 58 53 55 59 61 42
107
0
50 58 45 53 56 56 58 57 60 43
108
0
48 52 50 52 54 53 53 56 61 44
109
0
55 52 45 48 57 54 61 55 57 45
110
0
51 56 46 49 59 51 58 54 59 47
111
0
53 54 48 51 53 55 57 61 64 41
112
0
49 54 48 50 57 55 56 60 63 48
113
0
51 52 46 51 56 51 58 58 60 46
114
0
48 56 48 49 55 50 55 57 62 43
115
0
49 54 45 52 52 53 60 56 60 45
116
0
50 55 45 48 58 50 54 53 56 48
117
0
47 54 42 50 57 48 59 55 59 46
118
0
53 50 49 47 55 49 53 62 66 45
119
0
49 56 46 47 57 51 55 57 62 43
120
0
51 51 49 52 58 53 60 60 58 48
121
0
48 52 47 50 56 48 62 56 59 44
122
0
51 57 47 48 59 50 55 57 57 45
123
0
49 56 45 53 51 51 57 57 55 41
124
0
51 51 45 50 57 52 59 56 58 45
125
0
46 51 45 51 56 53 60 64 61 46
126
0
48 52 45 48 55 49 61 57 65 43
127
0
50 52 47 52 55 54 59 58 62 42
128
0
48 55 50 49 51 52 60 58 59 42
129
0
48 51 43 51 61 55 57 56 63 44
130
0
50 56 49 48 57 53 56 58 62 46
131
0
48 53 43 47 61 50 58 55 63 45
132
0
49 58 47 50 53 55 56 53 59 44
133
0
48 51 44 52 56 53 59 58 60 43
134
0
50 51 45 50 53 55 57 57 61 43
135
0
54 54 44 47 55 49 63 64 63 41
136
0
50 53 46 49 55 54 61 60 64 41
137
0
48 51 46 46 60 51 59 54 57 41
138
0
51 55 47 49 55 56 54 56 59 48
139
0
49 54 45 51 57 52 57 57 61 42
140
0
53 56 46 54 55 50 55 56 66 42
141
0
48 50 46 52 56 56 60 57 60 47
142
0
55 54 44 47 56 52 59 58 66 44
143
0
52 55 47 52 57 50 55 56 60 48
144
0
50 58 49 49 57 52 55 59 58 46
145
0
48 50 49 50 54 50 56 58 58 44
146
0
52 52 43 49 55 53 55 57 60 45
147
0
52 54 48 49 57 50 56 61 59 44
148
0
49 51 45 48 58 51 57 62 54 43
149
0
48 53 52 52 57 52 58 51 61 40
150
0
51 55 48 48 54 51 59 55 63 43
151
0
52 56 44 49 56 52 51 55 66 45
152
0
49 54 45 50 57 52 62 55 59 42
153
0
50 56 44 52 55 52 57 63 64 48
154
0
50 57 47 50 56 52 57 53 61 45
155
0
49 54 45 49 52 51 57 58 63 47
156
0
51 51 47 54 55 52 58 60 61 44
157
0
48 55 47 50 55 51 61 57 60 41
158
0
49 54 45 52 56 51 57 56 60 43
159
0
51 55 46 51 56 51 56 60 62 42
160
0
52 56 46 48 52 51 60 57 56 48
161
0
50 52 49 47 59 50 63 58 58 41
162
0
52 53 42 51 57 60 63 60 60 41
163
0
48 57 47 47 58 54 56 59 63 44
164
0
50 55 45 50 58 52 59 55 65 46
165
0
52 55 42 48 57 49 58 56 63 44
166
0
50 52 45 48 58 47 57 56 57 45
167
0
53 51 46 49 53 55 58 61 59 44
168
0
50 54 46 49 54 52 62 59 57 44
169
0
50 57 47 46 55 49 60 55 62 45
170
0
53 55 50 50 54 52 59 54 59 43
171
0
52 56 44 46 55 53 56 60 62 40
172
0
52 52 49 53 52 48 57 54 61 43
173
0
48 55 42 54 55 53 58 58 61 39
174
0
48 56 46 49 62 51 58 57 65 43
175
0
51 53 49 49 57 49 59 60 66 43
176
0
50 55 42 48 56 51 56 58 58 44
177
0
45 53 46 48 58 54 60 62 62 44
178
0
46 56 45 47 54 52 55 53 59 48
179
0
54 53 46 52 58 53 59 56 63 42
180
0
53 56 44 52 54 49 57 58 62 45
181
0
53 54 44 48 53 56 56 57 60 44
182
0
53 52 53 49 56 50 57 58 53 43
183
0
50 53 41 48 55 51 60 58 66 44
184
0
48 55 48 51 57 54 58 61 60 47
185
0
53 54 49 51 56 53 56 57 60 45
186
0
52 56 42 49 51 58 58 57 62 42
187
0
49 60 47 53 57 53 57 59 63 41
188
0
54 56 47 48 56 51 59 54 60 44
189
0
50 52 46 48 53 57 56 58 63 45
190
0
48 56 49 48 53 53 58 59 60 42
191
0
52 54 48 45 57 49 60 54 59 41
192
0
48 55 49 51 53 50 59 57 64 43
193
0
51 54 47 53 56 53 57 54 59 46
194
0
51 51 44 51 57 53 61 60 60 44
195
0
50 57 46 48 54 53 53 59 62 41
196
0
48 51 51 52 55 53 56 60 63 45
197
0
48 55 45 52 54 50 58 55 61 41
198
0
47 53 49 51 55 51 61 58 61 40
199
0
48 57 46 50 54 53 57 56 57 46
