200
5
151911
0
0
51 51 47 36 43
1
0
49 51 44 34 42
2
0
52 52 46 39 43
3
0
49 48 43 35 41
4
0
49 51 48 35 46
5
0
50 53 44 36 44
6
0
53 51 46 37 41
7
0
52 50 43 37 39
8
0
56 49 44 33 41
9
0
51 48 49 33 42
10
0
46 48 46 37 41
11
0
52 52 50 34 43
12
0
53 51 46 37 41
13
0
53 50 51 34 41
14
0
51 51 46 32 42
15
0
56 51 46 33 44
16
0
53 54 45 37 43
17
0
52 51 46 34 44
18
0
50 51 47 33 39
19
0
52 48 49 33 40
20
0
51 53 46 38 41
21
0
51 50 46 36 41
22
0
53 53 51 37 45
23
0
49 54 44 35 42
24
0
51 51 46 36 44
25
0
48 49 49 34 44
26
0
51 49 49 34 43
27
0
52 54 50 37 43
28
0
50 53 45 36 40
29
0
49 47 46 34 38
30
0
51 50 47 34 41
31
0
53 54 48 36 44
32
0
53 52 47 34 40
33
0
53 52 47 34 41
34
0
52 50 49 33 39
35
0
48 55 45 36 41
36
0
49 47 46 35 41
37
0
49 51 45 34 40
38
0
50 51 48 34 40
39
0
55 53 45 33 43
40
0
48 51 48 34 40
41
0
53 55 50 34 46
42
0
49 49 41 33 39
43
0
56 51 45 34 41
44
0
50 50 48 37 42
45
0
48 49 46 34 39
46
0
52 53 49 33 41
47
0
51 55 47 36 44
48
0
52 53 46 34 40
49
0
50 54 51 35 45
50
0
54 54 45 38 40
51
0
52 47 46 35 39
52
0
48 50 47 34 39
53
0
48 52 49 36 43
54
0
46 48 45 34 42
55
0
52 49 44 38 43
56
0
53 50 50 37 39
57
0
49 57 43 36 41
58
0
49 49 45 35 42
59
0
53 51 47 34 41
60
0
50 51 45 36 44
61
0
53 54 47 38 43
62
0
53 49 49 36 41
63
0
53 48 46 37 41
64
0
56 49 46 38 44
65
0
52 48 47 39 43
66
0
48 46 49 33 42
67
0
48 50 48 35 42
68
0
54 51 47 36 39
69
0
51 50 43 35 39
70
0
52 52 49 34 39
71
0
49 50 45 36 38
72
0
51 49 49 34 45
73
0
48 53 48 35 45
74
0
51 51 47 33 39
75
0
50 55 44 36 40
76
0
51 51 46 37 42
77
0
53 47 43 35 40
78
0
51 54 48 33 43
79
0
51 50 47 37 40
80
0
48 50 44 33 42
81
0
50 55 49 37 40
82
0
52 51 48 37 43
83
0
51 52 48 36 42
84
0
50 47 48 33 38
85
0
51 48 44 34 41
86
0
51 51 49 35 39
87
0
53 52 45 36 43
88
0
52 49 47 33 39
89
0
48 50 48 34 43
90
0
53 50 46 32 41
91
0
51 50 48 36 38
92
0
56 50 47 33 38
93
0
48 50 51 39 40
94
0
50 48 47 39 41
95
0
49 53 42 35 42
96
0
49 50 44 36 43
97
0
54 51 49 36 42
98
0
52 50 49 32 40
99
0
52 51 47 34 43
100
0
52 50 46 31 43
101
0
57 51 48 34 41
102
0
47 50 45 37 43
103
0
49 47 46 38 40
104
0
48 53 45 34 39
105
0
51 58 51 33 45
106
0
52 48 46 37 40
107
0
51 48 48 33 36
108
0
52 49 47 34 40
109
0
51 56 47 38 42
110
0
53 52 50 35 44
111
0
53 49 47 37 41
112
0
55 52 46 37 42
113
0
55 52 48 36 44
114
0
51 51 46 34 40
115
0
52 51 47 34 41
116
0
49 49 42 36 42
117
0
53 51 45 33 42
118
0
53 49 46 38 43
119
0
48 46 49 34 43
120
0
47 46 51 34 41
121
0
53 53 42 36 40
122
0
52 51 49 34 38
123
0
47 53 49 36 39
124
0
50 52 48 36 41
125
0
52 55 51 33 43
126
0
54 51 46 35 43
127
0
52 49 47 36 40
128
0
51 50 48 33 41
129
0
51 49 50 32 44
130
0
51 50 49 36 41
131
0
54 52 44 34 41
132
0
51 47 44 33 39
133
0
54 49 47 34 44
134
0
51 50 47 37 43
135
0
52 50 45 36 43
136
0
51 53 47 34 41
137
0
51 53 47 36 39
138
0
48 52 46 38 44
139
0
50 52 48 36 41
140
0
53 52 48 34 41
141
0
52 53 46 35 40
142
0
47 49 48 36 45
143
0
53 51 48 33 43
144
0
53 52 47 35 39
145
0
53 49 46 32 45
146
0
50 46 47 33 45
147
0
54 49 50 36 44
148
0
55 53 49 37 41
149
0
51 50 51 38 41
150
0
52 50 50 36 45
151
0
51 49 45 38 40
152
0
52 49 48 35 40
153
0
53 53 48 36 43
154
0
50 49 47 36 49
155
0
52 53 45 33 40
156
0
52 49 47 34 41
157
0
53 52 46 35 41
158
0
55 51 47 32 39
159
0
50 52 45 33 40
160
0
52 54 49 35 43
161
0
53 52 46 35 43
162
0
52 51 48 34 40
163
0
51 56 44 34 44
164
0
50 50 45 40 40
165
0
48 49 47 37 40
166
0
46 49 47 37 41
167
0
51 52 44 33 43
168
0
54 52 46 34 40
169
0
53 50 46 35 44
170
0
54 50 42 35 38
171
0
53 54 47 32 41
172
0
51 49 44 33 42
173
0
50 53 47 37 41
174
0
53 55 47 39 39
175
0
49 52 46 35 41
176
0
52 54 47 38 40
177
0
55 57 48 35 42
178
0
51 51 45 34 40
179
0
49 48 48 36 40
180
0
48 50 49 34 40
181
0
53 53 47 35 43
182
0
51 47 46 38 41
183
0
47 52 48 35 42
184
0
51 51 45 37 40
185
0
53 53 48 35 43
186
0
51 53 44 36 43
187
0
55 53 50 35 41
188
0
52 52 48 35 36
189
0
49 48 47 33 43
190
0
49 47 48 33 40
191
0
48 52 46 38 44
192
0
52 53 46 33 42
193
0
52 51 45 33 39
194
0
52 53 49 35 41
195
0
50 50 45 34 40
196
0
52 49 45 35 40
197
0
50 48 44 33 40
198
0
57 52 47 36 37
199
0
54 52 44 37 38
