100
20
889465
0
0
49 57 51 47 48 52 53 51 50 50 49 43 45 41 50 51 56 63 50 68
1
0
52 53 48 45 51 56 57 51 47 51 52 41 47 42 50 60 61 61 47 70
2
0
48 59 47 45 49 51 59 51 50 51 45 41 46 44 47 56 56 65 48 66
3
0
49 54 50 43 54 51 57 48 47 52 45 42 44 46 49 55 55 62 44 69
4
0
48 57 48 44 51 50 53 51 51 53 50 39 48 46 53 53 56 61 47 65
5
0
50 58 45 44 53 53 57 54 50 50 46 41 49 47 52 54 51 66 51 68
6
0
51 59 47 42 49 53 54 52 49 50 46 41 47 43 52 56 57 64 48 69
7
0
48 52 51 43 56 50 62 51 49 53 49 43 50 45 54 57 57 61 44 67
8
0
50 58 50 45 50 52 55 51 52 49 49 43 46 42 46 54 56 63 46 69
9
0
51 59 57 44 49 47 58 47 53 48 48 42 47 43 46 56 56 66 46 71
10
0
51 61 53 45 51 52 55 51 49 47 48 40 50 45 50 58 60 62 49 68
11
0
50 57 51 43 50 51 55 51 48 51 50 41 45 47 48 55 59 62 44 66
12
0
50 57 48 48 53 51 56 49 51 49 47 42 47 45 50 59 56 60 47 67
13
0
53 60 50 45 53 53 60 52 51 52 52 42 49 48 50 58 55 62 46 64
14
0
53 55 47 44 54 49 56 51 52 50 47 38 52 44 50 55 56 64 45 74
15
0
52 55 47 43 52 50 54 51 48 51 50 40 48 45 49 55 60 63 45 64
16
0
53 56 51 44 48 49 51 55 47 51 51 38 51 43 51 55 59 62 46 64
17
0
49 55 50 47 50 53 57 50 53 54 54 42 45 41 45 55 59 58 48 70
18
0
48 57 51 41 54 52 59 48 48 52 48 43 51 41 49 57 59 62 52 66
19
0
48 51 51 45 52 53 54 54 49 51 52 42 44 41 48 55 60 66 48 70
20
0
48 57 50 49 53 49 57 51 49 50 45 40 52 43 52 55 57 62 49 64
21
0
48 61 49 47 50 52 55 50 48 51 50 43 46 42 48 58 59 66 48 66
22
0
49 54 48 46 51 52 58 56 48 54 48 41 46 47 52 57 58 60 49 66
23
0
50 62 46 46 50 52 60 50 48 46 49 43 45 46 47 55 57 62 48 65
24
0
51 61 48 45 51 52 53 50 47 50 48 41 47 47 54 56 58 63 47 68
25
0
47 59 51 43 50 49 55 49 47 53 50 37 46 45 49 57 56 62 52 74
26
0
49 54 47 47 52 54 53 51 48 52 50 45 51 44 47 52 59 63 46 69
27
0
47 59 52 42 50 50 56 51 47 53 49 39 46 44 52 60 57 64 49 70
28
0
48 61 49 46 49 54 57 51 50 50 50 41 49 44 49 58 59 64 46 67
29
0
52 55 47 47 50 54 53 54 49 49 51 42 52 45 50 56 57 63 45 74
30
0
49 56 49 42 51 51 57 53 51 48 49 42 48 42 47 57 61 64 47 67
31
0
49 57 47 47 51 55 56 51 51 54 47 45 46 47 53 57 58 65 44 70
32
0
50 56 50 43 49 52 55 49 49 54 50 42 48 44 50 56 60 68 47 68
33
0
50 53 48 46 50 52 60 51 46 48 45 40 52 43 45 51 57 59 48 71
34
0
50 54 45 44 46 54 54 51 47 50 46 37 46 44 48 53 56 64 50 67
35
0
52 59 50 48 48 54 57 48 47 48 48 38 53 47 49 56 57 67 49 68
36
0
52 59 49 43 48 48 52 50 46 48 47 41 48 44 50 55 59 63 50 65
37
0
47 62 49 46 51 49 55 52 49 48 48 41 49 48 51 55 58 63 47 68
38
0
51 55 48 44 46 51 55 50 48 48 46 42 49 46 57 51 55 66 47 66
39
0
51 54 47 47 48 52 53 52 49 49 48 37 50 44 49 56 54 64 48 66
40
0
47 54 47 46 54 48 56 49 55 50 51 46 47 45 56 52 57 62 48 67
41
0
49 58 45 48 55 51 56 48 53 52 48 42 53 44 53 56 59 62 47 71
42
0
47 57 47 39 48 53 53 56 45 51 50 44 51 46 48 54 61 63 50 72
43
0
49 55 49 45 50 54 58 52 49 51 47 43 47 43 48 57 57 62 46 68
44
0
49 58 51 43 51 52 58 53 46 51 49 42 46 45 51 56 54 62 51 66
45
0
45 62 47 46 55 50 57 48 51 51 46 42 51 47 53 54 53 64 46 65
46
0
51 57 48 45 51 52 57 51 51 51 50 40 48 43 51 57 64 62 49 73
47
0
48 57 52 47 53 54 54 51 49 52 44 44 48 43 51 58 58 65 49 64
48
0
47 55 52 44 55 55 57 51 52 52 50 44 47 46 48 54 55 65 47 72
49
0
50 58 48 46 50 52 53 51 51 55 49 43 46 44 48 55 56 60 48 73
50
0
49 53 49 48 51 50 57 55 49 49 52 43 49 48 49 60 60 60 48 64
51
0
49 57 49 43 50 49 58 55 49 50 47 40 50 45 52 56 60 63 44 71
52
0
49 59 48 44 47 51 55 52 49 50 47 41 48 45 53 55 54 66 50 63
53
0
50 55 48 49 50 50 56 48 51 48 50 42 48 44 49 50 58 61 46 67
54
0
47 57 49 47 52 54 58 52 48 49 46 40 50 47 51 56 61 63 50 69
55
0
48 55 51 45 52 48 60 55 48 53 52 42 48 45 49 52 60 61 45 62
56
0
52 59 48 46 49 52 57 52 51 50 47 39 48 43 46 57 55 60 45 68
57
0
48 54 48 45 57 54 53 53 54 56 45 44 47 43 49 57 57 64 48 71
58
0
51 59 49 48 52 53 57 53 50 47 48 40 47 45 51 59 59 64 46 71
59
0
52 56 49 43 51 51 60 53 47 51 48 40 49 44 50 55 58 64 46 67
60
0
50 60 52 48 48 54 53 53 47 50 48 40 51 46 50 54 58 68 51 65
61
0
49 58 47 44 49 46 57 49 49 50 47 40 47 44 47 53 56 64 49 67
62
0
52 60 47 44 49 52 55 53 50 51 44 43 47 46 48 58 57 63 49 73
63
0
51 56 50 46 49 53 57 52 50 51 49 40 51 43 49 60 56 64 48 67
64
0
48 58 48 43 48 52 55 53 47 53 46 42 50 43 47 54 58 63 49 67
65
0
50 59 48 44 50 53 57 52 50 52 46 41 44 46 49 56 55 62 47 68
66
0
49 59 47 42 50 52 55 52 48 48 48 43 46 42 51 55 55 61 51 64
67
0
47 56 48 44 49 55 55 52 52 50 54 43 47 48 48 59 53 60 46 66
68
0
47 60 46 42 50 47 56 52 53 48 47 40 46 43 48 55 57 62 44 67
69
0
48 65 47 46 49 56 54 50 49 53 51 41 47 44 54 53 56 62 47 68
70
0
49 56 47 49 51 49 54 49 49 49 51 43 48 45 50 57 61 64 47 68
71
0
50 58 48 43 49 53 59 52 52 49 47 39 47 43 48 52 59 63 46 72
72
0
47 58 51 47 49 47 56 50 48 48 46 45 47 45 50 59 60 63 50 70
73
0
51 57 50 46 54 50 54 50 47 50 51 41 48 48 49 57 58 69 46 71
74
0
47 54 47 48 51 51 56 51 44 50 49 42 44 46 46 54 58 67 51 67
75
0
51 58 44 45 51 48 55 53 50 52 50 44 49 44 49 53 56 68 45 67
76
0
52 58 46 45 49 54 57 51 50 54 50 42 46 43 52 58 62 63 51 66
77
0
52 60 49 44 50 53 58 50 53 51 49 42 51 46 49 55 59 64 47 68
78
0
46 60 46 44 48 48 62 50 48 50 54 41 45 45 51 54 56 66 50 68
79
0
51 58 49 47 53 54 55 49 51 46 48 44 47 42 49 54 58 64 49 68
80
0
52 56 46 45 51 49 58 48 50 51 48 40 52 45 52 54 58 62 46 70
81
0
54 57 50 47 51 48 55 49 49 49 48 39 51 45 51 56 58 64 46 70
82
0
50 53 54 48 52 52 56 52 46 50 47 38 48 43 50 57 60 64 47 63
83
0
49 56 52 46 52 50 54 53 48 54 47 42 48 45 48 52 60 62 50 64
84
0
52 58 49 41 53 49 57 46 48 49 48 41 44 45 49 55 59 61 49 66
85
0
49 54 45 45 46 54 53 52 45 50 47 43 48 47 51 55 60 66 50 68
86
0
54 57 50 44 47 54 60 53 49 50 47 39 46 49 47 54 57 64 46 67
87
0
48 58 51 46 55 50 56 48 51 50 48 41 48 44 52 55 58 65 49 70
88
0
51 57 50 47 51 53 55 55 47 51 47 43 54 46 49 56 63 64 49 71
89
0
50 57 47 45 51 51 55 51 49 53 51 41 48 45 53 55 60 69 49 66
90
0
47 59 52 47 50 50 58 55 48 53 50 44 44 46 48 60 59 62 47 72
91
0
49 60 52 49 50 51 60 53 54 55 47 40 47 42 46 58 56 65 49 66
92
0
48 56 48 46 51 53 56 50 49 49 49 44 45 45 48 49 60 64 45 69
93
0
51 59 49 47 51 54 54 52 54 51 51 40 47 42 53 58 62 64 45 71
94
0
50 58 52 47 51 55 57 50 46 49 50 40 48 46 46 61 59 72 47 66
95
0
49 58 47 45 50 51 57 54 51 47 54 41 49 46 50 53 57 63 49 65
96
0
53 56 43 46 53 52 57 50 48 47 47 41 48 44 48 54 56 62 46 67
97
0
51 57 49 44 51 53 58 52 47 51 44 44 47 43 45 52 61 64 47 72
98
0
46 55 48 45 47 52 56 50 52 48 50 44 49 41 48 54 52 67 45 63
99
0
48 53 47 44 53 53 56 52 47 51 46 43 48 43 48 56 56 70 46 72
