30
20
835080
0
0
65 44 47 68 43 46 32 72 60 54 48 55 54 61 56 45 41 49 46 50
1
0
63 48 47 62 42 47 34 67 60 54 50 50 56 61 55 45 43 46 46 48
2
0
66 45 47 67 41 43 36 70 62 55 51 50 55 63 58 44 46 49 47 55
3
0
70 45 51 66 41 45 35 69 65 53 51 48 52 62 59 42 43 47 40 50
4
0
65 45 46 62 39 44 33 70 64 57 51 54 55 60 54 41 45 46 39 51
5
0
66 46 49 65 41 45 32 67 56 56 57 50 57 63 54 45 45 51 42 50
6
0
65 47 54 66 39 43 35 63 61 56 52 51 55 61 56 46 42 47 41 49
7
0
61 46 55 68 43 44 36 73 66 53 55 55 56 64 53 42 45 47 45 50
8
0
67 44 51 65 41 45 32 63 65 54 53 51 56 58 56 44 45 48 46 49
9
0
66 42 48 66 45 45 33 68 63 55 51 51 54 66 53 42 44 53 48 48
10
0
65 41 47 64 41 37 34 70 61 50 53 45 56 67 52 45 45 48 44 51
11
0
66 47 50 64 43 43 34 71 63 54 56 50 53 60 54 44 46 49 49 52
12
0
64 45 48 68 41 43 32 69 62 53 53 59 52 66 51 41 43 49 43 54
13
0
67 45 50 63 39 43 37 67 63 55 55 51 55 65 59 43 41 48 43 49
14
0
66 48 50 64 46 43 31 69 64 52 54 53 54 63 55 43 46 48 45 51
15
0
65 47 52 61 43 48 31 71 62 53 56 54 53 61 57 45 48 48 45 50
16
0
68 49 52 68 40 41 34 68 66 52 52 53 52 65 55 46 44 49 45 49
17
0
66 49 46 66 41 43 33 72 62 56 50 48 55 59 57 43 44 49 43 48
18
0
70 42 50 66 43 43 32 71 64 50 53 55 54 65 52 41 46 51 44 50
19
0
69 45 48 67 42 42 33 66 62 55 53 52 56 60 55 46 46 49 41 50
20
0
69 43 49 64 42 45 33 67 66 52 53 54 57 64 52 43 42 49 43 50
21
0
67 47 48 63 41 46 33 73 64 53 51 52 54 65 53 45 49 48 42 48
22
0
67 47 49 62 44 44 30 61 66 55 51 54 53 66 52 47 44 51 42 53
23
0
67 45 50 65 39 40 35 72 63 53 50 53 55 63 53 46 41 49 41 50
24
0
67 45 51 63 39 42 34 70 64 52 52 52 57 63 54 43 42 47 44 48
25
0
62 40 47 66 43 43 33 66 58 57 52 53 51 68 54 46 44 45 42 49
26
0
66 45 48 65 41 49 30 68 61 50 52 55 54 63 53 42 46 52 44 51
27
0
67 47 47 65 43 44 33 67 64 51 51 52 61 61 52 44 44 52 45 52
28
0
67 47 51 65 41 41 32 70 60 52 51 53 52 64 53 48 46 51 41 53
29
0
70 48 47 63 41 42 34 67 58 56 54 51 55 61 56 45 41 45 43 53
