20
10
206339
0
0
38 37 42 38 42 40 42 44 42 39
1
0
48 54 50 49 47 49 48 50 49 50
2
0
46 41 39 38 40 49 45 41 42 45
3
0
49 51 52 52 55 48 55 49 49 54
4
0
44 47 45 48 47 42 45 44 47 47
5
0
39 37 38 35 37 34 36 36 37 38
6
0
36 37 37 37 39 40 40 40 34 35
7
0
55 60 59 57 59 59 59 56 58 58
8
0
64 64 61 56 58 61 61 60 62 61
9
0
47 47 48 50 47 48 45 45 47 48
10
0
54 51 55 60 54 57 56 57 55 56
11
0
43 43 48 44 40 43 43 42 43 44
12
0
53 54 56 53 53 49 53 55 58 55
13
0
54 44 51 46 47 47 50 49 50 46
14
0
53 56 58 57 60 55 55 53 58 53
15
0
49 49 48 46 48 50 50 48 48 49
16
0
64 62 61 63 66 65 63 63 62 64
17
0
43 43 43 43 44 44 42 43 41 43
18
0
38 36 37 36 34 42 38 37 35 37
19
0
54 51 54 57 52 56 53 53 58 53
