50
5
35707
0
0
50 36 68 49 48
1
0
51 37 70 47 42
2
0
54 35 70 47 45
3
0
54 41 69 51 43
4
0
52 38 73 46 45
5
0
50 37 74 49 42
6
0
48 37 74 52 44
7
0
53 35 68 49 45
8
0
49 37 70 44 45
9
0
52 37 73 54 47
10
0
50 38 73 49 47
11
0
47 36 69 46 45
12
0
50 39 66 50 47
13
0
48 37 70 47 45
14
0
51 39 73 50 40
15
0
52 40 72 50 46
16
0
49 37 71 49 47
17
0
51 38 69 51 47
18
0
52 42 72 48 47
19
0
52 40 71 48 44
20
0
50 37 74 49 47
21
0
51 39 70 49 45
22
0
48 39 69 46 46
23
0
51 37 72 48 45
24
0
48 38 64 50 50
25
0
51 40 71 49 45
26
0
56 40 72 51 47
27
0
54 40 68 49 46
28
0
55 37 72 52 46
29
0
47 41 69 53 49
30
0
50 40 68 49 44
31
0
48 39 68 50 44
32
0
50 36 74 50 47
33
0
52 41 71 50 46
34
0
50 39 70 52 43
35
0
51 37 73 52 43
36
0
49 38 72 46 46
37
0
55 37 77 49 46
38
0
56 33 71 45 45
39
0
48 36 67 51 46
40
0
51 38 68 52 46
41
0
55 38 75 48 44
42
0
48 38 71 52 50
43
0
50 40 68 53 48
44
0
49 37 70 49 47
45
0
52 35 71 50 43
46
0
52 39 70 50 48
47
0
48 38 70 47 45
48
0
51 39 67 45 44
49
0
50 34 71 51 47
