30
10
946492
0
0
59 59 59 60 58 59 59 60 56 61
1
0
60 57 61 62 59 57 60 60 57 59
2
0
61 58 55 56 58 55 55 57 55 59
3
0
54 53 54 50 52 46 52 50 51 50
4
0
63 61 61 59 68 67 64 66 63 64
5
0
56 58 55 57 53 55 56 56 57 54
6
0
52 52 51 51 51 56 50 52 52 52
7
0
45 45 43 46 45 48 46 45 43 44
8
0
75 76 73 71 70 77 75 73 73 74
9
0
39 35 38 37 37 36 33 38 38 38
10
0
34 33 31 28 33 34 34 31 36 30
11
0
49 47 49 45 50 52 46 48 46 46
12
0
55 57 56 54 53 55 53 52 52 52
13
0
53 57 55 53 58 54 50 52 52 53
14
0
38 45 38 45 39 42 42 42 40 44
15
0
41 39 40 42 39 41 40 39 40 37
16
0
54 58 54 55 54 56 60 54 50 55
17
0
63 70 68 61 69 64 68 65 64 67
18
0
68 67 64 71 69 65 67 65 64 64
19
0
63 60 62 62 60 60 64 63 60 61
20
0
45 48 47 45 46 47 45 42 43 47
21
0
60 58 57 53 59 60 55 55 58 57
22
0
69 72 78 74 70 68 72 74 67 71
23
0
49 48 48 46 48 44 47 45 49 45
24
0
62 58 64 58 59 62 58 57 63 65
25
0
32 32 36 32 30 34 32 33 34 29
26
0
37 39 40 39 45 43 42 44 42 43
27
0
38 39 38 36 38 38 37 39 38 39
28
0
47 45 42 43 44 43 44 37 40 42
29
0
55 56 56 54 57 57 56 58 58 58
