50
5
486495
0
0
48 54 45 47 48
1
0
45 55 46 48 49
2
0
47 55 45 45 47
3
0
49 53 44 49 45
4
0
51 53 45 49 43
5
0
47 53 44 47 47
6
0
51 54 46 47 45
7
0
49 51 45 42 47
8
0
49 58 45 45 45
9
0
55 51 47 51 47
10
0
52 51 45 47 51
11
0
49 54 47 46 50
12
0
51 54 45 43 45
13
0
48 54 46 49 47
14
0
50 55 47 44 48
15
0
50 51 44 47 46
16
0
47 51 48 45 46
17
0
51 54 48 46 47
18
0
48 54 46 44 49
19
0
52 53 47 45 48
20
0
47 55 44 48 44
21
0
50 53 44 44 45
22
0
54 54 46 48 48
23
0
47 54 49 48 45
24
0
53 55 45 51 47
25
0
53 55 49 46 45
26
0
50 52 42 47 50
27
0
48 54 45 49 48
28
0
45 55 45 50 48
29
0
48 49 46 46 43
30
0
48 52 46 47 46
31
0
51 47 43 47 45
32
0
49 50 49 45 43
33
0
50 56 49 45 48
34
0
48 52 46 50 48
35
0
50 56 47 48 50
36
0
51 56 44 46 46
37
0
51 56 46 50 47
38
0
51 56 47 49 46
39
0
54 53 48 47 47
40
0
48 49 44 48 45
41
0
50 53 49 47 50
42
0
47 58 48 48 47
43
0
51 56 46 44 49
44
0
50 53 45 46 47
45
0
46 48 48 49 44
46
0
46 50 45 46 45
47
0
51 54 47 48 46
48
0
51 54 48 49 47
49
0
48 53 45 45 47
