50
10
946708
0
0
42 40 37 40 51 51 58 52 45 51
1
0
47 45 55 52 35 59 44 41 52 45
2
0
57 59 42 61 50 58 30 40 51 57
3
0
66 53 49 67 44 43 56 49 51 42
4
0
87 46 54 51 37 51 54 44 47 50
5
0
53 35 41 43 37 42 42 56 33 55
6
0
32 41 68 35 57 60 45 33 52 61
7
0
68 41 59 58 45 42 48 39 51 71
8
0
37 51 48 52 55 51 65 76 58 52
9
0
56 56 40 60 43 63 65 63 68 70
10
0
41 46 51 44 51 45 37 49 52 37
11
0
58 44 60 33 49 55 62 51 59 52
12
0
53 65 46 43 53 36 53 70 49 55
13
0
40 64 40 51 54 53 51 53 37 38
14
0
48 71 51 60 35 40 39 44 46 43
15
0
59 59 53 47 46 53 52 74 44 53
16
0
69 45 51 51 59 41 65 42 44 43
17
0
36 58 58 62 59 62 48 49 64 64
18
0
49 40 57 56 52 53 49 66 51 29
19
0
44 60 52 60 55 48 56 48 45 79
20
0
42 48 53 57 38 36 48 75 51 56
21
0
49 43 51 46 51 34 30 52 51 56
22
0
30 63 46 59 44 42 40 56 45 43
23
0
55 68 51 57 49 58 47 36 68 59
24
0
31 37 42 57 33 62 59 35 36 49
25
0
43 53 38 66 40 42 39 43 41 37
26
0
46 57 43 50 66 32 39 47 53 45
27
0
39 46 59 69 31 28 53 37 73 34
28
0
43 33 55 43 32 42 57 54 47 61
29
0
53 61 39 73 39 71 52 40 43 61
30
0
41 52 40 43 47 41 48 47 73 45
31
0
47 71 43 54 48 43 42 49 51 44
32
0
47 39 45 52 49 76 45 50 54 54
33
0
78 46 56 55 39 61 51 40 51 42
34
0
54 63 59 57 57 59 51 58 44 42
35
0
39 66 52 31 45 40 45 54 54 38
36
0
55 46 64 31 49 62 35 45 39 62
37
0
51 48 41 48 40 38 42 40 49 54
38
0
51 43 64 51 32 36 69 41 54 39
39
0
42 68 44 58 43 57 53 57 67 48
40
0
51 64 44 50 43 59 52 53 34 33
41
0
48 58 40 26 57 41 37 43 51 37
42
0
46 59 42 50 71 67 59 63 53 42
43
0
51 33 49 51 50 65 63 65 47 50
44
0
48 61 61 53 35 64 61 46 60 52
45
0
50 48 40 56 46 80 62 53 38 46
46
0
61 20 49 38 63 46 58 54 42 41
47
0
56 42 46 46 44 68 65 45 48 41
48
0
58 50 45 44 44 50 40 30 37 55
49
0
47 44 46 35 70 58 71 57 65 31
