30
10
794323
0
0
48 49 45 48 45 46 50 46 42 47
1
0
37 38 34 38 34 35 41 35 37 40
2
0
48 47 48 45 49 47 46 50 46 52
3
0
40 37 34 35 38 35 36 35 36 39
4
0
62 64 65 62 67 70 60 58 58 63
5
0
47 48 48 48 49 50 47 52 48 51
6
0
53 53 54 57 57 53 52 54 56 51
7
0
48 51 53 49 49 50 51 50 54 48
8
0
51 50 53 48 54 52 50 51 47 51
9
0
46 45 45 47 46 45 43 46 45 49
10
0
53 53 50 48 51 45 48 49 48 48
11
0
48 49 46 47 49 53 52 51 47 48
12
0
38 40 36 40 37 40 41 39 40 40
13
0
35 39 36 39 39 40 35 37 35 41
14
0
38 40 39 44 39 41 40 40 36 39
15
0
60 62 58 64 64 60 62 60 60 59
16
0
45 41 39 40 38 42 40 40 42 44
17
0
45 42 44 44 39 42 45 45 44 42
18
0
57 55 55 56 56 54 54 57 55 60
19
0
48 49 48 52 48 47 47 48 50 46
20
0
36 33 31 33 33 37 32 33 34 32
21
0
57 52 60 59 53 53 58 52 52 55
22
0
41 46 44 44 48 44 45 45 44 39
23
0
57 57 64 58 57 58 59 64 59 56
24
0
52 53 54 55 56 49 52 52 53 51
25
0
33 37 35 35 35 32 35 33 32 33
26
0
54 54 56 54 56 56 49 56 54 58
27
0
42 41 38 42 42 44 38 38 39 42
28
0
56 55 59 56 60 59 59 57 58 54
29
0
46 44 42 50 47 45 43 46 48 45
