20
10
109861
0
0
38 43 55 31 51 58 49 69 46 43
1
0
39 55 55 52 66 66 40 73 37 56
2
0
57 52 67 58 48 57 37 50 60 40
3
0
49 58 46 63 44 50 53 40 45 53
4
0
64 35 76 70 39 43 60 47 66 37
5
0
47 49 50 32 40 43 52 55 34 31
6
0
40 51 46 39 48 55 44 51 32 66
7
0
67 55 55 51 41 42 60 52 69 49
8
0
47 58 45 51 46 50 43 59 47 39
9
0
41 52 57 55 42 43 36 54 30 39
10
0
61 50 49 35 59 58 38 38 46 62
11
0
31 29 55 60 53 60 35 47 49 45
12
0
42 28 65 56 49 43 55 39 58 52
13
0
46 63 42 62 43 52 47 66 47 45
14
0
50 54 60 42 56 45 49 38 45 45
15
0
48 56 51 29 46 47 56 51 48 71
16
0
57 35 53 48 59 40 57 49 51 51
17
0
45 44 38 46 69 41 53 58 42 63
18
0
57 68 50 43 63 39 45 63 51 43
19
0
38 73 63 50 46 34 39 42 48 39
