20
20
211483
0
0
51 51 52 49 53 54 51 53 52 54 52 56 51 58 53 49 54 50 54 49
1
0
34 34 35 37 39 36 35 35 35 36 34 37 36 35 34 36 36 39 34 41
2
0
58 55 56 55 59 60 58 58 57 51 55 61 58 58 57 56 56 56 57 56
3
0
47 52 48 48 50 47 48 53 47 50 47 47 48 53 50 49 51 48 49 48
4
0
48 51 47 48 47 46 50 49 48 46 51 46 47 49 46 48 47 47 42 47
5
0
44 46 45 46 44 41 46 40 43 45 43 45 44 44 43 46 39 43 46 44
6
0
39 41 38 41 42 36 38 39 36 40 36 41 40 40 38 39 39 36 36 41
7
0
36 37 36 32 36 33 38 36 37 37 35 34 35 34 39 38 36 39 36 37
8
0
44 43 43 43 48 42 40 40 44 46 46 48 43 43 47 46 42 46 45 44
9
0
41 45 39 38 43 40 44 41 41 42 42 42 41 42 43 42 42 43 42 44
10
0
61 60 59 62 60 60 61 58 61 57 57 65 59 57 60 56 62 59 60 55
11
0
36 35 35 35 36 37 38 34 39 38 34 36 35 33 35 34 35 35 35 32
12
0
37 37 34 37 38 39 37 39 39 35 35 38 39 34 38 38 35 37 34 36
13
0
42 39 43 41 43 38 41 39 38 43 43 42 41 44 44 39 46 40 44 41
14
0
74 71 73 72 72 73 72 75 70 72 78 73 71 71 74 69 71 70 72 68
15
0
55 56 60 56 53 55 59 62 54 55 55 57 60 53 57 57 50 58 54 52
16
0
57 54 55 55 58 49 57 58 58 53 57 58 55 59 57 55 59 54 58 55
17
0
54 51 53 54 54 47 57 55 56 56 58 57 55 57 58 58 55 53 53 54
18
0
50 48 49 50 51 49 51 51 52 51 52 50 50 50 51 49 50 52 50 50
19
0
56 56 55 56 53 54 60 54 52 55 54 56 54 54 52 56 59 51 53 54
