200
5
815965
0
0
54 64 73 51 47
1
0
59 63 74 47 44
2
0
51 65 75 47 44
3
0
50 64 67 49 45
4
0
53 61 74 51 47
5
0
53 63 71 51 42
6
0
53 66 70 51 46
7
0
57 64 67 53 44
8
0
56 65 73 52 44
9
0
55 60 68 54 47
10
0
50 64 72 52 46
11
0
50 63 71 50 50
12
0
56 65 72 50 45
13
0
54 62 70 51 46
14
0
55 58 74 51 45
15
0
55 62 68 55 48
16
0
56 65 67 49 46
17
0
51 60 70 49 46
18
0
54 67 69 54 47
19
0
54 69 69 52 49
20
0
55 66 67 48 47
21
0
55 66 69 52 48
22
0
49 63 71 52 41
23
0
56 65 69 51 47
24
0
52 61 73 49 46
25
0
54 65 66 57 39
26
0
52 61 71 56 45
27
0
55 66 70 52 45
28
0
53 65 74 51 45
29
0
50 64 71 49 42
30
0
58 67 72 50 49
31
0
54 67 69 52 46
32
0
51 66 70 53 45
33
0
52 62 70 52 41
34
0
53 63 69 50 44
35
0
51 65 65 51 48
36
0
52 69 67 45 45
37
0
52 62 67 50 46
38
0
54 64 67 51 44
39
0
55 65 66 51 43
40
0
52 63 70 50 44
41
0
51 63 68 51 45
42
0
54 62 71 53 43
43
0
55 60 68 50 43
44
0
51 64 69 49 45
45
0
49 61 68 50 43
46
0
55 62 70 50 46
47
0
56 65 73 52 44
48
0
56 67 72 53 47
49
0
54 65 73 52 48
50
0
52 66 70 55 43
51
0
57 64 69 50 47
52
0
53 63 70 48 42
53
0
51 67 71 51 42
54
0
54 62 70 53 47
55
0
52 57 70 52 39
56
0
54 64 71 49 44
57
0
54 63 74 52 45
58
0
56 61 71 53 48
59
0
55 63 71 49 48
60
0
54 65 70 53 45
61
0
56 62 74 52 45
62
0
56 62 64 54 42
63
0
51 63 69 54 44
64
0
51 62 68 45 44
65
0
53 61 69 51 48
66
0
53 62 72 54 41
67
0
54 64 69 52 48
68
0
50 68 64 54 48
69
0
55 65 69 50 44
70
0
53 64 70 54 48
71
0
56 61 68 53 48
72
0
55 68 71 52 47
73
0
59 65 70 52 44
74
0
54 57 67 48 43
75
0
58 62 71 49 45
76
0
51 63 72 57 43
77
0
52 61 63 49 48
78
0
52 66 68 51 49
79
0
50 64 65 54 45
80
0
54 67 74 49 43
81
0
56 65 72 54 47
82
0
54 67 67 52 42
83
0
52 65 71 53 45
84
0
56 64 69 53 47
85
0
53 61 67 53 43
86
0
54 67 67 53 46
87
0
56 64 76 54 46
88
0
54 64 68 53 45
89
0
55 67 68 55 43
90
0
51 63 67 51 45
91
0
50 63 75 52 46
92
0
52 63 70 54 46
93
0
51 70 70 55 42
94
0
53 62 71 55 48
95
0
55 65 65 51 48
96
0
56 59 68 54 43
97
0
54 66 68 48 45
98
0
52 65 73 52 45
99
0
57 58 71 51 45
100
0
53 66 69 47 45
101
0
56 66 76 51 44
102
0
53 61 66 56 45
103
0
50 65 74 52 42
104
0
54 63 68 52 45
105
0
53 61 68 45 48
106
0
51 58 66 52 46
107
0
51 62 69 50 48
108
0
53 63 70 50 46
109
0
56 66 70 50 44
110
0
55 63 70 52 42
111
0
53 63 68 49 44
112
0
50 66 67 55 44
113
0
49 64 74 51 42
114
0
49 66 67 47 44
115
0
54 65 72 51 43
116
0
53 60 71 54 46
117
0
53 67 69 49 42
118
0
53 63 69 51 45
119
0
52 64 68 49 43
120
0
51 65 71 51 46
121
0
54 63 67 55 47
122
0
53 63 69 52 44
123
0
49 60 65 52 43
124
0
57 69 67 54 48
125
0
51 65 68 54 46
126
0
58 69 74 53 46
127
0
57 64 70 51 44
128
0
49 64 67 50 44
129
0
52 63 69 50 47
130
0
53 64 74 53 45
131
0
57 63 71 50 42
132
0
54 64 68 51 44
133
0
53 64 72 51 42
134
0
54 62 71 55 45
135
0
54 64 68 52 49
136
0
56 68 68 53 47
137
0
50 60 70 51 42
138
0
56 63 71 51 47
139
0
55 61 66 52 44
140
0
57 64 70 48 44
141
0
51 64 72 48 44
142
0
53 62 65 50 45
143
0
57 63 73 50 47
144
0
54 61 67 50 47
145
0
52 66 70 51 44
146
0
54 65 74 52 45
147
0
50 65 72 54 45
148
0
54 64 76 50 43
149
0
54 61 72 52 48
150
0
55 65 71 54 44
151
0
55 68 70 51 48
152
0
53 60 69 51 48
153
0
56 65 70 49 41
154
0
56 63 69 53 46
155
0
56 65 67 53 41
156
0
52 67 71 52 46
157
0
52 63 70 50 44
158
0
55 65 72 55 46
159
0
55 65 71 49 47
160
0
53 65 65 50 45
161
0
57 62 70 50 46
162
0
56 65 72 50 42
163
0
49 63 70 51 47
164
0
52 59 72 52 48
165
0
53 69 69 52 47
166
0
49 65 70 51 44
167
0
56 64 72 50 43
168
0
54 70 66 52 43
169
0
55 61 66 52 45
170
0
54 68 67 51 42
171
0
53 62 73 51 46
172
0
53 64 71 51 47
173
0
57 67 73 50 46
174
0
55 65 69 54 46
175
0
53 66 71 51 44
176
0
56 66 72 51 46
177
0
53 60 73 54 42
178
0
54 62 66 50 42
179
0
58 64 69 50 46
180
0
53 63 69 52 42
181
0
58 65 68 50 45
182
0
54 65 74 52 44
183
0
50 64 67 50 47
184
0
53 66 68 51 46
185
0
53 65 70 49 40
186
0
47 68 71 52 42
187
0
54 64 72 53 44
188
0
54 64 68 53 46
189
0
51 67 71 50 47
190
0
49 64 66 48 41
191
0
56 64 68 52 43
192
0
59 64 66 53 48
193
0
52 65 70 46 46
194
0
56 63 72 51 45
195
0
49 63 67 57 46
196
0
53 61 68 55 45
197
0
55 63 69 50 41
198
0
56 65 72 49 42
199
0
50 64 73 56 48
