50
5
929480
0
0
42 54 34 44 38
1
0
27 47 45 32 46
2
0
62 34 65 42 74
3
0
49 61 51 42 41
4
0
53 58 55 47 55
5
0
45 45 48 46 49
6
0
62 53 49 58 70
7
0
52 43 47 36 58
8
0
68 44 47 48 41
9
0
44 47 63 29 49
10
0
64 39 56 41 54
11
0
53 39 65 55 58
12
0
61 66 47 52 43
13
0
74 48 38 70 57
14
0
51 57 54 39 63
15
0
39 40 45 52 31
16
0
35 46 30 53 55
17
0
72 51 70 54 48
18
0
41 36 56 45 46
19
0
51 47 56 56 41
20
0
67 69 40 35 42
21
0
48 44 47 42 39
22
0
62 54 54 43 63
23
0
54 51 72 56 50
24
0
45 65 48 47 51
25
0
30 38 47 43 82
26
0
43 32 44 63 56
27
0
38 69 56 35 51
28
0
69 42 57 41 46
29
0
54 54 51 57 29
30
0
56 39 54 54 44
31
0
64 65 33 43 72
32
0
44 65 34 52 41
33
0
76 35 56 59 29
34
0
44 54 35 53 38
35
0
48 37 42 46 51
36
0
49 48 58 29 56
37
0
30 43 55 46 49
38
0
58 59 44 67 50
39
0
52 52 46 54 55
40
0
61 56 54 49 61
41
0
55 61 66 43 43
42
0
40 43 36 45 50
43
0
40 67 60 61 46
44
0
62 46 50 44 45
45
0
53 49 35 37 50
46
0
52 44 54 49 49
47
0
52 49 53 69 44
48
0
34 48 41 56 62
49
0
59 59 54 52 44
