30
20
13274
0
0
38 57 71 60 53 42 47 24 43 54 35 61 66 77 46 40 39 64 40 48
1
0
44 42 45 48 69 43 52 49 51 60 62 46 60 60 67 37 53 43 58 44
2
0
64 45 56 46 61 34 44 38 43 56 51 50 59 47 49 49 66 58 44 59
3
0
52 40 50 52 45 61 59 42 43 43 41 44 50 59 48 56 42 42 50 44
4
0
48 71 58 54 67 48 48 47 41 58 71 53 53 41 57 57 34 62 57 52
5
0
45 46 48 36 46 48 41 48 59 57 66 45 72 50 36 48 46 63 57 47
6
0
32 35 57 46 32 35 59 60 35 60 60 57 65 56 40 47 69 37 55 54
7
0
44 67 26 51 50 55 63 53 52 47 52 34 56 48 32 63 46 41 41 53
8
0
67 61 36 64 55 58 69 50 53 58 67 53 63 51 70 55 50 34 57 56
9
0
58 49 66 59 41 55 64 72 48 46 58 56 44 35 34 32 50 52 53 61
10
0
57 51 65 50 62 59 41 56 56 49 68 57 59 51 53 50 48 56 50 65
11
0
37 29 41 53 45 50 33 51 61 50 45 60 47 36 48 65 40 52 46 42
12
0
58 52 54 49 52 37 30 54 71 53 44 48 41 36 34 57 55 56 55 40
13
0
57 62 57 72 28 51 58 45 48 45 42 51 59 37 53 55 69 52 34 36
14
0
44 34 72 27 61 56 59 56 36 60 53 43 36 56 55 57 46 37 55 50
15
0
34 27 64 42 50 59 56 70 49 50 68 69 45 42 42 55 44 45 70 48
16
0
45 79 63 46 69 54 46 57 64 41 55 44 43 41 45 40 43 52 70 47
17
0
41 40 36 48 43 42 54 36 67 45 81 50 60 56 58 64 49 42 52 48
18
0
43 76 58 38 52 45 42 59 54 28 38 51 45 56 52 33 46 62 41 57
19
0
50 35 49 46 54 35 49 43 48 70 40 53 59 54 44 58 52 52 67 68
20
0
45 54 41 41 37 62 65 41 44 33 48 74 70 36 40 48 41 43 62 32
21
0
46 35 37 42 37 39 36 40 52 54 46 72 40 32 45 33 40 35 42 67
22
0
66 40 53 62 57 69 56 60 27 75 65 59 62 44 42 62 42 42 49 46
23
0
86 58 43 46 51 52 44 51 61 52 71 56 51 54 54 49 39 38 49 30
24
0
48 50 67 51 44 49 45 49 49 36 35 59 60 41 44 52 57 41 37 49
25
0
38 51 44 53 24 49 56 42 56 52 58 47 55 38 65 47 43 37 43 61
26
0
44 82 60 35 47 45 44 55 46 50 46 50 45 44 71 43 50 58 60 37
27
0
54 66 50 51 38 44 65 51 60 37 64 63 42 47 45 70 47 46 57 64
28
0
44 52 58 56 52 59 39 61 32 44 51 42 49 49 47 50 52 66 55 62
29
0
51 51 65 57 43 45 55 62 48 60 56 37 44 30 51 47 53 36 48 58
