200
20
224485
0
0
57 48 54 50 72 45 45 44 70 37 63 44 46 41 56 60 42 55 55 37
1
0
52 46 48 52 70 41 47 47 77 41 66 46 47 44 55 61 44 56 58 41
2
0
55 48 48 51 70 44 43 42 72 40 66 42 41 44 55 60 42 59 54 37
3
0
52 49 48 48 68 43 46 45 73 38 64 46 43 44 55 58 46 60 57 37
4
0
53 47 50 46 74 47 41 44 71 41 62 47 42 39 55 59 47 61 61 41
5
0
54 48 47 52 68 47 44 44 74 43 68 45 44 42 55 60 41 56 53 41
6
0
60 50 49 48 72 44 44 42 68 38 64 41 42 41 51 60 42 63 57 35
7
0
61 49 49 50 70 41 44 46 67 37 62 42 46 44 58 63 46 64 57 37
8
0
52 50 48 50 65 45 43 45 74 40 64 48 44 43 51 59 43 63 56 37
9
0
56 48 51 48 66 43 46 43 73 37 64 44 39 44 52 62 44 60 61 39
10
0
55 50 44 50 65 43 44 45 70 38 61 47 43 39 55 58 45 54 53 39
11
0
54 47 48 53 68 45 47 41 69 37 65 45 43 44 53 62 48 59 56 40
12
0
58 46 46 47 69 44 43 47 73 39 68 45 44 44 52 59 46 60 58 33
13
0
58 45 48 56 64 43 46 40 73 40 63 46 44 42 56 56 43 61 57 38
14
0
55 49 52 50 74 48 43 48 74 39 62 43 46 43 56 57 42 61 56 36
15
0
54 47 48 51 70 44 44 41 71 39 64 44 42 41 52 59 44 56 62 38
16
0
58 50 55 50 71 45 44 45 69 37 63 42 42 44 54 60 43 58 56 41
17
0
55 46 47 52 71 45 45 44 70 42 64 46 46 41 56 59 41 58 58 39
18
0
57 48 46 46 71 45 47 44 73 38 65 44 45 44 54 61 45 62 57 37
19
0
56 47 51 51 72 44 44 45 67 37 62 42 43 42 55 57 44 61 54 39
20
0
53 46 50 52 72 46 43 46 75 39 68 44 44 44 51 60 44 61 56 40
21
0
59 51 46 49 69 45 47 50 71 41 61 45 47 41 54 59 45 59 56 38
22
0
53 49 51 49 70 41 46 46 70 43 65 44 44 43 55 61 43 63 55 37
23
0
54 46 52 49 69 45 45 44 70 38 65 43 46 42 52 60 43 60 54 37
24
0
55 49 48 51 69 48 42 43 72 41 65 42 47 40 57 60 42 61 56 37
25
0
52 51 50 54 71 50 46 42 69 37 64 46 44 44 55 59 45 60 59 35
26
0
54 49 46 51 70 45 47 45 70 40 68 42 47 43 53 59 37 58 56 36
27
0
56 45 47 49 71 44 46 38 70 39 65 42 42 43 55 56 44 63 60 36
28
0
55 44 47 51 69 45 45 44 72 40 62 41 46 41 58 62 46 64 57 41
29
0
53 49 48 51 68 45 44 42 71 36 70 44 43 43 52 54 43 62 55 37
30
0
58 48 47 53 71 48 42 46 73 37 62 45 42 43 51 59 45 60 56 34
31
0
60 49 48 53 70 46 40 45 68 37 66 46 46 42 55 61 44 62 53 43
32
0
55 50 47 52 70 46 47 45 71 39 64 45 43 44 58 61 43 61 55 39
33
0
54 50 49 51 75 48 47 43 73 42 64 44 43 39 58 63 42 63 52 39
34
0
55 47 51 49 72 43 48 46 70 36 62 42 45 39 51 60 44 58 59 41
35
0
56 45 47 53 70 45 46 44 74 39 59 44 43 42 56 58 42 62 57 37
36
0
53 50 50 55 68 46 43 45 69 44 63 44 42 44 55 57 43 61 57 39
37
0
59 52 50 49 70 44 46 40 76 40 68 43 45 42 54 59 45 61 55 41
38
0
54 46 50 54 72 42 47 41 70 40 70 43 44 42 55 57 44 59 57 37
39
0
55 49 47 50 67 42 44 45 73 38 67 46 45 40 58 57 43 63 59 39
40
0
54 52 51 48 68 44 43 44 70 37 67 46 41 44 57 62 43 61 53 39
41
0
52 50 49 50 69 45 43 45 72 38 61 42 45 43 56 62 44 61 57 38
42
0
58 48 52 58 69 44 42 44 77 37 61 44 43 43 57 60 42 59 58 37
43
0
56 47 50 53 75 41 46 41 78 41 66 44 44 44 53 63 42 62 52 36
44
0
56 47 48 50 68 45 44 44 69 41 63 43 42 44 54 60 45 61 50 38
45
0
57 46 49 51 69 43 46 44 70 42 66 43 42 43 60 60 47 61 59 39
46
0
56 48 50 53 69 44 45 45 70 36 64 43 43 44 53 60 41 63 56 37
47
0
54 51 52 48 74 46 43 43 70 37 68 43 44 43 52 61 43 61 56 35
48
0
53 48 48 52 70 44 45 43 71 38 66 41 44 40 56 63 43 60 53 40
49
0
55 48 47 47 66 50 44 43 69 38 67 42 36 42 51 60 42 60 57 39
50
0
55 52 49 48 69 44 42 46 71 39 68 48 43 41 54 61 43 57 54 37
51
0
57 49 47 52 69 46 41 44 70 40 62 43 44 41 54 58 47 59 60 36
52
0
55 52 52 52 73 47 46 45 74 41 71 43 45 38 51 56 43 60 57 37
53
0
55 49 50 50 68 43 45 46 72 40 63 45 37 45 52 62 46 58 57 39
54
0
54 50 49 52 71 43 42 43 70 42 64 42 43 42 51 63 45 60 59 38
55
0
57 51 48 50 69 45 47 46 73 40 62 48 39 43 58 65 44 58 57 36
56
0
57 48 51 53 74 46 40 42 71 37 60 45 43 42 55 61 47 60 57 36
57
0
56 51 50 53 73 44 45 44 72 38 63 41 45 40 51 59 47 61 56 37
58
0
56 48 50 52 68 42 46 44 71 44 64 42 42 40 50 61 43 63 54 39
59
0
57 50 49 52 72 43 47 44 68 42 64 44 43 44 57 59 45 57 55 40
60
0
55 52 46 53 75 42 46 45 74 37 68 45 42 42 51 56 43 64 56 39
61
0
52 51 51 51 69 44 44 43 71 40 59 45 44 40 51 64 48 62 56 37
62
0
57 45 47 52 68 47 43 42 67 41 63 49 41 43 57 59 42 62 55 40
63
0
56 47 47 49 67 43 46 42 70 37 63 43 41 42 54 58 42 65 54 37
64
0
56 49 48 48 68 45 52 39 75 33 64 45 41 39 53 59 43 65 57 38
65
0
53 46 52 54 72 47 47 48 75 37 63 45 42 41 53 61 45 57 55 40
66
0
56 46 46 52 70 45 41 45 72 38 63 46 45 41 54 63 48 59 59 36
67
0
57 44 48 48 68 47 46 41 72 43 65 43 46 39 54 57 43 56 52 38
68
0
54 50 48 52 68 49 47 45 72 37 63 42 44 42 55 62 43 61 57 38
69
0
59 51 50 50 73 43 48 40 70 40 66 45 42 43 52 60 45 56 56 39
70
0
54 51 46 53 72 46 46 46 73 39 63 42 43 42 53 61 42 57 53 40
71
0
58 50 49 52 72 44 48 43 74 38 66 45 39 43 54 60 46 60 58 37
72
0
60 48 52 49 74 43 44 45 69 38 62 45 41 41 51 60 43 61 56 40
73
0
58 50 46 53 73 45 43 41 75 37 63 45 43 46 55 58 41 63 52 37
74
0
56 46 49 48 67 46 44 45 72 43 62 41 44 43 54 62 42 67 54 40
75
0
55 51 47 46 70 45 44 42 71 39 62 40 46 44 50 59 45 61 59 41
76
0
61 48 46 51 70 43 46 41 78 44 63 44 44 43 54 62 43 63 57 38
77
0
58 48 48 53 76 43 43 45 71 41 65 47 44 41 54 58 49 61 58 38
78
0
57 52 51 50 65 45 45 44 72 37 64 46 41 42 54 58 40 60 55 39
79
0
53 47 49 50 69 44 46 41 75 38 63 43 48 43 53 58 45 65 54 37
80
0
58 53 51 48 74 42 46 42 72 44 69 41 45 43 53 61 44 63 59 37
81
0
58 53 48 49 70 43 46 46 76 38 64 46 43 43 54 57 48 61 57 36
82
0
53 49 47 53 73 44 44 47 70 38 62 43 45 41 54 62 43 62 54 36
83
0
57 44 46 50 71 47 47 45 69 40 67 48 45 40 54 61 43 59 55 38
84
0
55 48 49 55 67 45 46 42 68 41 62 45 44 42 54 60 42 64 57 39
85
0
55 50 50 50 69 42 47 41 73 38 65 44 45 42 54 57 40 59 56 41
86
0
58 48 47 50 71 40 44 44 70 40 67 45 45 42 50 62 43 60 56 36
87
0
55 47 46 47 73 43 44 44 76 37 69 42 45 43 53 59 44 61 55 38
88
0
55 47 51 49 68 44 47 49 73 41 63 42 44 44 57 63 47 60 56 39
89
0
55 46 44 52 73 43 44 43 74 40 63 41 44 44 53 60 44 65 58 39
90
0
58 47 48 55 69 44 43 45 67 41 66 44 48 43 58 62 46 59 57 38
91
0
54 51 49 54 74 43 47 44 69 40 57 44 44 42 54 59 42 59 56 41
92
0
58 48 48 52 71 42 45 44 80 39 64 42 43 44 53 59 44 63 58 40
93
0
51 45 48 52 68 46 45 46 72 37 63 45 44 40 52 62 46 63 53 38
94
0
53 48 46 56 70 43 45 45 68 38 62 42 43 42 55 59 46 57 53 39
95
0
56 48 48 51 66 44 40 44 71 39 60 42 43 43 54 61 44 63 55 39
96
0
53 52 51 52 70 44 45 44 69 40 65 44 45 42 54 66 41 58 57 40
97
0
51 49 48 52 71 40 44 40 71 38 64 43 45 40 54 56 46 61 55 36
98
0
52 49 47 49 67 43 45 42 72 38 62 43 43 44 51 57 44 61 57 40
99
0
53 50 48 48 70 45 42 43 74 41 63 43 46 41 52 61 43 63 57 40
100
0
57 48 49 47 67 45 46 43 73 37 62 45 45 41 52 59 44 62 58 37
101
0
55 48 54 52 71 44 45 47 74 41 67 41 44 39 57 63 45 59 53 38
102
0
53 46 48 55 67 40 41 41 75 39 68 41 48 43 52 62 41 59 54 38
103
0
52 48 45 53 70 43 40 43 69 38 61 43 45 42 52 62 42 61 59 36
104
0
57 47 49 50 73 45 45 43 74 38 63 43 41 44 55 59 42 62 58 39
105
0
54 50 53 49 71 49 47 44 70 38 58 41 41 43 50 62 47 63 55 42
106
0
56 51 51 54 73 47 46 44 70 41 66 44 43 42 58 63 43 60 56 40
107
0
53 47 52 49 68 44 46 42 69 38 62 43 43 41 57 62 43 59 54 39
108
0
58 50 48 51 68 44 44 42 72 38 67 47 43 43 51 58 47 61 54 36
109
0
57 51 48 52 72 42 45 40 68 38 64 43 44 42 53 62 47 63 54 40
110
0
55 48 51 48 69 45 45 41 75 37 66 43 45 42 57 57 45 55 55 38
111
0
52 49 55 47 68 47 47 42 71 36 60 45 42 39 58 56 43 62 58 36
112
0
56 48 48 47 67 46 49 42 71 39 65 44 49 40 51 60 48 61 57 40
113
0
58 48 52 52 72 43 43 45 68 38 67 43 42 44 52 61 43 64 53 38
114
0
60 46 50 51 72 44 46 46 69 39 62 43 41 42 57 61 44 63 54 40
115
0
52 47 50 50 72 45 49 44 71 38 64 47 46 40 55 58 46 62 56 40
116
0
58 48 47 55 69 46 45 45 68 38 60 44 42 44 55 61 41 58 53 37
117
0
57 47 50 53 70 41 45 45 73 36 66 46 45 43 54 59 44 61 57 38
118
0
55 48 47 49 70 45 41 44 76 43 62 41 45 42 54 58 42 59 53 38
119
0
55 48 44 51 72 44 45 44 69 39 61 45 42 41 49 61 46 60 58 38
120
0
53 49 46 50 72 43 46 42 75 39 66 42 43 43 55 59 44 64 54 37
121
0
58 47 47 51 67 44 47 45 76 38 63 45 41 38 53 56 42 61 52 39
122
0
56 50 46 46 75 43 45 42 73 40 65 40 46 45 54 62 47 58 56 39
123
0
55 51 54 52 72 45 47 42 69 38 66 44 47 41 57 62 46 61 53 37
124
0
57 49 45 51 70 47 44 43 71 39 66 43 41 43 55 62 46 64 60 36
125
0
56 42 51 48 73 45 43 41 72 39 64 46 44 45 53 61 43 58 58 37
126
0
58 51 50 53 78 46 45 49 72 37 71 48 42 39 54 61 42 60 55 41
127
0
54 45 51 55 69 44 46 45 69 40 64 42 42 43 54 58 46 59 56 37
128
0
55 55 52 48 69 45 46 45 71 37 67 44 42 40 54 59 46 62 55 35
129
0
56 51 47 49 69 45 46 45 73 35 64 40 45 44 51 59 42 60 55 39
130
0
57 51 53 52 66 45 45 48 76 37 65 44 44 44 56 60 47 57 56 37
131
0
57 51 47 53 73 42 44 44 72 41 64 44 41 42 55 58 49 63 59 35
132
0
57 48 47 51 69 42 45 44 73 41 65 45 45 41 53 60 45 58 58 38
133
0
54 50 49 53 71 42 46 46 71 39 65 45 40 39 54 59 45 63 54 36
134
0
52 47 49 54 68 41 44 41 72 36 64 44 45 41 58 58 46 60 57 39
135
0
55 46 49 48 71 46 46 42 71 36 64 43 45 41 50 63 41 63 53 36
136
0
60 47 52 49 71 46 48 42 71 41 68 44 45 39 55 63 38 63 58 39
137
0
55 45 48 50 71 41 44 49 72 39 67 43 42 39 54 58 41 63 54 41
138
0
58 51 49 48 68 43 45 45 75 39 67 42 46 43 53 63 44 59 54 40
139
0
56 48 49 52 71 46 47 42 72 38 57 42 46 40 51 67 48 65 60 37
140
0
56 50 48 51 70 45 43 47 72 37 64 45 45 41 56 59 48 62 55 36
141
0
58 46 49 50 72 45 44 45 73 38 64 46 45 46 54 64 42 58 54 36
142
0
55 45 48 50 67 46 40 45 71 38 65 43 41 42 55 63 42 60 54 38
143
0
55 46 49 50 72 45 44 44 74 43 60 44 45 38 52 63 43 58 57 40
144
0
55 51 50 48 69 41 43 41 70 38 64 45 40 46 50 58 41 63 55 41
145
0
57 49 46 50 71 43 46 42 72 40 68 44 48 40 56 60 44 64 58 43
146
0
56 51 52 48 72 43 44 44 75 39 60 43 43 44 54 63 42 62 54 36
147
0
54 49 46 52 68 46 46 41 71 41 66 45 40 42 54 60 43 63 53 37
148
0
53 49 52 49 69 45 47 46 73 44 63 46 45 42 53 58 44 63 57 41
149
0
56 48 53 47 70 47 44 42 71 41 63 45 44 39 54 60 44 67 56 39
150
0
54 49 50 47 73 43 45 45 68 44 66 47 42 42 53 64 46 61 54 40
151
0
55 51 46 50 68 47 43 43 73 40 60 42 41 47 55 60 41 59 62 37
152
0
58 47 47 50 65 42 43 44 69 40 66 45 41 44 54 64 40 57 56 39
153
0
53 48 45 52 69 48 46 39 73 39 63 40 43 44 54 60 43 58 56 41
154
0
55 51 48 51 72 45 46 43 71 41 62 43 47 45 55 59 44 64 61 41
155
0
55 50 45 55 69 46 44 45 74 36 65 47 44 44 54 61 43 61 56 40
156
0
57 45 47 50 75 40 48 46 72 41 65 40 45 44 55 64 41 62 58 36
157
0
53 48 46 50 69 42 45 42 71 41 65 47 43 40 56 62 40 58 53 41
158
0
54 47 50 56 73 45 46 39 78 40 64 47 44 42 52 59 43 63 59 39
159
0
52 46 48 51 74 42 42 43 70 42 64 46 44 42 54 62 46 60 55 40
160
0
57 47 49 49 68 43 44 43 74 41 63 46 40 45 52 58 43 61 55 39
161
0
54 54 49 47 70 45 43 44 69 39 63 44 46 41 54 61 43 60 55 39
162
0
54 46 51 48 69 45 46 46 70 38 64 44 44 40 53 60 43 61 56 41
163
0
54 48 46 56 69 45 43 47 68 41 67 42 42 40 55 59 44 60 52 39
164
0
58 48 51 54 66 46 50 47 75 42 62 42 43 45 54 58 42 59 59 41
165
0
49 48 48 52 72 44 42 46 76 40 64 44 46 42 54 59 43 66 52 38
166
0
55 48 49 55 67 44 48 45 66 39 66 45 46 39 55 62 43 60 54 38
167
0
55 52 48 52 69 45 45 42 73 41 66 43 43 46 54 60 44 59 58 38
168
0
56 49 46 46 70 40 46 44 70 42 63 44 47 41 54 61 44 64 53 35
169
0
53 46 52 51 69 41 41 47 76 40 61 44 47 43 53 58 41 60 56 39
170
0
56 48 49 51 70 45 44 44 72 38 67 46 42 40 56 59 41 62 53 40
171
0
58 48 48 50 72 46 45 46 74 38 62 46 43 42 50 59 44 59 54 39
172
0
55 45 49 47 70 46 46 42 70 41 61 45 43 42 53 61 45 63 53 39
173
0
54 50 48 47 69 41 47 45 73 40 65 47 48 38 53 63 43 56 54 38
174
0
55 49 49 54 73 45 43 43 71 39 64 42 41 43 56 59 48 62 58 40
175
0
54 47 53 51 68 45 42 44 76 41 61 44 45 41 56 58 43 58 57 39
176
0
54 48 48 47 69 40 45 42 72 41 66 45 48 41 50 59 43 61 61 36
177
0
53 49 52 55 69 44 45 43 70 42 64 45 42 46 54 59 41 63 55 39
178
0
58 50 49 53 73 43 47 45 72 37 63 46 46 41 50 60 43 59 57 39
179
0
58 47 46 48 72 45 41 46 73 42 64 46 43 40 52 57 45 58 56 36
180
0
58 46 50 50 68 45 44 44 71 37 66 43 41 38 57 59 43 61 55 35
181
0
59 46 49 53 71 49 45 43 68 42 62 44 41 44 56 58 45 61 56 38
182
0
51 49 48 49 69 43 42 40 69 41 65 47 42 42 56 67 45 60 55 44
183
0
58 46 51 52 70 46 44 46 75 45 63 47 42 42 55 57 45 57 55 35
184
0
55 48 50 52 69 43 44 45 74 39 63 46 46 46 57 59 40 60 61 37
185
0
56 51 47 51 72 46 44 41 73 36 66 42 43 42 56 67 40 62 56 40
186
0
54 51 48 52 71 46 46 46 72 42 67 47 43 41 51 62 45 61 56 42
187
0
57 47 51 57 71 42 43 46 69 41 66 44 42 40 59 58 45 62 57 41
188
0
57 47 53 48 71 41 47 43 72 39 68 44 42 40 52 64 47 65 55 41
189
0
53 49 48 50 67 42 43 47 76 39 63 40 47 44 55 60 44 63 55 38
190
0
58 51 46 53 67 42 47 42 70 41 63 42 45 44 53 61 42 56 55 41
191
0
58 45 47 50 70 45 46 44 72 39 63 42 43 42 50 62 45 62 53 38
192
0
55 46 49 46 69 45 45 42 70 34 62 42 42 44 54 58 43 62 54 36
193
0
54 48 47 54 67 41 44 45 71 42 62 46 44 45 56 60 44 63 53 39
194
0
53 49 48 49 73 44 46 47 72 43 69 44 44 43 55 58 43 66 53 35
195
0
56 47 47 51 68 46 43 44 71 39 65 44 42 43 57 61 44 62 60 40
196
0
56 51 49 49 71 45 48 45 68 40 61 45 46 45 54 61 45 56 57 37
197
0
60 50 49 50 73 41 48 42 68 36 64 40 43 42 54 60 49 60 58 37
198
0
55 47 44 52 71 46 46 44 76 38 66 43 46 44 55 62 44 62 58 34
199
0
56 48 51 48 71 40 47 44 73 40 63 43 43 44 52 57 44 64 54 40
