200
5
879334
0
0
50 47 45 47 48
1
0
51 54 49 52 52
2
0
52 56 55 53 59
3
0
55 53 52 56 51
4
0
41 42 40 43 44
5
0
48 47 44 46 48
6
0
75 67 67 69 75
7
0
52 57 56 55 54
8
0
68 64 65 66 61
9
0
49 51 48 47 47
10
0
57 52 61 53 56
11
0
45 46 48 46 45
12
0
59 56 57 61 62
13
0
60 56 57 60 63
14
0
42 42 43 37 41
15
0
33 33 36 33 29
16
0
38 43 38 39 36
17
0
70 63 64 69 64
18
0
35 36 34 34 36
19
0
35 37 35 35 36
20
0
46 43 42 44 42
21
0
48 43 49 50 46
22
0
40 43 43 41 43
23
0
53 57 58 53 54
24
0
44 43 43 42 43
25
0
37 36 37 34 38
26
0
53 50 56 51 50
27
0
63 67 69 71 70
28
0
37 33 35 38 33
29
0
32 33 33 30 31
30
0
48 49 49 52 51
31
0
40 36 38 38 37
32
0
38 39 39 41 41
33
0
53 53 47 51 52
34
0
43 47 43 44 43
35
0
49 48 51 52 48
36
0
44 42 43 41 41
37
0
52 51 52 47 52
38
0
52 52 48 51 50
39
0
43 46 48 48 48
40
0
54 52 54 55 53
41
0
28 31 31 32 36
42
0
56 59 57 58 59
43
0
60 60 65 65 60
44
0
47 47 49 48 48
45
0
68 73 66 62 65
46
0
48 48 49 47 45
47
0
53 56 57 49 52
48
0
42 40 36 38 41
49
0
39 34 36 40 42
50
0
37 35 37 40 38
51
0
49 47 49 44 48
52
0
46 49 54 52 50
53
0
32 37 33 33 34
54
0
59 60 60 61 61
55
0
43 41 45 38 45
56
0
49 54 56 53 56
57
0
61 60 58 63 58
58
0
48 52 48 48 46
59
0
56 56 51 54 57
60
0
43 42 43 44 47
61
0
86 84 86 87 87
62
0
49 48 49 46 51
63
0
50 55 52 51 55
64
0
66 68 65 62 66
65
0
43 43 42 40 43
66
0
37 41 39 40 38
67
0
49 52 54 53 53
68
0
39 42 41 39 43
69
0
51 47 51 52 46
70
0
55 50 52 51 54
71
0
40 42 40 39 39
72
0
51 54 48 48 48
73
0
74 75 65 75 74
74
0
32 33 33 33 33
75
0
57 51 52 50 53
76
0
49 51 51 47 48
77
0
55 59 58 59 58
78
0
46 42 43 43 45
79
0
54 58 58 58 61
80
0
52 51 56 54 51
81
0
43 45 45 46 43
82
0
32 35 32 33 30
83
0
49 44 44 49 46
84
0
48 40 43 46 42
85
0
43 47 45 42 46
86
0
38 39 39 40 41
87
0
39 36 37 35 34
88
0
33 32 30 28 35
89
0
54 53 50 53 49
90
0
29 28 29 27 28
91
0
42 44 44 42 41
92
0
37 34 32 32 35
93
0
44 45 45 46 41
94
0
65 65 63 58 65
95
0
43 45 47 42 43
96
0
35 35 35 36 34
97
0
45 43 47 49 42
98
0
44 43 40 45 44
99
0
55 53 55 54 58
100
0
75 83 80 80 82
101
0
53 54 57 54 57
102
0
42 37 41 39 35
103
0
52 50 47 53 51
104
0
48 51 50 47 52
105
0
57 58 57 56 58
106
0
39 42 43 39 43
107
0
58 56 57 56 55
108
0
39 36 37 39 38
109
0
49 51 49 53 52
110
0
34 32 32 32 34
111
0
46 45 42 41 42
112
0
51 64 55 63 57
113
0
45 49 47 47 48
114
0
54 59 58 59 60
115
0
48 48 46 51 46
116
0
33 30 31 28 31
117
0
46 48 43 48 43
118
0
56 56 62 62 57
119
0
45 42 46 47 46
120
0
32 29 34 32 33
121
0
56 52 58 57 57
122
0
49 53 51 51 51
123
0
54 49 52 54 49
124
0
53 54 55 54 55
125
0
42 43 40 43 39
126
0
51 52 52 52 50
127
0
43 45 46 45 44
128
0
40 38 39 40 41
129
0
52 51 58 53 52
130
0
56 55 55 54 54
131
0
40 39 38 41 38
132
0
49 52 50 50 51
133
0
84 85 88 84 87
134
0
46 49 46 44 44
135
0
65 62 59 59 62
136
0
50 50 51 54 53
137
0
44 43 46 47 50
138
0
46 45 45 43 45
139
0
46 41 45 44 46
140
0
59 60 62 62 59
141
0
51 55 53 54 52
142
0
63 63 60 59 59
143
0
54 48 50 53 49
144
0
58 58 59 58 53
145
0
39 40 40 43 38
146
0
47 45 43 42 43
147
0
31 32 33 33 31
148
0
64 65 66 64 65
149
0
35 36 39 38 38
150
0
46 45 42 46 46
151
0
63 60 66 66 67
152
0
53 55 56 60 57
153
0
43 43 45 45 45
154
0
50 52 51 57 55
155
0
62 63 63 62 65
156
0
48 45 46 45 46
157
0
61 56 55 57 60
158
0
52 53 55 61 53
159
0
32 30 31 34 35
160
0
43 45 43 50 46
161
0
61 59 60 60 56
162
0
40 41 42 41 40
163
0
55 55 53 51 53
164
0
50 48 53 52 49
165
0
63 65 64 70 65
166
0
45 47 54 51 52
167
0
41 36 38 40 39
168
0
82 76 73 76 75
169
0
44 45 45 40 46
170
0
38 38 44 36 39
171
0
39 40 42 40 40
172
0
49 47 51 46 48
173
0
63 62 60 59 61
174
0
41 38 38 38 43
175
0
50 50 50 47 50
176
0
58 60 57 58 56
177
0
55 48 51 52 54
178
0
48 55 52 51 55
179
0
57 54 54 52 51
180
0
49 50 54 50 51
181
0
45 45 43 49 43
182
0
53 54 51 55 51
183
0
51 53 50 50 50
184
0
49 49 48 52 51
185
0
50 50 55 49 51
186
0
54 58 61 60 60
187
0
30 38 37 32 35
188
0
49 51 54 51 52
189
0
44 50 45 48 45
190
0
56 58 60 57 59
191
0
43 41 43 41 43
192
0
66 63 64 64 63
193
0
52 53 48 47 49
194
0
49 52 50 52 52
195
0
49 50 48 45 52
196
0
40 42 41 41 37
197
0
60 63 63 63 61
198
0
41 40 36 40 40
199
0
43 40 44 43 42
