10
20
982018
0
0
51 53 55 49 51 49 47 49 48 51 46 52 50 46 48 48 50 48 47 48
1
0
49 46 44 46 43 44 46 43 49 47 47 45 46 47 49 47 47 44 46 51
2
0
59 54 54 56 54 57 57 54 58 55 60 56 59 55 54 57 58 59 57 57
3
0
39 39 43 42 43 40 38 41 42 41 42 38 41 42 42 44 45 43 41 41
4
0
63 62 62 65 65 64 61 61 63 65 62 61 61 61 62 66 59 63 62 64
5
0
56 55 54 53 57 54 53 52 57 54 53 52 52 51 53 53 54 53 57 54
6
0
54 47 51 52 51 51 49 45 49 48 49 53 49 44 52 49 50 48 50 49
7
0
74 75 75 76 76 75 77 79 75 69 70 72 75 75 72 75 70 69 80 74
8
0
72 73 71 74 71 72 73 72 71 71 78 72 71 68 73 70 71 75 69 71
9
0
37 37 38 36 38 38 36 35 38 38 38 39 38 39 39 37 38 36 40 38
