50
20
817631
0
0
40 31 37 50 48 40 44 56 51 38 36 50 39 51 63 44 56 41 76 35
1
0
48 59 44 38 43 49 39 70 40 58 79 56 46 41 49 32 44 66 58 57
2
0
24 42 54 56 40 59 42 55 43 48 83 41 66 56 29 38 42 49 59 65
3
0
40 55 43 30 59 54 37 47 58 53 80 38 57 47 39 57 38 86 50 54
4
0
36 55 61 41 59 55 51 52 60 46 53 57 39 39 40 40 49 53 67 51
5
0
55 64 41 50 51 54 70 42 40 59 57 32 45 35 65 51 47 54 37 32
6
0
57 60 40 51 70 66 57 47 51 60 53 45 50 57 46 39 46 55 56 57
7
0
50 57 53 65 48 58 56 60 54 45 57 53 56 45 59 60 45 66 42 48
8
0
42 54 52 43 55 68 54 43 36 62 54 40 41 54 54 55 60 51 54 49
9
0
38 37 49 46 51 75 40 56 48 55 27 56 42 58 31 64 40 33 47 47
10
0
55 59 42 47 64 45 56 53 45 51 58 48 60 50 54 55 58 49 46 40
11
0
52 39 44 48 56 38 36 41 56 57 59 57 61 54 45 58 46 46 53 64
12
0
45 54 28 32 52 35 56 54 65 47 31 52 54 43 43 62 46 48 47 53
13
0
45 39 45 55 54 49 27 43 55 73 36 45 38 45 41 51 59 43 62 40
14
0
35 32 54 56 45 57 58 37 38 44 45 64 29 49 54 53 53 40 52 38
15
0
53 49 46 43 35 50 42 48 56 53 44 49 43 24 32 54 48 41 49 57
16
0
58 52 50 68 59 60 56 50 53 57 52 50 45 37 53 63 46 43 43 42
17
0
42 32 43 67 41 41 55 72 46 30 60 48 40 59 28 51 51 43 63 50
18
0
55 38 49 41 51 63 61 35 53 54 38 46 38 71 63 43 36 63 69 43
19
0
43 42 58 41 30 44 55 43 46 73 65 39 54 45 33 42 37 56 50 52
20
0
45 43 55 61 47 46 58 54 52 56 68 31 39 48 43 62 51 38 34 31
21
0
62 36 50 57 49 56 57 54 50 34 74 42 65 51 62 52 51 45 39 61
22
0
54 47 46 38 45 59 63 63 82 63 56 44 42 48 51 43 71 40 44 47
23
0
37 51 57 40 54 62 62 55 58 46 65 51 46 76 50 61 37 33 68 54
24
0
37 46 43 55 51 50 30 43 38 31 66 55 47 54 45 48 41 38 42 41
25
0
62 53 54 64 53 58 47 37 42 50 61 30 68 36 47 61 58 39 55 27
26
0
53 52 53 43 46 60 46 51 50 55 50 51 49 58 58 51 46 42 58 41
27
0
64 41 28 72 54 35 57 48 45 52 58 69 50 44 46 50 55 41 30 35
28
0
29 43 56 41 63 64 46 39 55 49 45 52 47 45 52 50 35 58 50 69
29
0
48 62 42 73 66 49 47 45 59 48 42 63 60 68 57 45 42 47 46 54
30
0
44 39 52 45 54 56 57 49 48 36 41 65 39 41 52 50 53 44 53 47
31
0
55 56 36 75 58 53 50 54 34 50 58 41 51 43 43 59 55 55 46 43
32
0
48 56 60 43 45 40 45 52 37 37 36 42 52 37 42 51 42 61 59 33
33
0
58 43 48 66 74 46 49 54 43 43 42 58 44 44 31 64 40 42 69 52
34
0
50 42 50 43 39 38 45 40 43 64 43 36 57 56 69 28 49 54 66 57
35
0
48 57 57 51 46 52 56 48 47 56 45 41 38 51 27 50 36 59 48 45
36
0
53 50 59 56 51 58 49 39 65 62 58 43 46 47 65 56 44 42 68 43
37
0
43 48 64 54 54 28 48 44 61 50 49 57 72 51 47 47 60 54 59 35
38
0
37 46 35 51 60 49 41 65 34 60 69 53 51 50 53 51 42 43 40 36
39
0
46 42 42 41 53 42 48 37 54 50 48 32 55 59 50 61 36 48 42 63
40
0
55 62 49 33 44 39 62 53 47 54 46 42 41 46 25 41 57 35 47 48
41
0
54 45 57 60 63 40 51 55 39 54 44 50 59 51 48 52 47 33 48 55
42
0
59 57 61 49 40 50 49 53 51 49 47 33 60 86 59 49 47 51 35 56
43
0
40 34 44 39 66 57 46 49 53 47 52 40 53 38 57 60 41 52 49 34
44
0
50 61 34 53 49 61 48 43 58 52 45 55 62 37 45 54 72 45 55 45
45
0
40 65 29 47 72 49 62 41 38 42 47 48 35 46 31 56 49 61 37 47
46
0
64 50 46 39 67 56 31 36 48 50 56 43 42 45 47 38 35 60 41 45
47
0
58 54 48 59 50 48 28 35 37 52 60 52 46 47 62 51 46 52 43 39
48
0
45 52 40 65 39 48 58 53 48 49 71 40 48 45 43 33 51 50 59 42
49
0
52 43 62 56 41 55 70 45 51 34 53 51 70 37 54 39 52 51 46 39
