30
20
13274
0
0
38 44 64 52 48 45 32 44 67 58 57 37 58 57 44 34 45 41 43 50
1
0
38 43 69 61 47 42 31 46 65 58 59 36 56 53 50 34 41 46 46 50
2
0
39 38 67 60 43 38 37 43 73 53 59 33 54 57 48 34 50 48 45 50
3
0
43 40 68 57 48 41 35 38 64 60 62 34 57 57 53 37 48 42 47 50
4
0
38 38 68 56 51 41 36 43 69 61 62 35 55 57 50 32 45 45 48 52
5
0
39 41 67 62 42 40 34 42 64 57 58 33 59 55 49 35 43 45 47 52
6
0
40 45 70 57 50 40 31 43 68 55 62 34 57 50 52 34 49 43 47 52
7
0
37 38 69 58 46 35 33 40 68 56 58 33 52 58 49 34 42 45 48 52
8
0
41 41 64 58 48 42 34 41 66 53 63 32 61 56 49 34 44 43 49 50
9
0
39 42 66 60 47 39 35 45 72 60 58 31 52 58 51 35 45 45 45 50
10
0
42 38 69 57 46 42 33 45 65 58 53 34 53 54 49 34 47 45 47 55
11
0
41 41 68 57 48 44 35 40 70 55 57 32 58 56 49 33 47 45 49 54
12
0
38 41 65 56 45 43 31 43 68 57 60 36 61 55 46 34 48 48 48 51
13
0
38 41 61 60 47 42 33 45 63 56 60 36 58 54 51 36 48 44 49 50
14
0
39 41 68 57 49 41 32 42 61 61 55 35 62 56 46 35 46 42 46 53
15
0
36 43 67 56 51 44 35 43 71 59 63 33 56 54 50 38 47 50 44 49
16
0
39 40 70 62 44 43 33 45 67 59 62 33 57 54 50 34 48 41 47 53
17
0
40 43 66 58 46 45 33 43 67 58 65 38 59 57 51 34 46 47 45 48
18
0
42 43 69 58 48 46 36 44 70 56 62 34 55 58 46 34 45 47 46 53
19
0
43 39 70 58 49 43 33 41 67 56 66 36 56 58 47 34 47 45 47 48
20
0
40 38 63 55 49 40 32 44 69 58 57 31 56 57 47 32 45 44 46 46
21
0
39 44 67 57 49 39 32 39 72 53 61 34 53 56 50 33 45 46 47 50
22
0
37 40 65 59 46 45 37 42 67 58 57 32 56 57 51 34 45 48 48 46
23
0
40 44 69 59 49 43 32 45 63 59 59 31 59 56 50 34 45 49 47 50
24
0
37 42 71 56 44 41 37 42 67 57 59 32 58 60 48 33 44 45 46 51
25
0
37 39 65 55 49 40 34 42 68 58 63 32 59 54 52 37 43 43 43 51
26
0
40 42 69 58 44 41 34 41 70 58 58 31 55 53 47 32 48 44 50 47
27
0
37 43 66 58 49 43 35 41 69 58 60 33 58 52 50 38 50 46 45 54
28
0
42 40 67 58 44 40 36 44 69 57 59 32 59 54 50 34 47 46 48 53
29
0
42 40 64 54 47 41 33 42 69 61 55 36 56 51 49 36 43 48 49 52
