50
5
425652
0
0
42 47 54 51 58
1
0
38 49 40 48 61
2
0
42 64 48 47 49
3
0
51 45 33 38 53
4
0
75 46 47 69 41
5
0
60 42 46 45 60
6
0
33 37 53 55 58
7
0
39 67 43 82 45
8
0
60 46 32 28 67
9
0
38 34 58 55 40
10
0
50 51 44 34 62
11
0
61 63 39 55 45
12
0
66 68 65 71 42
13
0
71 42 38 66 46
14
0
44 43 40 50 58
15
0
64 63 45 59 62
16
0
68 44 44 42 69
17
0
49 43 30 41 53
18
0
69 44 42 46 76
19
0
44 51 26 47 52
20
0
61 76 54 75 57
21
0
67 69 49 57 56
22
0
53 39 33 52 35
23
0
38 44 57 47 46
24
0
36 65 63 69 46
25
0
53 48 58 46 42
26
0
72 51 70 40 71
27
0
55 48 46 53 51
28
0
37 53 62 30 55
29
0
58 67 64 50 49
30
0
53 46 54 45 63
31
0
61 45 68 60 47
32
0
47 70 40 54 34
33
0
52 37 57 40 41
34
0
63 54 55 58 66
35
0
42 38 30 49 52
36
0
63 66 62 44 52
37
0
44 69 53 43 65
38
0
62 36 50 58 36
39
0
54 46 63 51 43
40
0
45 52 51 54 48
41
0
35 33 48 75 38
42
0
45 52 41 48 63
43
0
50 61 52 42 58
44
0
44 53 49 60 51
45
0
42 48 45 41 56
46
0
74 61 44 52 49
47
0
32 42 36 55 49
48
0
57 53 57 65 94
49
0
40 52 61 39 72
