100
10
595812
0
0
58 53 49 52 52 51 44 56 58 48
1
0
53 55 44 52 49 48 45 53 54 49
2
0
61 52 46 51 49 50 46 50 55 49
3
0
55 56 51 51 52 51 50 49 60 48
4
0
52 54 52 48 46 54 46 49 58 50
5
0
56 59 47 51 51 49 47 48 58 50
6
0
54 55 49 56 50 53 46 52 62 44
7
0
50 54 51 52 50 51 48 48 61 45
8
0
62 51 48 48 52 55 49 49 59 49
9
0
56 53 49 53 52 51 45 57 60 49
10
0
52 51 48 52 47 50 48 52 58 48
11
0
57 55 47 48 48 53 47 49 56 49
12
0
52 55 47 56 49 53 45 54 57 48
13
0
57 52 49 51 50 49 48 49 59 48
14
0
55 54 51 52 47 50 48 49 54 50
15
0
58 54 48 55 49 52 47 52 62 48
16
0
50 56 46 48 49 46 49 50 63 48
17
0
61 52 50 51 47 46 48 52 58 52
18
0
57 53 50 50 52 48 50 52 63 47
19
0
59 53 49 51 48 49 46 47 57 46
20
0
55 55 50 51 51 51 46 53 53 46
21
0
54 55 50 52 47 51 48 52 58 47
22
0
53 58 52 53 50 44 49 48 56 48
23
0
58 51 50 51 49 49 49 49 61 48
24
0
60 54 49 49 50 51 44 50 59 46
25
0
58 53 49 53 52 48 47 50 53 46
26
0
59 55 51 55 52 52 48 51 55 46
27
0
53 54 48 49 49 52 44 47 61 45
28
0
56 53 48 50 53 51 45 48 61 47
29
0
53 56 47 50 51 50 51 52 57 48
30
0
55 56 49 50 51 50 46 47 58 52
31
0
54 57 52 51 53 51 48 53 59 49
32
0
53 51 47 51 45 49 47 52 56 46
33
0
56 51 47 52 48 53 50 53 60 45
34
0
59 52 48 55 48 49 48 50 57 46
35
0
53 53 49 52 50 56 47 50 61 45
36
0
57 51 47 51 46 49 50 51 57 46
37
0
53 54 49 49 53 47 46 52 59 48
38
0
59 57 51 52 48 52 49 48 63 48
39
0
55 52 51 46 49 51 46 50 59 50
40
0
56 55 48 48 48 51 44 51 57 51
41
0
53 56 43 55 52 51 44 50 58 46
42
0
53 53 49 48 49 53 47 53 57 47
43
0
55 55 50 54 48 51 50 49 58 46
44
0
56 52 49 49 47 49 53 53 56 47
45
0
53 56 48 52 47 54 47 53 59 44
46
0
59 55 47 53 50 48 49 52 59 46
47
0
55 51 48 49 50 49 46 51 57 50
48
0
56 57 51 50 49 53 45 49 59 50
49
0
53 51 50 50 48 46 46 48 55 48
50
0
57 56 49 53 45 48 48 49 60 45
51
0
54 53 50 49 50 49 51 51 63 43
52
0
58 53 46 54 51 53 46 54 58 49
53
0
58 57 49 49 46 51 46 50 59 51
54
0
57 55 53 52 49 49 44 52 58 47
55
0
55 54 49 51 47 46 50 51 60 43
56
0
61 51 51 50 50 53 45 51 58 48
57
0
52 51 49 52 45 52 45 51 60 49
58
0
53 55 52 50 47 50 48 52 59 48
59
0
59 54 48 48 49 50 47 51 57 49
60
0
54 51 45 53 47 50 46 49 56 48
61
0
53 51 52 51 47 51 47 51 57 47
62
0
55 52 51 50 49 54 50 48 56 45
63
0
58 53 52 49 49 49 46 47 58 45
64
0
60 54 47 55 49 45 50 51 61 44
65
0
57 55 49 50 47 52 46 52 58 48
66
0
54 53 49 51 54 49 44 47 56 48
67
0
56 54 50 50 49 52 50 51 57 46
68
0
58 54 48 52 47 50 46 50 58 45
69
0
56 54 48 49 52 49 46 49 60 48
70
0
54 53 45 53 49 48 45 49 57 46
71
0
54 53 47 52 49 49 48 48 55 49
72
0
49 57 50 47 46 51 50 46 58 47
73
0
58 53 50 52 49 50 46 51 57 45
74
0
52 55 49 51 47 47 43 51 57 46
75
0
58 55 50 45 48 51 46 49 60 49
76
0
55 54 47 51 48 54 48 49 58 48
77
0
58 53 54 50 46 47 50 53 56 46
78
0
53 56 55 47 49 48 49 53 57 49
79
0
55 54 55 48 48 54 46 51 57 50
80
0
62 56 53 49 49 48 47 52 57 50
81
0
53 54 46 53 52 49 44 50 60 45
82
0
55 52 49 51 49 43 48 50 56 48
83
0
53 54 50 49 49 48 47 55 59 44
84
0
57 51 47 52 51 52 52 48 59 48
85
0
55 56 46 52 51 48 46 47 62 43
86
0
56 54 48 53 48 55 49 50 59 50
87
0
58 58 50 49 48 50 48 47 58 46
88
0
60 53 52 56 49 49 42 53 59 47
89
0
50 52 46 46 49 46 45 54 57 50
90
0
57 55 49 53 53 46 45 50 62 48
91
0
57 54 47 50 46 48 45 53 57 48
92
0
55 54 49 51 49 50 48 53 57 45
93
0
56 52 52 48 50 50 48 49 62 47
94
0
54 51 47 52 47 49 50 51 57 48
95
0
56 55 46 50 49 49 43 53 57 50
96
0
57 53 52 57 48 48 49 50 60 44
97
0
57 56 52 52 49 49 51 49 58 48
98
0
54 54 48 50 50 48 46 47 57 47
99
0
55 56 49 48 49 51 46 50 56 43
