30
5
652378
0
0
51 55 62 34 55
1
0
48 48 53 41 58
2
0
59 52 45 42 58
3
0
57 41 57 40 53
4
0
53 37 42 29 34
5
0
64 41 39 55 52
6
0
52 52 40 46 84
7
0
59 35 42 50 46
8
0
52 51 46 54 36
9
0
47 48 61 45 64
10
0
42 57 51 57 38
11
0
56 62 45 62 34
12
0
47 51 53 48 45
13
0
44 39 47 57 34
14
0
59 45 42 44 60
15
0
35 54 53 39 45
16
0
62 53 58 44 49
17
0
84 54 53 48 44
18
0
57 38 71 36 50
19
0
61 50 49 76 40
20
0
64 46 37 37 41
21
0
53 75 43 47 40
22
0
52 49 51 42 37
23
0
53 48 47 53 41
24
0
52 44 32 54 52
25
0
59 44 46 41 55
26
0
49 46 47 47 49
27
0
42 38 69 47 52
28
0
57 54 41 31 57
29
0
37 43 49 50 52
