100
20
885196
0
0
42 49 43 63 51 45 49 42 54 34 43 45 49 55 42 41 43 52 55 47
1
0
46 47 42 68 51 40 46 43 56 30 42 50 48 55 38 42 46 52 55 50
2
0
45 49 39 61 50 42 47 45 54 37 43 42 45 64 42 41 44 52 54 50
3
0
43 45 41 69 53 49 47 41 58 32 44 45 48 59 40 43 43 51 55 48
4
0
45 46 43 64 53 44 45 39 57 37 42 47 51 59 44 39 46 50 53 52
5
0
46 46 39 65 54 49 50 42 54 32 44 42 46 58 43 43 46 52 52 48
6
0
47 47 40 62 51 43 49 39 54 35 42 44 46 60 41 40 45 51 50 48
7
0
48 44 36 67 52 49 50 40 57 33 42 42 48 61 41 40 43 53 55 49
8
0
44 48 42 72 51 47 45 44 51 39 41 47 49 59 41 39 43 51 52 49
9
0
46 49 38 69 54 42 44 43 57 34 43 49 48 59 41 37 44 54 52 47
10
0
44 47 44 64 48 46 50 40 56 37 40 45 46 56 43 40 42 52 51 50
11
0
47 46 39 66 51 46 49 42 55 36 44 48 48 60 40 39 44 52 53 50
12
0
44 47 40 62 53 44 44 41 50 35 43 42 47 55 43 43 48 51 47 50
13
0
44 45 38 63 51 45 48 41 55 33 41 45 49 59 42 39 46 53 53 53
14
0
46 46 42 65 54 41 49 43 54 38 42 47 51 59 43 39 42 52 53 50
15
0
42 47 42 67 53 47 47 45 60 34 44 44 44 58 40 41 42 51 52 47
16
0
46 46 41 62 51 43 43 42 51 36 39 43 45 57 39 41 41 55 50 50
17
0
45 45 40 64 52 46 44 39 51 40 42 46 49 58 42 43 43 52 51 53
18
0
43 48 41 66 51 43 44 41 57 35 44 45 47 55 38 39 43 48 54 50
19
0
42 47 43 69 46 49 44 39 53 34 41 48 47 59 42 39 43 52 52 50
20
0
44 47 42 69 54 40 45 40 54 33 41 47 48 60 43 36 44 50 52 49
21
0
46 45 41 63 52 46 50 41 57 37 40 44 48 58 43 42 45 46 49 49
22
0
48 48 40 66 53 45 45 43 52 35 40 45 44 59 45 42 42 51 52 45
23
0
47 47 43 65 54 45 50 39 52 33 40 42 46 60 41 39 41 55 47 52
24
0
43 42 42 64 51 44 48 43 51 33 44 46 48 57 43 43 40 48 54 50
25
0
44 49 40 69 49 46 49 41 56 35 40 41 46 59 44 39 44 53 51 51
26
0
44 49 42 68 49 47 45 37 55 39 41 43 46 61 40 41 43 53 51 49
27
0
46 44 39 66 55 43 48 39 56 33 44 47 45 57 45 40 44 51 55 48
28
0
44 46 40 62 50 44 48 41 52 34 40 44 46 60 43 39 42 51 57 48
29
0
45 46 39 68 55 45 46 41 51 37 44 45 47 58 38 42 46 53 52 52
30
0
44 49 39 64 50 43 47 42 54 33 41 43 46 58 41 41 45 52 50 49
31
0
43 45 38 64 54 48 47 41 57 32 41 48 49 62 45 38 45 53 53 50
32
0
44 48 40 70 51 47 47 41 51 35 41 41 46 61 44 40 44 52 47 47
33
0
42 42 40 65 57 46 43 38 56 37 42 44 53 65 45 37 43 50 57 48
34
0
45 47 39 68 48 46 49 40 55 34 44 43 48 56 42 40 45 51 52 49
35
0
43 50 40 60 54 44 44 39 57 38 41 40 45 59 46 40 45 52 49 48
36
0
45 46 37 63 52 42 45 41 57 35 44 41 44 57 41 40 45 57 49 49
37
0
42 42 39 68 54 45 46 41 60 33 42 49 47 62 42 38 43 49 51 48
38
0
47 46 41 69 51 42 46 39 52 34 42 46 43 60 43 43 47 51 53 47
39
0
45 47 37 66 51 41 43 38 53 32 44 42 46 61 42 43 45 50 51 50
40
0
46 48 41 60 55 45 47 41 54 39 42 47 50 58 40 36 44 50 52 50
41
0
47 47 42 66 49 48 47 41 59 39 40 41 49 57 43 42 46 50 52 51
42
0
43 48 40 66 53 48 46 40 53 34 38 41 47 59 42 39 46 52 52 47
43
0
46 49 42 68 49 44 42 43 53 32 38 44 49 56 43 39 41 51 53 45
44
0
46 48 41 67 47 43 47 38 57 31 43 45 44 58 44 43 40 52 54 50
45
0
53 46 39 65 54 46 47 39 53 37 41 44 46 62 42 40 42 50 51 44
46
0
43 44 40 66 55 42 48 42 55 36 43 48 45 60 42 40 48 53 56 53
47
0
47 47 40 67 53 44 46 39 52 40 43 47 47 61 40 40 43 49 52 47
48
0
46 48 40 70 53 45 49 36 50 34 45 47 49 60 41 41 46 52 54 48
49
0
43 47 40 64 51 47 44 39 54 34 40 50 48 56 42 42 43 51 52 50
50
0
43 46 40 63 53 49 44 36 52 38 43 48 47 62 40 39 44 51 49 48
51
0
45 46 42 63 52 45 46 41 57 34 39 46 50 60 42 40 45 52 48 51
52
0
44 44 43 67 52 43 45 41 55 34 49 43 47 60 41 41 46 51 51 51
53
0
43 49 41 65 50 45 45 42 51 35 44 45 44 61 41 40 44 50 50 52
54
0
43 46 39 66 51 46 42 44 55 36 43 44 48 60 39 42 47 49 53 50
55
0
42 44 40 68 54 46 51 43 54 37 45 46 46 63 39 41 44 52 53 46
56
0
41 51 41 66 54 40 47 42 56 38 45 50 46 61 43 39 46 51 57 46
57
0
44 44 40 63 51 46 45 41 52 33 40 44 47 59 43 42 44 51 54 48
58
0
41 44 38 67 50 44 47 39 56 35 42 44 47 58 41 41 44 51 53 45
59
0
46 47 42 65 47 48 47 42 55 36 44 45 53 55 43 38 45 53 49 46
60
0
43 45 42 67 52 42 42 39 53 34 41 44 50 58 46 44 41 50 47 57
61
0
45 50 37 66 49 46 48 40 57 34 43 46 50 56 42 43 45 50 50 51
62
0
48 46 41 67 50 46 47 38 53 34 44 45 46 61 41 42 40 52 53 50
63
0
47 48 43 65 51 44 47 44 57 36 44 44 47 57 44 42 41 51 53 49
64
0
50 45 39 69 54 46 49 41 51 38 41 39 46 58 45 42 45 56 55 44
65
0
45 43 41 66 54 48 47 40 57 38 42 46 48 58 40 42 45 55 54 47
66
0
46 47 37 64 49 47 44 45 56 33 44 44 45 62 41 42 47 49 52 50
67
0
44 47 41 68 52 47 45 39 52 36 44 42 48 53 43 40 41 51 52 49
68
0
45 45 39 66 51 47 47 38 56 39 40 46 46 61 41 40 42 52 54 45
69
0
44 48 43 65 54 47 48 37 51 33 45 44 48 57 40 41 48 50 52 47
70
0
42 45 39 70 54 42 47 40 53 37 46 42 48 57 46 41 42 50 53 48
71
0
43 47 43 67 49 48 45 37 56 37 44 46 43 60 42 39 47 51 54 44
72
0
44 49 39 61 53 41 44 41 57 37 39 47 51 59 40 42 41 51 53 52
73
0
45 48 42 66 52 44 49 43 50 32 45 45 47 62 44 38 48 49 55 52
74
0
44 46 41 68 51 44 44 41 53 32 41 47 46 58 44 39 44 50 54 52
75
0
43 46 39 65 52 43 45 41 59 37 42 43 46 60 40 42 44 56 50 51
76
0
44 49 40 63 53 45 46 38 59 35 40 49 47 59 41 40 41 52 51 49
77
0
41 46 40 66 54 45 47 36 55 33 42 43 49 57 45 39 41 50 52 47
78
0
50 48 40 62 49 46 49 37 53 35 41 45 47 62 39 40 44 53 55 52
79
0
42 43 40 64 54 50 47 40 50 36 40 44 51 57 46 40 43 49 50 47
80
0
41 48 39 62 53 42 45 41 59 38 39 43 47 61 41 41 45 52 55 47
81
0
47 45 41 66 49 43 48 40 54 37 41 44 45 58 45 41 45 53 50 47
82
0
50 50 41 62 51 46 45 37 53 35 38 45 46 59 42 41 43 53 51 48
83
0
42 46 40 69 51 46 48 41 52 33 41 44 52 53 43 40 45 54 52 49
84
0
46 47 39 65 50 45 44 36 56 35 44 44 50 57 43 42 44 54 54 47
85
0
47 46 39 69 54 42 54 40 54 37 43 42 49 58 39 40 46 54 54 49
86
0
42 44 41 67 53 47 47 44 56 34 43 44 47 57 42 41 43 51 49 48
87
0
46 44 36 61 49 46 44 38 54 34 42 44 48 60 43 39 44 49 56 48
88
0
45 50 40 67 55 46 45 42 54 38 42 47 49 60 43 40 45 50 54 52
89
0
44 41 39 71 51 46 47 39 53 34 40 48 49 60 41 43 43 53 52 49
90
0
48 49 41 63 52 45 47 40 53 33 42 46 45 55 40 43 42 53 51 49
91
0
45 48 39 67 52 44 49 39 50 32 43 46 48 61 44 43 45 52 54 48
92
0
50 48 40 65 56 48 44 42 53 31 39 43 48 63 41 40 44 53 51 44
93
0
45 49 41 67 50 45 44 43 54 33 42 45 47 59 43 39 45 52 55 49
94
0
47 49 39 63 52 45 49 43 57 37 43 48 51 61 42 38 46 48 48 50
95
0
47 46 39 67 51 43 48 39 55 36 43 51 45 57 46 38 42 52 52 51
96
0
47 45 38 66 50 46 44 39 57 37 43 42 44 60 41 42 41 53 49 52
97
0
44 48 40 67 54 45 49 41 53 37 39 47 46 57 40 39 42 48 53 46
98
0
40 49 39 65 51 48 48 40 54 33 44 43 50 59 42 40 41 51 53 47
99
0
45 43 39 65 54 44 47 39 59 37 41 49 49 58 44 39 43 50 56 49
