200
20
258817
0
0
60 53 57 54 57 58 57 55 56 53 57 52 57 53 52 55 58 56 57 60
1
0
56 54 52 53 53 53 50 55 53 51 53 50 54 58 55 52 56 49 51 50
2
0
56 56 54 58 57 52 59 57 56 58 58 56 55 56 51 59 54 57 56 60
3
0
44 45 48 40 47 43 44 44 44 42 43 46 47 42 39 46 46 43 42 46
4
0
49 53 53 53 56 54 51 54 53 51 51 54 52 56 51 54 53 51 52 49
5
0
81 82 84 83 82 80 83 84 85 78 83 82 82 77 80 83 85 80 81 81
6
0
43 46 46 45 47 47 47 44 46 47 47 46 45 48 43 42 47 44 45 47
7
0
56 57 56 58 63 58 61 62 56 57 59 57 63 60 58 57 64 58 61 60
8
0
73 79 76 74 74 78 71 72 76 73 70 75 72 76 74 72 74 69 77 68
9
0
53 53 49 49 50 50 52 49 50 49 49 51 53 49 48 50 49 49 46 50
10
0
66 64 67 71 62 71 61 67 63 62 67 68 66 63 67 68 67 63 72 64
11
0
60 60 60 58 58 56 57 55 62 61 57 59 58 59 61 61 63 64 56 63
12
0
68 73 71 75 74 69 75 74 72 68 75 74 72 72 70 69 71 70 69 67
13
0
27 28 28 28 25 26 26 27 25 26 28 27 29 26 23 25 28 26 28 28
14
0
37 42 42 42 40 37 35 40 37 36 40 37 36 40 36 38 39 42 38 38
15
0
56 58 55 53 57 57 57 56 54 55 54 54 56 56 55 51 49 54 54 56
16
0
43 46 45 45 47 49 48 49 45 47 45 48 42 48 50 48 44 41 44 43
17
0
64 69 68 66 62 64 62 65 68 69 64 68 68 67 65 64 64 65 65 66
18
0
47 46 44 45 47 48 43 45 43 48 45 46 49 46 41 44 42 48 47 49
19
0
48 46 47 48 50 48 47 48 51 46 49 47 46 48 48 47 48 51 45 47
20
0
39 38 38 38 39 38 41 37 40 38 36 38 38 37 36 36 41 36 36 36
21
0
51 52 49 48 49 45 47 47 51 47 49 48 46 48 49 49 45 46 44 48
22
0
46 45 45 44 45 47 45 44 44 45 43 47 47 45 46 45 48 50 46 45
23
0
50 51 49 51 48 51 51 49 47 50 47 48 51 47 53 48 50 51 50 47
24
0
49 53 50 55 56 52 52 53 49 53 52 55 51 52 58 50 54 49 54 51
25
0
53 50 49 51 49 52 51 51 54 51 54 52 51 52 53 50 46 50 48 53
26
0
44 42 42 44 38 43 45 41 42 41 40 43 41 39 42 39 40 42 42 46
27
0
57 53 56 57 55 56 56 57 55 58 56 56 57 55 53 58 55 54 59 54
28
0
37 36 33 36 35 31 36 31 33 36 32 33 33 36 36 34 34 33 36 34
29
0
61 61 58 61 61 64 64 61 59 63 61 65 62 63 66 57 62 59 61 62
30
0
57 57 57 57 55 57 54 56 54 54 54 53 55 55 57 54 56 56 58 58
31
0
40 41 41 44 43 38 44 41 42 45 39 45 39 41 39 42 41 43 42 45
32
0
53 54 54 54 56 58 55 51 52 54 52 62 57 57 57 56 56 59 54 56
33
0
42 43 49 46 44 42 41 46 46 43 47 43 43 48 45 43 46 45 44 47
34
0
25 23 26 22 23 24 23 24 23 23 26 26 25 26 26 24 23 26 25 22
35
0
40 42 45 38 41 42 43 41 44 44 42 39 40 43 40 43 39 40 39 40
36
0
61 57 55 61 62 58 54 58 54 55 59 55 54 55 55 57 51 62 57 57
37
0
67 71 65 66 64 67 75 67 65 67 68 71 69 68 65 66 75 66 64 63
38
0
42 45 40 42 43 45 44 48 44 47 42 45 43 45 49 41 47 42 42 44
39
0
49 50 48 53 49 51 49 52 52 46 49 47 50 49 47 50 50 51 50 48
40
0
44 43 44 45 44 45 41 42 45 43 44 44 45 42 43 46 45 45 41 44
41
0
35 37 36 35 38 39 40 38 39 34 36 35 35 38 39 38 41 37 38 37
42
0
42 40 40 38 39 39 36 41 35 40 42 38 40 40 39 38 39 43 42 37
43
0
38 42 35 40 36 33 39 38 38 39 37 38 34 38 38 38 38 40 35 38
44
0
64 59 65 64 65 59 64 61 65 61 64 70 64 64 57 63 66 66 59 62
45
0
64 62 66 62 65 63 64 65 63 63 63 65 66 63 63 65 64 63 67 64
46
0
49 48 47 50 53 48 48 47 50 53 50 50 52 53 49 51 50 50 49 50
47
0
43 47 46 47 49 45 47 46 45 49 50 45 47 47 41 48 50 45 48 47
48
0
39 35 38 41 38 39 40 38 38 40 40 36 36 41 38 38 36 41 40 35
49
0
38 40 41 37 39 39 41 39 40 40 40 37 40 41 37 40 38 42 36 40
50
0
52 49 50 50 51 47 51 49 48 49 50 48 50 48 49 48 50 48 53 49
51
0
50 50 53 52 49 47 51 50 50 51 49 47 47 50 53 52 50 49 51 53
52
0
46 47 49 47 46 44 46 46 44 46 44 45 47 46 48 43 47 45 43 45
53
0
46 49 47 47 49 46 50 47 49 48 48 46 50 48 46 45 48 51 50 47
54
0
56 53 53 55 57 53 58 59 58 56 54 57 55 55 54 55 55 54 59 56
55
0
40 38 39 39 46 42 40 40 39 41 41 46 41 44 39 45 43 39 41 43
56
0
60 57 48 55 52 57 55 54 60 55 56 56 63 54 55 55 59 54 57 59
57
0
69 65 67 67 71 65 65 70 66 66 67 63 65 68 70 67 69 63 65 75
58
0
46 47 50 48 48 46 46 46 51 46 46 45 46 46 51 46 48 49 46 50
59
0
44 45 42 43 41 43 43 43 46 44 43 48 45 46 43 44 45 44 43 42
60
0
49 51 48 49 49 47 49 52 44 50 48 47 50 49 48 48 48 47 50 45
61
0
41 42 42 46 41 44 43 42 39 40 38 41 42 41 39 44 42 43 41 41
62
0
56 60 59 61 63 59 56 62 62 58 62 63 60 57 61 60 59 59 57 55
63
0
35 36 35 39 38 38 36 37 38 37 40 35 37 38 35 37 37 35 41 39
64
0
48 49 48 50 49 54 50 48 51 48 53 48 52 49 51 48 52 51 50 56
65
0
56 56 54 60 61 60 58 54 53 61 56 57 55 59 56 56 56 58 55 57
66
0
50 56 54 50 55 52 51 51 51 52 53 56 51 52 51 52 51 56 53 53
67
0
42 44 44 41 42 43 41 43 43 46 43 43 44 45 41 44 44 42 46 42
68
0
46 46 46 43 47 48 46 43 46 48 45 44 43 46 44 43 44 43 47 45
69
0
39 43 40 44 44 45 42 45 48 46 41 43 44 42 48 45 49 43 44 45
70
0
55 55 55 54 51 54 53 56 56 57 55 54 53 57 57 54 55 58 58 53
71
0
65 63 65 59 63 62 63 62 67 64 66 62 64 70 64 63 61 65 60 62
72
0
39 40 38 41 43 41 39 40 42 41 41 41 40 44 43 40 39 41 38 39
73
0
51 50 52 48 51 51 51 47 49 48 52 54 48 48 50 51 53 48 49 49
74
0
32 33 34 35 32 34 32 36 33 34 33 31 33 32 31 35 34 32 32 29
75
0
46 49 48 47 49 47 48 50 43 46 51 49 48 46 51 45 50 47 47 45
76
0
51 52 48 55 49 54 52 49 51 47 56 53 52 49 53 54 55 53 49 50
77
0
59 62 64 62 61 67 58 59 63 58 64 65 62 66 56 61 61 63 58 57
78
0
71 75 79 75 76 74 77 76 69 72 73 81 74 71 74 75 75 77 72 74
79
0
51 50 51 55 53 49 50 51 49 52 49 54 58 54 56 52 52 52 52 49
80
0
37 37 37 39 38 39 37 39 40 37 39 38 39 38 40 39 39 39 36 38
81
0
48 54 49 50 50 50 50 49 51 47 54 54 46 51 47 53 48 52 48 51
82
0
51 52 52 51 51 53 49 52 53 48 51 51 49 50 54 55 53 55 50 53
83
0
50 51 53 56 54 52 55 56 51 51 56 54 52 54 52 54 56 54 55 57
84
0
44 44 49 50 48 47 46 48 45 42 46 46 46 49 48 47 46 49 44 44
85
0
33 31 32 30 31 34 33 31 32 33 34 35 32 30 27 30 33 33 34 29
86
0
55 53 50 52 56 54 52 54 55 52 58 53 58 55 55 55 50 63 57 54
87
0
55 54 56 54 53 52 53 53 52 54 54 52 56 55 54 54 52 52 54 49
88
0
55 57 58 59 61 57 50 57 60 55 59 54 60 54 56 58 58 59 55 54
89
0
49 50 46 52 51 49 53 50 48 54 49 48 48 53 51 51 52 48 44 51
90
0
59 64 59 62 58 63 62 59 63 61 61 61 61 58 63 63 64 59 61 58
91
0
48 46 47 49 48 52 48 46 48 49 47 47 46 48 53 50 51 53 49 48
92
0
41 43 41 39 42 41 41 39 40 41 39 40 40 40 40 34 39 41 46 38
93
0
55 58 57 53 58 55 57 56 58 56 55 57 55 52 56 57 54 54 54 55
94
0
44 44 45 44 39 45 45 44 47 48 44 46 47 46 46 46 47 46 49 45
95
0
26 27 30 27 29 26 31 30 30 26 27 28 33 29 33 28 26 26 29 30
96
0
70 71 73 70 71 71 73 73 67 74 72 74 71 70 72 74 70 69 70 72
97
0
57 57 62 59 61 60 60 57 60 63 60 54 58 61 52 60 53 59 58 59
98
0
37 37 36 38 38 39 40 35 34 36 33 42 37 38 39 34 43 34 33 38
99
0
43 42 44 41 44 45 41 43 42 42 45 41 44 43 44 43 45 42 41 40
100
0
42 51 46 40 46 45 44 49 47 44 42 42 46 49 45 43 45 46 45 43
101
0
47 45 43 45 45 49 50 46 45 47 45 49 43 51 50 47 46 51 48 50
102
0
46 48 49 51 51 49 45 47 50 47 46 49 45 49 47 50 50 51 51 45
103
0
60 57 62 63 64 64 60 64 66 59 63 63 62 58 60 67 65 66 59 63
104
0
57 53 56 54 50 52 60 53 56 58 55 57 54 53 53 51 52 52 56 53
105
0
41 41 43 44 42 42 47 41 45 45 44 42 39 44 42 43 43 44 46 39
106
0
48 50 48 43 47 45 50 45 48 50 49 49 48 48 47 45 47 46 48 50
107
0
56 50 54 53 50 53 51 53 56 51 53 53 50 54 52 56 50 53 52 48
108
0
54 52 51 51 53 52 54 51 52 51 48 52 52 54 52 51 50 51 48 53
109
0
68 70 65 66 65 67 63 66 65 67 66 68 66 72 69 67 65 65 65 64
110
0
44 43 47 47 44 41 45 43 47 39 46 43 44 45 44 44 45 42 44 45
111
0
38 39 39 40 41 38 39 42 42 41 42 42 42 42 41 39 43 43 38 39
112
0
60 57 57 53 59 55 59 56 53 57 57 59 58 54 54 54 58 57 54 60
113
0
48 47 45 47 50 51 48 48 48 49 43 53 43 48 48 47 48 52 46 49
114
0
54 56 54 52 54 50 54 57 52 52 55 54 55 53 54 56 52 57 56 54
115
0
47 48 50 50 50 47 49 48 51 48 48 52 52 47 47 53 49 47 49 50
116
0
45 47 49 47 52 49 50 48 47 49 48 47 47 47 49 48 48 49 45 46
117
0
53 51 54 55 49 50 52 52 48 50 50 52 52 54 53 53 52 50 52 50
118
0
48 42 46 43 44 44 44 44 45 45 43 45 49 45 43 45 44 47 45 44
119
0
41 37 46 42 42 43 42 42 42 41 39 41 43 41 40 41 38 41 44 43
120
0
50 56 52 49 51 49 50 48 48 50 52 51 50 46 51 51 49 48 49 48
121
0
48 41 45 43 45 45 46 47 49 48 46 41 45 49 47 48 49 49 47 44
122
0
41 39 43 43 47 49 45 44 44 47 42 43 42 42 43 45 49 41 44 42
123
0
42 45 45 41 36 41 38 42 38 39 43 40 40 44 41 40 39 39 42 39
124
0
52 51 53 49 50 53 52 50 52 49 51 45 49 51 52 48 54 48 50 50
125
0
56 54 56 57 52 56 56 53 53 52 55 52 57 54 51 56 53 53 55 54
126
0
37 39 39 36 37 39 39 42 37 36 38 39 40 35 39 37 37 36 38 37
127
0
51 51 59 48 51 50 49 52 51 48 55 52 51 53 52 53 49 49 54 48
128
0
43 44 46 44 46 45 47 47 47 46 46 45 46 48 48 45 44 43 43 42
129
0
52 51 51 52 50 51 55 52 51 50 52 50 47 53 49 47 49 51 49 52
130
0
55 57 53 56 53 58 58 56 57 57 54 54 60 54 58 53 55 59 55 57
131
0
50 50 53 51 53 55 50 51 53 53 48 49 50 53 47 52 51 50 51 47
132
0
29 30 31 29 28 28 30 29 31 33 34 32 33 29 30 28 33 32 30 28
133
0
39 38 39 39 39 42 40 40 39 39 43 37 37 42 41 38 40 41 41 38
134
0
48 49 50 49 50 50 45 51 53 47 50 49 48 51 51 49 50 50 50 48
135
0
65 60 63 59 63 63 62 60 65 60 63 64 61 64 59 60 61 58 57 62
136
0
54 55 57 54 54 60 55 54 53 55 54 52 60 56 52 56 56 50 56 56
137
0
58 59 55 58 54 57 58 62 54 58 56 53 53 57 58 57 60 54 57 56
138
0
71 74 71 71 71 73 70 69 68 66 68 69 69 69 70 71 67 66 70 70
139
0
43 41 43 43 42 40 40 43 44 47 42 42 46 49 40 43 42 45 45 44
140
0
44 44 45 49 44 43 40 41 44 45 45 45 44 47 44 42 44 43 43 43
141
0
43 42 44 44 42 43 42 45 43 46 45 44 41 43 44 46 45 45 42 44
142
0
35 36 35 34 34 35 40 33 34 35 35 37 39 37 34 35 35 36 36 38
143
0
56 60 57 56 56 57 57 57 55 56 54 59 54 57 60 57 57 60 55 59
144
0
46 46 43 43 41 45 45 42 41 42 44 43 46 42 47 44 41 47 47 42
145
0
60 59 60 62 61 65 62 58 63 63 62 64 60 66 64 61 60 59 58 63
146
0
63 63 60 65 60 63 61 65 59 65 63 58 63 59 58 65 58 62 64 62
147
0
36 36 34 35 35 33 36 36 34 36 34 34 36 34 38 37 35 38 34 35
148
0
59 59 56 58 54 62 58 57 59 58 55 57 57 59 59 57 58 53 58 60
149
0
60 59 60 58 60 63 60 61 60 60 56 61 61 63 55 56 66 62 61 58
150
0
64 67 65 67 67 65 70 64 65 65 65 68 67 67 64 68 70 70 66 65
151
0
45 40 39 47 40 40 40 42 41 39 43 44 42 42 41 38 46 43 41 41
152
0
34 35 33 36 34 35 29 35 36 31 32 34 34 33 34 33 32 32 38 32
153
0
46 45 43 43 45 43 42 42 44 43 47 46 45 47 42 48 44 44 50 43
154
0
50 53 48 45 50 52 51 51 51 51 48 51 48 48 54 49 53 50 45 49
155
0
40 41 45 42 42 42 43 46 42 46 47 44 42 40 41 44 42 46 42 45
156
0
53 54 52 54 53 54 57 51 54 58 57 58 55 52 52 57 55 55 59 53
157
0
53 53 53 54 53 58 50 53 52 51 53 49 49 55 54 50 52 52 53 51
158
0
45 44 43 43 43 41 41 42 43 41 45 45 43 41 42 43 40 41 44 45
159
0
59 57 55 59 61 56 56 59 59 57 60 56 58 59 56 63 62 56 56 58
160
0
46 43 42 46 47 49 45 44 46 43 48 45 50 44 43 41 40 45 46 47
161
0
53 50 53 51 48 50 51 51 48 52 54 52 51 49 52 52 47 50 54 53
162
0
70 68 72 73 66 72 69 69 69 71 71 77 70 74 70 68 71 70 74 72
163
0
41 40 42 41 42 42 43 43 40 42 41 38 42 41 39 40 41 42 39 41
164
0
48 51 49 47 48 49 49 52 48 52 53 51 50 47 49 49 51 52 48 49
165
0
28 26 24 29 26 28 27 28 27 30 25 25 26 26 28 27 28 26 27 27
166
0
47 51 54 50 51 47 51 54 50 47 54 50 49 46 49 50 53 52 50 49
167
0
40 41 42 39 41 42 41 39 39 38 41 40 40 41 40 43 42 40 42 41
168
0
48 49 46 47 46 49 44 44 44 48 45 44 48 46 49 42 50 45 46 47
169
0
60 56 55 55 55 56 53 52 56 54 59 65 60 58 54 61 58 55 55 57
170
0
62 61 59 60 58 64 61 59 59 59 60 59 62 64 62 67 56 62 59 60
171
0
61 63 64 59 63 60 62 60 61 61 57 64 62 65 61 58 61 62 62 64
172
0
50 47 47 52 48 48 51 46 48 48 51 47 48 52 47 49 48 51 51 46
173
0
45 42 43 42 42 40 42 39 46 41 44 43 44 44 39 45 45 42 41 42
174
0
59 62 67 64 63 59 59 56 59 64 63 61 65 63 60 59 65 62 64 61
175
0
48 51 48 49 42 47 48 52 48 46 48 49 47 49 48 44 47 47 46 46
176
0
52 52 53 52 55 49 53 55 49 51 52 55 49 54 51 48 54 54 50 49
177
0
59 61 53 57 57 58 59 54 60 58 59 59 56 58 53 61 58 57 64 57
178
0
65 64 67 64 65 68 68 68 68 67 64 67 67 64 66 70 66 67 66 68
179
0
53 56 50 54 51 50 52 55 51 53 50 54 51 48 50 50 51 53 51 52
180
0
42 47 42 42 44 43 42 44 45 44 41 45 43 41 44 42 46 43 42 41
181
0
56 55 52 58 56 59 53 54 56 57 59 53 55 53 54 56 61 58 59 54
182
0
47 51 48 47 45 43 49 51 48 44 46 46 47 48 44 45 44 47 50 46
183
0
60 57 61 58 56 63 63 61 59 57 60 58 57 59 59 62 60 59 61 58
184
0
43 41 40 43 42 40 44 38 42 42 42 44 41 40 45 42 39 42 40 41
185
0
59 58 51 56 56 57 60 55 58 54 59 55 55 57 58 55 55 60 52 54
186
0
48 52 50 50 49 53 49 51 52 51 47 49 48 54 48 51 49 52 51 47
187
0
36 36 34 33 32 35 35 38 38 38 35 34 33 39 36 33 38 35 36 36
188
0
41 44 42 39 41 44 43 44 44 44 39 46 43 42 42 41 44 41 45 45
189
0
48 54 47 53 53 53 52 54 54 53 56 52 52 47 48 49 53 51 52 54
190
0
41 41 40 41 41 41 39 41 45 42 43 43 40 40 44 40 42 42 43 40
191
0
49 53 50 54 54 53 51 52 50 48 47 52 50 55 52 48 50 51 54 47
192
0
47 44 47 44 45 43 46 44 44 42 41 44 47 45 44 45 42 46 43 43
193
0
48 46 48 45 51 50 49 49 47 51 48 51 47 51 54 49 50 48 50 50
194
0
64 63 58 65 61 62 61 64 64 63 64 61 59 57 58 64 64 66 69 60
195
0
49 50 50 47 52 48 48 50 47 48 51 52 50 51 48 54 51 51 48 48
196
0
47 46 46 46 44 47 48 46 48 44 46 45 44 44 43 51 44 46 46 48
197
0
39 41 39 39 36 38 42 40 42 39 40 38 40 36 41 38 42 41 40 40
198
0
42 39 39 42 36 40 38 38 43 39 39 39 40 44 41 36 41 38 39 39
199
0
64 65 64 67 62 63 61 59 65 59 63 57 64 60 64 62 62 59 60 63
