50
5
425652
0
0
42 38 42 51 75
1
0
45 34 39 54 70
2
0
44 39 44 58 70
3
0
47 41 42 59 70
4
0
47 41 43 53 67
5
0
46 43 43 52 72
6
0
46 41 42 55 74
7
0
44 42 41 57 72
8
0
44 37 41 55 70
9
0
44 44 38 57 68
10
0
44 40 44 54 70
11
0
43 37 45 54 66
12
0
45 42 46 53 68
13
0
47 39 41 53 70
14
0
50 43 40 53 74
15
0
45 40 42 56 75
16
0
45 39 46 52 72
17
0
43 43 46 51 70
18
0
46 37 43 57 71
19
0
45 42 41 55 71
20
0
46 38 42 50 70
21
0
44 41 41 50 73
22
0
44 38 45 51 68
23
0
44 39 38 52 64
24
0
46 40 39 56 74
25
0
47 44 42 57 74
26
0
46 43 40 56 72
27
0
41 42 43 54 74
28
0
45 40 40 55 71
29
0
44 39 39 56 74
30
0
45 40 41 51 76
31
0
44 41 48 49 72
32
0
41 41 46 57 71
33
0
47 39 40 53 70
34
0
50 42 43 53 76
35
0
44 38 43 49 71
36
0
44 42 43 52 73
37
0
45 39 41 56 72
38
0
46 45 42 52 74
39
0
43 41 43 57 69
40
0
47 43 42 55 69
41
0
47 42 41 58 68
42
0
48 40 41 53 73
43
0
48 44 43 60 72
44
0
47 42 39 53 70
45
0
44 44 42 55 71
46
0
48 40 39 52 75
47
0
46 41 45 51 69
48
0
45 38 45 56 72
49
0
47 41 42 63 77
