200
5
485119
0
0
42 46 47 44 44
1
0
45 46 44 49 45
2
0
42 41 42 43 44
3
0
37 36 36 35 36
4
0
44 48 48 48 48
5
0
44 43 41 40 42
6
0
66 66 65 60 62
7
0
33 36 34 34 34
8
0
49 49 52 53 47
9
0
48 50 53 51 49
10
0
52 51 52 51 49
11
0
57 55 58 57 58
12
0
47 45 47 45 45
13
0
45 43 44 45 44
14
0
46 49 47 43 47
15
0
41 44 44 44 46
16
0
50 53 56 55 50
17
0
71 69 66 74 71
18
0
50 52 53 55 57
19
0
72 76 71 76 69
20
0
56 57 57 62 65
21
0
50 56 52 50 50
22
0
49 48 46 48 49
23
0
49 48 52 50 49
24
0
46 44 49 47 42
25
0
48 48 49 47 51
26
0
44 46 45 48 50
27
0
54 57 58 59 57
28
0
53 54 50 50 50
29
0
45 41 41 42 39
30
0
35 32 32 31 29
31
0
45 48 50 49 52
32
0
37 37 36 34 36
33
0
70 73 75 68 75
34
0
52 52 49 55 51
35
0
57 56 57 57 51
36
0
47 46 45 47 47
37
0
51 56 51 54 54
38
0
40 38 37 39 38
39
0
58 56 58 52 55
40
0
44 44 40 41 44
41
0
45 44 47 46 46
42
0
64 59 58 58 61
43
0
49 48 45 45 47
44
0
48 46 46 46 48
45
0
44 44 46 42 43
46
0
54 53 55 52 58
47
0
49 50 48 50 48
48
0
40 43 39 40 45
49
0
54 59 58 56 52
50
0
47 48 48 47 49
51
0
46 51 48 50 49
52
0
41 45 42 42 43
53
0
40 41 40 40 42
54
0
53 52 52 53 51
55
0
48 47 47 47 52
56
0
23 24 26 26 23
57
0
32 37 35 33 32
58
0
46 45 40 44 42
59
0
57 55 55 57 56
60
0
53 50 48 52 49
61
0
37 38 36 37 36
62
0
62 67 63 60 64
63
0
51 52 49 55 51
64
0
67 66 68 67 64
65
0
58 61 57 57 55
66
0
46 49 49 47 50
67
0
59 55 62 60 52
68
0
65 59 62 64 58
69
0
60 60 59 64 61
70
0
65 67 63 63 64
71
0
46 43 47 44 41
72
0
64 67 63 67 63
73
0
47 48 48 51 49
74
0
41 38 38 38 39
75
0
59 61 60 66 62
76
0
56 60 58 59 61
77
0
49 49 51 48 43
78
0
58 60 60 58 55
79
0
53 54 53 54 52
80
0
56 54 58 54 54
81
0
71 72 72 60 68
82
0
49 52 48 48 48
83
0
51 55 51 48 54
84
0
52 53 52 53 49
85
0
51 47 49 51 50
86
0
45 50 56 54 52
87
0
28 35 30 31 30
88
0
57 55 59 58 56
89
0
43 43 44 43 44
90
0
38 38 40 41 35
91
0
50 51 49 50 48
92
0
47 49 50 48 50
93
0
63 68 63 66 64
94
0
54 52 50 49 52
95
0
26 29 28 31 27
96
0
54 62 59 59 56
97
0
41 42 46 40 44
98
0
45 48 50 45 47
99
0
42 42 40 43 42
100
0
43 44 43 44 45
101
0
33 31 32 31 35
102
0
45 42 43 44 42
103
0
57 59 57 54 56
104
0
43 44 44 45 40
105
0
59 53 55 60 57
106
0
61 59 62 59 62
107
0
56 50 49 55 52
108
0
58 62 57 61 58
109
0
59 56 54 57 58
110
0
42 45 45 41 45
111
0
48 43 48 48 47
112
0
59 56 57 53 58
113
0
57 49 55 53 55
114
0
57 61 59 57 58
115
0
36 36 37 39 35
116
0
45 48 46 49 50
117
0
38 35 37 35 39
118
0
46 49 49 49 52
119
0
67 63 66 67 70
120
0
62 65 61 62 62
121
0
52 50 52 56 58
122
0
68 67 68 63 65
123
0
51 51 54 55 53
124
0
50 50 47 51 47
125
0
65 71 70 68 67
126
0
52 59 53 53 55
127
0
58 54 57 58 52
128
0
33 36 35 34 36
129
0
46 46 49 46 46
130
0
75 73 77 68 74
131
0
44 44 43 42 44
132
0
54 54 56 56 57
133
0
44 48 49 46 49
134
0
47 47 51 43 43
135
0
52 49 50 51 54
136
0
77 76 78 78 76
137
0
49 55 51 51 49
138
0
43 42 46 46 41
139
0
52 51 55 52 53
140
0
49 48 50 49 53
141
0
52 50 54 54 51
142
0
51 51 49 48 51
143
0
54 53 52 50 50
144
0
57 59 58 62 58
145
0
35 37 33 40 36
146
0
65 63 56 65 65
147
0
44 43 43 43 44
148
0
45 50 45 46 49
149
0
40 39 41 41 45
150
0
59 65 60 56 62
151
0
62 62 60 61 64
152
0
47 48 44 49 47
153
0
47 48 46 45 47
154
0
35 32 35 33 36
155
0
47 49 52 51 50
156
0
58 59 55 56 58
157
0
52 56 53 56 59
158
0
26 25 27 24 27
159
0
40 48 42 41 44
160
0
60 60 62 60 57
161
0
51 47 46 51 50
162
0
52 51 48 52 44
163
0
55 51 53 53 52
164
0
68 69 70 65 71
165
0
63 66 63 64 63
166
0
42 45 43 44 44
167
0
56 54 57 51 55
168
0
45 52 49 46 50
169
0
47 44 41 44 44
170
0
45 43 49 48 49
171
0
43 39 42 44 40
172
0
41 39 38 34 37
173
0
64 61 58 64 64
174
0
51 48 53 51 52
175
0
85 91 86 90 84
176
0
58 62 58 58 60
177
0
36 32 31 34 29
178
0
56 58 60 61 56
179
0
52 51 46 48 50
180
0
41 40 41 37 39
181
0
74 70 72 74 73
182
0
32 33 34 32 32
183
0
54 54 50 49 52
184
0
55 51 48 51 49
185
0
56 51 49 53 49
186
0
48 40 49 49 50
187
0
36 39 40 40 39
188
0
27 26 24 29 26
189
0
56 57 56 54 56
190
0
48 53 50 48 50
191
0
56 54 58 53 56
192
0
54 51 55 50 53
193
0
53 45 46 46 46
194
0
49 46 48 49 49
195
0
51 46 56 53 53
196
0
52 48 49 48 49
197
0
64 66 65 62 62
198
0
49 50 50 49 52
199
0
54 54 51 54 49
