50
10
783769
0
0
26 67 56 46 37 67 45 51 52 36
1
0
43 62 48 46 68 50 60 59 47 46
2
0
59 42 52 41 80 48 46 57 49 60
3
0
51 47 43 47 44 55 44 31 81 53
4
0
32 46 44 60 65 36 57 41 39 43
5
0
58 66 52 46 49 57 61 38 67 64
6
0
66 50 71 69 54 60 67 62 44 52
7
0
43 69 69 53 51 65 43 44 43 36
8
0
73 56 43 31 49 64 53 50 57 51
9
0
39 47 63 67 56 54 60 52 53 54
10
0
50 49 71 49 57 49 58 49 36 54
11
0
47 50 71 52 67 48 58 31 56 45
12
0
56 44 60 58 56 49 39 40 53 71
13
0
34 44 36 50 42 44 45 40 72 49
14
0
54 59 46 42 40 43 46 63 51 48
15
0
48 55 40 50 45 37 41 44 61 29
16
0
46 36 44 49 45 41 40 71 55 58
17
0
68 58 47 67 50 49 44 67 62 55
18
0
74 51 52 41 56 56 48 54 59 58
19
0
60 57 33 56 63 44 59 52 51 51
20
0
60 70 55 48 46 34 45 43 53 39
21
0
64 49 60 55 36 48 55 56 63 41
22
0
52 57 52 55 41 51 45 59 50 69
23
0
49 46 43 58 48 48 33 46 55 57
24
0
53 59 55 64 49 36 53 50 63 46
25
0
58 77 38 49 45 54 54 52 46 48
26
0
38 58 77 46 51 53 37 50 50 40
27
0
53 60 41 42 63 31 41 52 60 67
28
0
49 41 35 64 46 65 58 76 37 47
29
0
59 40 40 45 40 49 46 48 38 60
30
0
73 45 49 43 49 48 50 40 41 48
31
0
48 45 67 54 55 65 45 59 54 44
32
0
50 48 33 41 48 47 74 55 52 57
33
0
51 53 59 60 69 45 52 45 42 62
34
0
32 67 41 43 43 63 43 43 49 55
35
0
48 44 63 35 56 57 42 40 58 52
36
0
46 56 61 42 41 51 45 58 44 55
37
0
45 50 50 53 54 57 47 40 77 52
38
0
53 62 50 43 49 51 49 40 56 63
39
0
43 46 61 52 66 56 48 57 63 50
40
0
61 47 57 41 42 59 54 41 69 42
41
0
46 47 55 48 55 54 40 50 34 67
42
0
41 42 54 41 65 49 50 64 56 54
43
0
44 50 46 47 50 57 49 46 34 34
44
0
36 49 47 67 46 41 47 46 56 37
45
0
47 39 53 55 55 48 57 50 60 37
46
0
49 47 67 78 64 56 58 53 76 53
47
0
56 56 44 37 40 56 52 65 50 49
48
0
48 59 55 32 40 40 49 43 42 66
49
0
27 57 62 52 28 39 37 54 54 53
