20
10
533871
0
0
72 67 67 70 67 69 68 75 70 69
1
0
36 32 35 37 36 37 35 37 35 35
2
0
85 90 93 88 86 86 89 89 87 86
3
0
43 44 43 42 45 43 40 42 44 44
4
0
62 57 60 56 58 58 63 62 59 58
5
0
58 52 60 57 59 59 59 56 60 58
6
0
49 47 44 46 43 44 45 45 46 45
7
0
49 48 56 52 53 52 54 52 51 50
8
0
74 71 70 76 69 68 65 72 72 73
9
0
40 38 40 36 40 38 39 40 39 41
10
0
59 60 57 57 59 58 60 57 58 59
11
0
48 49 51 52 47 52 50 49 55 50
12
0
53 49 48 51 47 47 52 46 46 53
13
0
31 34 34 35 32 32 34 31 33 34
14
0
48 49 47 50 45 47 49 49 49 44
15
0
49 49 51 51 48 51 54 50 50 49
16
0
40 40 39 42 36 42 42 40 40 38
17
0
54 53 57 50 52 52 47 58 54 58
18
0
45 45 46 48 46 48 47 44 46 48
19
0
35 32 32 32 34 33 32 34 34 34
