200
10
53939
0
0
42 56 53 62 58 53 64 45 70 43
1
0
51 54 61 38 51 59 58 26 35 51
2
0
46 54 46 42 49 48 43 50 62 39
3
0
45 43 44 61 55 57 56 43 53 45
4
0
66 50 40 63 55 44 45 64 52 57
5
0
51 43 41 37 49 35 71 61 65 69
6
0
39 60 58 61 47 53 44 67 46 51
7
0
68 61 75 41 82 64 51 50 51 68
8
0
52 69 44 44 43 52 48 48 44 43
9
0
39 54 59 44 50 67 56 57 63 46
10
0
64 62 50 59 61 36 60 44 43 48
11
0
57 60 52 63 48 53 55 49 54 48
12
0
71 47 57 28 30 59 63 42 56 50
13
0
46 51 57 49 57 48 60 48 53 53
14
0
47 65 53 33 51 58 43 44 47 51
15
0
67 35 68 33 42 54 56 53 49 42
16
0
48 61 38 46 48 54 49 54 55 49
17
0
66 53 46 47 58 37 70 34 49 56
18
0
49 41 33 57 32 56 55 53 45 64
19
0
53 52 44 59 48 57 45 50 30 61
20
0
60 40 56 55 56 71 46 20 36 53
21
0
44 52 52 43 51 55 67 60 59 56
22
0
58 42 55 47 66 39 38 38 72 56
23
0
40 61 64 54 50 40 41 54 62 60
24
0
65 54 38 60 42 36 54 67 51 44
25
0
57 37 46 53 53 58 71 56 55 49
26
0
41 62 44 43 57 42 45 67 56 68
27
0
45 56 47 60 48 45 65 60 46 40
28
0
66 63 56 72 78 52 56 35 52 35
29
0
61 40 50 65 58 52 39 41 53 57
30
0
48 47 56 48 59 48 53 46 56 50
31
0
62 37 51 54 32 61 39 51 66 56
32
0
49 35 57 46 51 39 45 43 43 38
33
0
42 48 59 55 50 53 39 59 42 46
34
0
48 41 71 45 64 85 50 57 70 51
35
0
49 46 74 52 53 43 52 53 74 60
36
0
46 46 38 58 43 61 64 33 56 52
37
0
28 46 44 48 41 60 42 36 40 46
38
0
52 38 47 34 48 61 62 27 44 36
39
0
33 69 52 46 57 49 77 49 47 59
40
0
57 46 48 42 49 70 45 65 41 38
41
0
44 52 42 30 55 48 61 61 48 44
42
0
44 50 60 51 61 32 51 42 50 70
43
0
34 85 45 56 45 37 47 37 57 60
44
0
44 61 54 46 55 51 47 68 56 49
45
0
56 53 48 56 42 38 65 53 59 63
46
0
46 50 38 48 55 56 46 50 44 92
47
0
46 55 50 69 51 60 53 39 38 54
48
0
53 61 71 39 73 32 45 49 69 60
49
0
40 53 61 46 41 59 54 57 49 42
50
0
51 63 45 58 48 79 42 54 46 59
51
0
47 57 50 51 56 37 53 49 57 42
52
0
51 60 44 48 48 50 47 42 32 47
53
0
61 34 33 51 58 25 43 53 40 43
54
0
79 66 45 58 57 50 59 38 54 50
55
0
34 51 42 32 52 49 57 33 40 49
56
0
59 55 56 63 61 63 43 45 45 48
57
0
45 35 55 43 53 63 51 44 40 46
58
0
35 51 60 55 46 41 61 49 39 46
59
0
54 57 31 57 39 52 51 45 47 49
60
0
46 47 61 50 48 47 68 47 48 50
61
0
69 54 44 46 57 42 41 65 54 33
62
0
57 42 70 43 37 59 51 41 53 56
63
0
37 48 45 50 40 61 51 57 39 57
64
0
64 41 45 54 71 53 45 50 70 71
65
0
58 47 51 34 57 48 69 71 24 39
66
0
61 40 71 43 55 42 38 43 50 50
67
0
34 66 58 44 26 60 46 54 24 43
68
0
46 51 60 72 45 48 44 43 60 44
69
0
47 72 26 56 48 36 45 45 42 48
70
0
31 49 40 66 37 52 65 32 58 54
71
0
56 54 51 63 45 49 35 53 53 47
72
0
66 47 46 69 32 39 62 47 36 58
73
0
49 52 59 33 34 61 59 47 42 40
74
0
64 44 40 67 41 43 44 47 34 58
75
0
54 55 52 51 42 51 39 47 50 50
76
0
53 61 41 37 61 50 57 56 51 57
77
0
46 46 54 43 57 49 41 64 74 64
78
0
55 47 30 54 40 55 73 47 46 58
79
0
47 53 34 46 41 53 65 60 57 47
80
0
55 37 47 71 65 48 59 58 54 44
81
0
57 48 40 43 46 45 50 71 45 29
82
0
55 49 48 38 50 55 47 65 59 43
83
0
39 47 63 64 49 56 48 33 43 40
84
0
59 57 54 68 34 71 30 57 47 54
85
0
61 49 39 59 51 70 55 60 59 32
86
0
51 56 46 56 45 45 56 46 38 48
87
0
52 41 30 52 61 58 48 42 35 42
88
0
44 54 52 53 46 54 51 45 52 41
89
0
44 53 52 71 59 35 68 59 64 39
90
0
43 49 55 66 58 44 45 31 41 41
91
0
42 59 64 58 55 30 59 64 44 50
92
0
51 41 48 68 41 52 40 48 33 48
93
0
56 53 58 63 42 34 46 41 47 41
94
0
36 61 42 54 52 44 53 35 49 37
95
0
52 41 55 54 47 46 48 59 49 31
96
0
44 36 36 60 40 44 60 55 36 52
97
0
42 54 56 63 41 61 53 35 56 46
98
0
59 59 66 30 45 41 66 49 57 51
99
0
46 46 49 45 62 41 49 36 50 46
100
0
43 46 40 37 32 64 53 49 37 56
101
0
35 83 68 41 61 53 51 42 41 52
102
0
34 73 50 35 43 26 45 43 61 50
103
0
48 41 59 58 50 48 62 51 66 52
104
0
39 48 43 44 75 46 52 48 60 64
105
0
58 45 53 62 57 58 72 45 25 45
106
0
59 47 58 52 60 66 43 42 36 55
107
0
46 41 45 56 56 54 59 55 78 50
108
0
53 33 56 66 60 60 31 48 41 54
109
0
59 47 43 52 30 39 50 41 55 46
110
0
57 36 57 34 49 54 63 49 54 45
111
0
58 67 45 58 37 53 44 39 72 71
112
0
44 45 58 49 39 48 46 57 56 50
113
0
42 43 56 32 38 50 60 43 70 48
114
0
52 40 61 68 44 40 36 47 54 76
115
0
34 57 54 58 50 57 36 63 54 67
116
0
62 39 63 42 44 38 67 53 48 36
117
0
48 43 45 53 54 49 47 40 40 55
118
0
41 48 39 36 51 49 55 58 42 52
119
0
42 47 60 46 51 58 37 53 65 45
120
0
63 30 54 40 51 41 59 37 48 50
121
0
58 41 50 44 61 50 35 44 59 43
122
0
46 28 41 47 58 58 42 51 55 53
123
0
44 56 43 39 62 57 50 31 58 34
124
0
76 44 44 64 51 57 53 57 31 28
125
0
53 41 49 37 42 71 58 61 61 42
126
0
50 54 52 59 42 31 50 59 48 58
127
0
63 58 35 48 46 32 46 37 44 48
128
0
58 44 70 44 51 45 61 40 41 59
129
0
39 39 41 46 52 43 57 53 46 55
130
0
62 69 40 61 65 42 55 41 54 48
131
0
48 38 35 48 49 52 52 57 33 42
132
0
39 56 40 51 60 53 54 39 49 54
133
0
52 46 46 55 68 45 47 40 32 48
134
0
51 50 59 63 53 47 30 49 49 63
135
0
63 35 66 48 61 41 57 69 46 54
136
0
37 42 52 61 46 49 85 52 63 45
137
0
36 41 36 50 39 57 52 60 59 34
138
0
42 28 30 53 55 52 46 53 50 51
139
0
41 57 49 51 53 44 60 47 63 47
140
0
44 45 34 39 42 56 38 38 38 49
141
0
42 26 53 68 53 45 60 59 54 48
142
0
44 63 35 44 42 64 55 69 66 42
143
0
58 41 51 37 37 53 63 44 36 52
144
0
53 62 42 58 49 51 59 42 52 56
145
0
52 58 47 47 58 52 53 44 57 55
146
0
47 46 39 73 51 62 42 44 54 60
147
0
82 41 53 48 65 51 48 48 37 54
148
0
55 43 34 45 49 45 50 57 57 53
149
0
60 45 45 53 37 51 44 33 52 56
150
0
47 56 53 60 43 53 48 54 54 76
151
0
57 38 49 56 55 46 37 49 52 49
152
0
67 70 53 62 39 53 62 57 57 58
153
0
58 41 55 58 48 39 47 42 65 38
154
0
45 59 38 64 57 44 48 32 44 55
155
0
55 41 63 50 67 60 49 52 44 61
156
0
57 44 54 45 51 68 55 35 77 28
157
0
42 36 53 39 63 53 43 52 45 28
158
0
61 58 59 41 68 71 71 36 36 36
159
0
45 22 62 62 44 70 61 49 47 47
160
0
52 42 56 67 48 51 33 54 51 41
161
0
67 33 38 56 68 57 51 53 41 59
162
0
64 48 37 44 38 52 38 62 58 60
163
0
64 55 52 38 56 57 39 49 52 52
164
0
40 56 49 58 42 50 41 41 62 36
165
0
50 44 46 64 63 39 43 37 51 46
166
0
42 47 37 44 74 34 48 53 47 35
167
0
46 60 50 44 65 61 42 62 52 42
168
0
53 67 39 33 63 45 57 46 43 52
169
0
48 57 45 74 62 43 55 64 75 59
170
0
56 45 46 51 32 55 48 63 41 60
171
0
44 38 41 57 55 48 62 41 35 58
172
0
54 45 60 44 48 34 36 55 43 28
173
0
42 40 49 41 60 51 37 43 47 48
174
0
46 51 41 41 79 38 65 47 47 50
175
0
56 37 61 44 51 37 50 48 53 54
176
0
50 60 40 37 53 47 68 54 54 37
177
0
38 44 65 51 46 58 48 58 49 44
178
0
55 57 50 61 44 56 58 36 47 46
179
0
52 53 34 49 75 47 65 52 50 48
180
0
64 44 43 34 58 46 58 47 43 42
181
0
50 31 38 40 47 45 64 44 47 65
182
0
44 55 54 50 77 55 61 38 48 67
183
0
49 48 47 76 48 30 38 51 36 32
184
0
53 43 55 33 50 47 37 54 60 70
185
0
47 62 40 50 52 35 58 61 50 44
186
0
54 40 38 43 51 61 37 33 46 59
187
0
48 62 54 30 60 38 53 56 44 43
188
0
43 47 52 65 56 42 59 56 64 34
189
0
48 44 41 37 59 55 43 66 50 43
190
0
52 50 57 53 50 58 47 54 59 58
191
0
50 68 46 49 63 43 66 48 62 51
192
0
51 54 58 49 57 65 47 45 65 49
193
0
48 32 60 44 59 66 74 58 52 68
194
0
70 47 65 47 40 72 47 55 42 58
195
0
45 45 44 41 36 47 45 52 54 34
196
0
34 62 69 48 42 49 59 56 42 51
197
0
50 35 49 66 61 46 51 32 37 50
198
0
56 51 42 52 50 47 45 49 66 61
199
0
71 61 43 52 50 66 63 54 53 40
