10
20
982018
0
0
51 57 61 33 45 39 31 44 40 50 31 59 50 33 43 44 50 40 39 43
1
0
49 38 35 51 38 41 52 40 67 54 58 47 52 54 64 53 53 41 49 74
2
0
59 38 41 51 44 56 54 41 61 45 69 52 63 44 39 56 60 62 54 51
3
0
39 48 64 57 59 43 36 50 59 53 54 38 51 55 56 68 71 57 48 50
4
0
63 50 48 62 57 55 42 42 50 59 44 42 41 43 46 63 36 52 47 56
5
0
56 48 44 42 61 47 42 39 60 46 45 40 41 36 45 45 52 49 65 49
6
0
54 28 50 54 52 50 41 29 44 43 46 66 46 28 61 45 51 43 52 49
7
0
74 56 55 55 54 50 59 64 48 30 35 41 53 53 43 54 36 32 73 51
8
0
72 56 46 60 47 49 54 49 46 46 74 48 43 36 53 43 44 60 40 46
9
0
37 49 54 43 54 50 41 40 56 55 54 60 55 59 57 48 53 42 61 51
