30
10
73116
0
0
44 45 52 80 46 86 60 54 48 51
1
0
51 45 35 49 55 50 34 57 50 52
2
0
64 57 53 51 59 59 66 51 33 38
3
0
61 40 54 66 51 41 53 77 57 38
4
0
49 65 45 44 56 58 41 43 38 55
5
0
56 43 43 59 42 66 39 57 68 40
6
0
50 47 42 47 27 78 64 57 46 58
7
0
30 51 57 58 52 40 56 70 45 50
8
0
42 54 55 38 49 50 63 34 43 50
9
0
57 48 36 57 59 47 47 52 50 47
10
0
65 51 24 39 79 40 32 61 54 43
11
0
48 42 46 52 43 47 69 59 44 60
12
0
46 63 49 70 52 56 56 47 50 49
13
0
52 67 34 67 48 58 52 68 50 55
14
0
51 36 80 52 48 38 56 50 53 60
15
0
58 69 44 49 38 41 58 58 62 46
16
0
57 67 49 53 35 42 52 48 47 51
17
0
46 47 48 42 45 41 46 52 57 46
18
0
48 52 50 62 48 48 53 64 59 56
19
0
75 57 56 40 40 55 42 45 52 50
20
0
66 40 55 54 36 50 35 61 34 33
21
0
45 59 58 59 46 36 65 62 48 47
22
0
59 51 43 68 64 42 52 38 40 65
23
0
52 38 53 79 40 36 37 38 51 52
24
0
34 63 55 41 47 67 47 42 70 66
25
0
45 41 35 34 59 51 51 45 49 32
26
0
62 48 53 46 42 38 69 67 51 56
27
0
60 68 52 39 36 46 61 62 42 41
28
0
59 45 40 46 27 45 48 42 49 48
29
0
60 44 60 54 40 41 66 44 45 51
