50
20
843722
0
0
45 45 40 49 47 50 44 49 57 44 38 39 25 38 52 37 46 43 72 48
1
0
44 41 43 50 49 50 43 52 55 43 36 38 26 38 52 39 50 41 67 49
2
0
46 44 41 46 47 49 45 54 55 45 36 38 26 38 57 39 48 39 63 49
3
0
45 41 42 50 53 46 41 50 59 43 34 39 27 37 52 41 50 43 66 50
4
0
45 45 47 48 48 49 48 56 54 45 36 39 27 41 54 41 45 44 72 51
5
0
42 40 42 51 45 48 45 50 55 43 37 39 26 38 57 37 46 43 69 48
6
0
44 46 39 47 49 48 42 48 50 41 38 38 28 40 50 42 49 44 69 49
7
0
45 43 42 50 46 49 46 50 57 46 30 36 24 37 51 38 49 45 70 51
8
0
47 47 37 45 47 49 45 52 58 47 34 40 24 40 52 36 45 46 64 47
9
0
47 43 42 50 53 53 44 51 53 47 33 41 26 38 54 38 49 41 67 51
10
0
47 42 39 49 50 46 45 53 56 45 38 40 25 39 56 39 46 47 67 53
11
0
45 44 39 50 47 52 44 54 57 42 37 41 25 38 55 38 49 42 64 52
12
0
43 44 39 51 49 50 47 53 57 41 35 40 27 39 56 38 45 42 70 50
13
0
46 48 39 51 51 53 44 52 56 43 34 37 28 39 53 44 49 45 68 48
14
0
47 45 43 49 48 52 47 47 55 42 37 38 24 38 53 43 47 43 67 51
15
0
46 45 40 52 46 51 45 52 54 42 36 35 26 39 53 38 43 45 66 50
16
0
45 43 41 53 47 49 45 51 60 49 33 41 26 38 51 40 45 42 65 55
17
0
42 46 39 46 47 49 45 51 57 45 36 38 26 39 54 41 49 46 71 49
18
0
46 43 39 48 45 51 45 54 52 44 33 38 27 38 51 41 49 45 69 49
19
0
48 44 37 49 52 48 45 49 59 46 33 37 28 38 57 39 50 45 66 52
20
0
42 41 41 52 46 51 44 51 57 44 36 40 28 37 56 40 46 41 68 47
21
0
47 43 40 52 51 47 45 51 59 42 36 40 24 36 52 39 48 44 69 48
22
0
44 44 43 50 45 51 46 53 54 49 32 39 27 40 49 38 49 45 70 53
23
0
46 49 40 49 46 48 44 47 51 41 35 38 23 39 53 38 51 44 68 48
24
0
47 42 39 49 49 53 41 51 57 43 38 38 24 41 53 38 44 46 67 54
25
0
46 45 43 51 50 46 41 53 60 48 37 40 25 38 56 40 47 43 76 49
26
0
45 44 41 51 48 49 47 51 55 41 35 38 26 36 53 39 48 44 68 51
27
0
43 47 42 49 46 49 43 54 55 45 33 41 26 37 56 40 47 42 67 50
28
0
43 45 38 50 48 46 46 53 56 44 36 40 25 38 51 43 49 43 68 52
29
0
46 43 43 46 51 51 46 50 60 42 35 36 24 39 54 40 48 42 70 50
30
0
44 43 41 53 46 47 44 51 53 44 33 40 27 38 52 39 46 42 65 51
31
0
44 45 41 50 47 50 42 48 61 43 37 41 24 37 54 40 48 41 68 51
32
0
44 44 41 50 49 49 42 50 57 48 34 38 24 40 47 41 49 45 65 48
33
0
44 45 42 50 46 53 47 49 55 43 37 37 26 38 52 40 52 41 72 49
34
0
42 47 37 49 47 47 42 53 56 42 32 35 29 38 52 38 47 44 65 53
35
0
47 47 41 50 49 49 45 55 54 43 33 42 30 37 54 40 46 45 68 51
36
0
45 42 44 50 46 51 44 54 60 41 35 40 27 39 54 41 48 41 67 52
37
0
49 46 44 51 47 51 42 51 58 49 35 36 27 37 50 39 48 43 68 47
38
0
45 48 41 50 49 49 44 50 58 42 35 41 28 38 55 42 47 44 69 51
39
0
48 45 42 51 46 47 44 53 61 45 37 36 27 42 55 40 49 42 72 50
40
0
43 41 40 45 47 51 46 50 59 46 31 41 27 38 51 40 49 44 70 50
41
0
48 43 38 48 52 49 43 50 55 42 34 40 26 39 54 38 47 42 67 47
42
0
46 47 38 52 48 50 41 53 59 42 31 39 27 36 54 33 50 45 65 50
43
0
45 42 40 49 48 53 46 52 55 45 37 38 23 38 59 40 49 43 70 50
44
0
47 45 43 51 46 52 43 47 58 43 32 38 26 40 59 37 49 45 68 49
45
0
42 47 41 54 46 51 44 50 58 44 34 38 26 38 57 38 50 42 68 47
46
0
43 48 40 49 48 50 43 50 55 42 34 37 28 39 55 41 51 46 66 51
47
0
46 45 39 49 48 47 45 53 59 45 36 39 26 37 52 39 45 45 72 50
48
0
42 46 39 52 44 46 42 49 56 45 34 38 26 35 51 38 43 44 64 50
49
0
45 44 39 48 47 52 45 47 56 42 37 38 26 37 53 38 46 46 66 53
