50
20
755856
0
0
55 34 43 68 50 35 43 52 43 36 62 33 43 56 51 55 48 49 43 55
1
0
60 33 45 63 48 35 42 51 40 36 63 34 43 60 50 54 45 43 46 54
2
0
51 35 44 66 49 36 40 51 43 40 66 31 46 57 45 53 49 47 46 49
3
0
52 33 46 65 54 34 41 54 42 34 62 33 47 60 49 57 44 49 46 53
4
0
54 35 41 63 50 36 39 51 42 36 62 30 41 58 46 57 47 47 47 57
5
0
53 32 44 62 52 38 43 53 38 34 65 31 44 58 53 56 47 42 53 51
6
0
55 37 45 61 52 32 41 55 45 34 59 32 42 57 47 54 47 47 46 52
7
0
57 29 42 63 52 35 40 54 42 35 64 31 47 60 48 56 45 46 46 57
8
0
55 33 45 68 50 36 41 52 47 37 62 29 41 61 49 56 48 46 45 56
9
0
53 31 43 62 54 36 40 54 39 35 62 30 42 58 51 57 44 48 46 54
10
0
53 30 46 64 54 34 38 51 46 33 59 33 42 62 48 56 44 46 42 52
11
0
59 34 43 67 50 36 40 54 43 37 64 31 44 59 49 57 48 45 50 53
12
0
50 36 44 65 54 34 40 52 43 36 58 32 48 58 47 57 45 48 48 52
13
0
53 35 47 65 50 32 42 56 40 37 62 32 43 62 48 60 50 47 52 52
14
0
56 35 43 62 53 35 43 53 42 37 63 31 45 58 51 55 42 45 46 58
15
0
57 33 46 65 50 33 39 57 43 35 61 31 43 63 55 56 47 44 46 51
16
0
53 35 43 64 53 37 44 54 46 35 64 30 43 59 50 53 48 44 47 56
17
0
54 34 46 64 49 34 40 57 45 38 63 31 46 58 48 57 46 45 42 53
18
0
54 34 45 65 49 36 43 51 43 38 65 32 42 61 46 54 47 45 46 53
19
0
60 31 45 64 53 35 39 50 43 34 60 31 43 53 51 53 50 46 49 55
20
0
58 33 47 63 52 38 35 49 42 34 62 30 44 57 51 54 49 45 48 54
21
0
55 35 42 60 52 38 35 54 39 34 62 30 44 58 49 54 46 46 50 53
22
0
55 32 43 63 53 36 38 51 43 34 55 30 47 64 47 58 46 46 48 55
23
0
56 34 43 65 52 35 39 51 44 36 59 33 45 65 48 56 47 47 45 54
24
0
53 35 47 61 49 33 38 53 44 37 63 33 44 59 50 54 50 45 46 51
25
0
55 32 45 61 50 35 40 52 42 36 58 31 46 57 48 57 48 45 44 57
26
0
56 32 48 62 51 35 39 56 43 33 56 31 41 61 51 53 48 50 48 54
27
0
52 35 43 66 53 32 38 52 45 38 61 33 41 63 49 56 42 46 47 53
28
0
53 32 42 64 54 37 41 48 47 37 60 34 43 62 47 53 48 48 48 51
29
0
53 33 42 65 53 36 41 52 43 34 67 32 46 58 46 54 45 45 48 51
30
0
55 34 43 64 51 34 39 53 43 37 65 32 46 62 50 57 43 49 47 54
31
0
58 35 45 64 50 38 42 50 42 36 62 33 44 58 50 54 46 48 50 51
32
0
51 33 48 63 53 35 38 51 43 36 60 35 46 56 49 55 46 46 48 53
33
0
54 34 46 62 54 34 41 56 46 36 62 32 44 63 43 60 47 46 46 56
34
0
49 32 40 59 52 35 43 52 43 36 63 31 47 60 50 57 49 47 48 57
35
0
53 32 43 65 52 36 44 52 42 37 64 28 46 58 47 58 45 50 43 50
36
0
59 37 42 58 50 32 43 53 44 36 60 32 42 65 50 54 44 46 48 53
37
0
56 33 44 65 50 34 42 50 45 36 58 34 43 56 49 57 47 46 49 56
38
0
55 31 44 62 53 37 41 53 44 36 66 34 42 59 51 58 46 48 46 55
39
0
59 34 43 67 49 39 37 51 40 36 61 28 46 60 50 53 49 47 45 54
40
0
55 31 46 61 51 35 42 52 45 36 63 30 43 61 50 55 48 51 50 55
41
0
51 31 44 68 50 37 40 55 43 36 62 32 42 62 51 58 47 46 47 54
42
0
52 35 42 70 52 34 40 53 42 39 64 31 42 59 48 53 47 48 48 53
43
0
53 35 45 63 51 35 42 52 45 35 60 29 42 62 48 54 49 45 49 52
44
0
54 35 42 65 51 36 36 50 44 33 61 30 44 62 49 62 46 48 44 52
45
0
56 33 44 68 54 37 40 54 42 37 62 33 46 57 48 59 47 43 48 50
46
0
55 30 45 65 51 34 41 49 41 36 60 29 39 59 49 53 45 44 42 49
47
0
57 34 41 60 51 36 40 55 44 33 63 33 44 57 46 57 48 44 46 54
48
0
54 30 42 65 48 37 38 52 43 38 66 31 43 59 48 59 48 46 45 54
49
0
54 33 41 68 49 36 39 51 39 37 61 30 44 63 49 54 45 47 46 57
