200
5
618471
0
0
59 68 54 50 45
1
0
63 69 55 51 43
2
0
61 70 62 51 48
3
0
61 70 56 48 47
4
0
59 66 53 51 45
5
0
64 67 60 49 44
6
0
61 65 59 50 51
7
0
61 64 60 49 45
8
0
58 67 61 52 49
9
0
61 64 53 53 46
10
0
64 67 55 49 47
11
0
61 72 55 49 46
12
0
61 68 60 49 49
13
0
63 68 57 51 48
14
0
61 68 56 50 49
15
0
65 71 55 47 46
16
0
61 69 60 50 50
17
0
63 72 59 51 48
18
0
60 65 57 50 45
19
0
60 67 56 47 48
20
0
62 66 58 49 44
21
0
62 72 59 53 49
22
0
62 71 55 47 50
23
0
58 69 56 47 46
24
0
59 63 56 46 47
25
0
64 71 61 48 50
26
0
61 68 57 53 47
27
0
60 63 54 46 45
28
0
62 67 56 49 50
29
0
61 67 57 50 49
30
0
62 73 59 47 45
31
0
55 70 54 44 48
32
0
61 67 55 51 46
33
0
61 70 58 52 47
34
0
62 70 57 50 48
35
0
59 68 56 51 47
36
0
63 68 57 48 43
37
0
62 69 57 51 47
38
0
68 71 60 49 50
39
0
67 66 58 49 48
40
0
61 69 58 52 50
41
0
61 68 63 49 47
42
0
66 64 58 51 49
43
0
61 63 55 50 44
44
0
56 71 60 50 49
45
0
63 66 57 51 49
46
0
63 67 59 50 48
47
0
64 67 60 53 46
48
0
59 70 61 48 46
49
0
57 67 59 50 45
50
0
62 69 62 48 49
51
0
61 69 57 49 42
52
0
64 67 60 49 47
53
0
60 67 62 51 46
54
0
60 69 59 48 48
55
0
63 70 58 48 45
56
0
56 68 56 55 49
57
0
61 68 55 49 44
58
0
61 65 55 52 48
59
0
60 66 57 50 48
60
0
64 70 61 48 45
61
0
62 66 54 53 42
62
0
62 70 56 49 45
63
0
61 73 56 47 46
64
0
58 74 56 48 46
65
0
65 67 59 46 47
66
0
59 70 58 49 48
67
0
63 72 58 46 45
68
0
63 69 63 50 46
69
0
64 62 55 47 47
70
0
62 67 58 50 45
71
0
57 65 63 51 50
72
0
66 68 57 46 51
73
0
64 70 57 52 46
74
0
62 69 54 53 52
75
0
62 70 60 48 50
76
0
61 67 58 52 46
77
0
61 63 55 52 42
78
0
63 70 60 52 46
79
0
59 70 56 53 49
80
0
62 68 53 54 49
81
0
55 66 57 47 47
82
0
65 70 58 49 46
83
0
65 68 58 48 46
84
0
61 71 56 50 44
85
0
62 69 59 48 48
86
0
63 68 57 50 47
87
0
60 67 56 50 45
88
0
63 67 57 47 44
89
0
58 73 54 48 47
90
0
57 67 59 49 48
91
0
65 67 57 52 49
92
0
59 66 59 49 46
93
0
63 69 60 48 44
94
0
65 66 60 47 49
95
0
62 65 56 48 45
96
0
64 66 57 48 49
97
0
60 69 57 47 47
98
0
62 67 58 52 47
99
0
67 71 59 49 45
100
0
61 70 60 49 49
101
0
62 67 54 52 47
102
0
64 66 60 48 49
103
0
63 67 58 51 47
104
0
63 71 55 49 51
105
0
62 68 58 50 47
106
0
64 70 55 49 47
107
0
60 67 56 48 48
108
0
62 64 60 51 46
109
0
63 66 58 50 47
110
0
65 67 58 47 47
111
0
59 71 60 48 49
112
0
62 67 56 52 47
113
0
62 68 61 48 48
114
0
61 67 57 49 49
115
0
64 68 61 50 46
116
0
62 68 59 49 46
117
0
66 68 60 51 51
118
0
64 68 58 50 48
119
0
62 69 65 50 44
120
0
63 66 57 50 49
121
0
62 71 57 50 50
122
0
61 67 58 48 47
123
0
60 67 52 50 44
124
0
59 65 51 52 49
125
0
62 63 55 50 48
126
0
63 71 58 49 48
127
0
63 71 61 49 50
128
0
62 69 57 48 49
129
0
63 67 56 52 45
130
0
63 69 58 50 49
131
0
66 73 56 50 47
132
0
66 69 61 47 46
133
0
60 69 54 50 47
134
0
61 72 59 53 48
135
0
66 67 59 54 49
136
0
60 67 57 47 45
137
0
61 67 57 48 48
138
0
59 66 58 49 46
139
0
62 69 56 47 51
140
0
62 72 58 48 44
141
0
65 66 58 49 44
142
0
59 69 56 47 51
143
0
61 65 55 48 48
144
0
62 68 58 53 48
145
0
61 68 60 52 47
146
0
62 70 54 49 47
147
0
62 68 62 47 45
148
0
62 69 59 49 48
149
0
63 67 57 50 46
150
0
60 68 55 49 47
151
0
63 72 59 46 44
152
0
60 66 53 49 49
153
0
61 66 53 45 49
154
0
61 66 55 55 48
155
0
63 68 61 51 43
156
0
60 64 65 49 46
157
0
62 68 59 47 46
158
0
66 63 57 47 46
159
0
62 65 61 51 48
160
0
61 70 58 50 45
161
0
61 66 58 49 47
162
0
61 64 58 50 47
163
0
60 66 55 51 49
164
0
67 64 56 50 47
165
0
63 66 59 48 47
166
0
64 68 54 48 48
167
0
64 70 55 48 45
168
0
63 65 56 49 46
169
0
61 65 59 53 43
170
0
57 73 55 48 45
171
0
58 69 60 49 44
172
0
66 71 59 45 50
173
0
60 69 57 52 43
174
0
60 70 58 51 45
175
0
62 70 61 50 49
176
0
60 69 58 45 45
177
0
59 63 58 49 47
178
0
61 69 59 48 47
179
0
63 70 60 48 49
180
0
60 70 55 46 47
181
0
61 68 58 50 46
182
0
63 65 62 50 50
183
0
68 71 60 49 47
184
0
64 71 58 53 49
185
0
64 67 57 48 44
186
0
61 72 54 46 46
187
0
64 68 59 50 50
188
0
64 69 55 52 45
189
0
61 71 57 46 44
190
0
65 72 59 46 46
191
0
59 67 60 50 47
192
0
59 67 57 49 46
193
0
62 68 57 49 48
194
0
58 66 61 49 50
195
0
64 73 58 49 48
196
0
63 63 58 50 46
197
0
61 67 55 48 49
198
0
64 71 60 53 47
199
0
66 65 58 50 50
