50
10
383489
0
0
51 55 48 52 51 52 55 55 51 52
1
0
62 54 58 63 59 58 58 61 63 60
2
0
43 39 38 39 43 39 41 41 42 40
3
0
54 54 51 54 52 51 52 59 53 53
4
0
36 36 36 39 36 37 35 38 38 35
5
0
56 56 58 52 52 52 55 54 56 57
6
0
37 41 36 36 38 42 37 40 38 39
7
0
34 34 34 31 33 36 32 33 33 32
8
0
62 52 56 58 60 53 59 55 57 60
9
0
56 60 58 60 59 60 60 60 61 60
10
0
58 63 64 67 63 61 63 67 64 64
11
0
48 49 47 48 47 46 46 49 50 51
12
0
72 70 67 70 65 68 70 68 68 72
13
0
44 46 46 44 41 45 45 44 43 45
14
0
58 58 57 58 63 60 58 58 58 61
15
0
45 50 49 47 52 50 44 48 50 44
16
0
45 43 43 43 44 42 43 42 42 45
17
0
48 46 52 51 48 44 51 49 50 49
18
0
49 48 49 49 49 53 49 48 47 47
19
0
57 50 53 53 54 55 56 54 56 55
20
0
43 50 45 51 50 53 51 48 51 49
21
0
57 56 56 59 58 61 55 59 56 57
22
0
46 44 46 51 48 47 46 49 45 46
23
0
54 52 53 49 50 57 49 49 54 54
24
0
39 38 43 41 40 41 38 41 40 40
25
0
59 53 58 57 57 55 55 56 58 56
26
0
57 57 57 56 60 56 56 59 59 57
27
0
52 53 52 49 55 47 56 51 56 53
28
0
51 54 57 54 56 54 57 54 58 54
29
0
50 47 49 52 49 51 50 49 46 50
30
0
61 55 59 56 58 58 59 61 61 62
31
0
45 39 40 41 41 42 43 43 44 42
32
0
47 48 46 43 42 44 44 43 46 40
33
0
57 52 60 58 58 61 57 57 60 59
34
0
39 39 42 46 39 41 41 42 44 45
35
0
53 54 53 51 53 49 50 49 49 50
36
0
58 57 57 59 54 59 57 59 60 54
37
0
47 48 47 43 50 45 45 47 45 50
38
0
48 47 47 47 46 46 46 44 46 48
39
0
44 47 47 43 43 42 45 41 44 43
40
0
71 65 73 75 71 67 68 68 71 70
41
0
41 42 42 41 42 41 40 41 44 41
42
0
49 48 44 50 48 46 51 45 44 49
43
0
59 63 62 60 60 61 60 62 58 59
44
0
57 51 50 51 52 55 53 51 57 51
45
0
43 45 46 45 48 44 47 44 43 48
46
0
51 53 52 52 50 55 53 51 51 52
47
0
53 52 57 52 52 55 56 53 52 55
48
0
31 29 30 30 31 29 29 28 30 29
49
0
45 47 46 45 47 44 43 48 47 44
