30
10
946492
0
0
59 60 61 54 63 56 52 45 75 39
1
0
53 60 63 55 59 53 54 49 80 43
2
0
55 63 67 54 64 49 49 44 76 43
3
0
56 58 61 53 61 55 51 46 79 38
4
0
54 58 64 58 68 51 55 51 77 39
5
0
57 58 66 54 60 52 54 47 75 42
6
0
56 62 59 55 62 51 52 45 75 42
7
0
52 61 63 54 58 53 51 49 74 41
8
0
55 58 70 54 65 56 54 46 72 42
9
0
56 62 62 51 60 54 52 48 73 40
10
0
50 57 62 53 67 54 52 43 81 41
11
0
53 56 65 52 60 51 53 44 74 39
12
0
53 58 64 54 68 49 52 46 73 41
13
0
57 62 61 58 60 50 51 49 77 39
14
0
55 61 61 54 61 49 58 46 76 42
15
0
55 57 61 48 66 51 57 49 80 39
16
0
58 64 64 53 63 53 53 45 74 40
17
0
55 62 59 50 64 54 56 46 74 42
18
0
55 60 60 54 64 53 51 48 77 36
19
0
57 57 61 49 63 52 57 48 76 43
20
0
54 57 63 53 61 52 55 46 76 41
21
0
56 60 63 52 66 53 53 46 75 42
22
0
54 60 60 51 64 51 51 46 74 42
23
0
50 57 65 51 60 53 57 48 67 43
24
0
52 57 61 52 62 53 53 44 75 42
25
0
60 56 60 51 61 52 48 45 73 40
26
0
52 60 59 55 66 54 54 46 71 42
27
0
57 59 65 52 63 51 53 46 76 42
28
0
51 58 60 52 66 49 53 48 72 41
29
0
57 59 62 50 68 48 55 48 74 42
