50
20
998176
0
0
61 62 62 62 68 63 64 61 62 59 60 62 65 64 65 64 60 67 64 65
1
0
56 54 57 51 57 58 55 55 55 54 53 62 58 54 56 54 53 55 56 54
2
0
63 60 61 63 62 64 60 58 64 59 59 64 65 61 63 63 57 61 58 63
3
0
31 37 35 32 34 36 32 34 33 34 31 32 32 33 33 33 33 34 30 30
4
0
50 52 48 48 51 50 47 51 52 54 51 51 46 56 50 50 48 52 49 52
5
0
46 46 45 44 45 46 49 42 44 48 49 49 45 47 47 45 42 46 46 43
6
0
48 46 46 47 45 52 53 47 51 46 48 43 50 47 46 47 45 48 46 47
7
0
41 45 44 46 43 47 43 46 45 45 49 46 46 47 44 44 44 47 47 44
8
0
76 81 84 81 75 81 81 87 80 80 80 79 83 80 78 82 79 79 82 80
9
0
43 40 41 39 40 40 41 41 43 42 40 42 41 43 40 42 41 40 43 44
10
0
64 64 68 67 65 58 66 66 67 62 65 63 64 66 65 64 64 67 67 66
11
0
53 54 55 54 55 55 53 57 56 53 50 57 55 54 56 53 57 58 56 54
12
0
47 45 44 45 46 44 46 45 46 45 49 48 46 40 43 47 46 45 43 46
13
0
39 46 42 46 44 41 42 45 45 42 40 44 45 40 41 45 48 44 45 43
14
0
42 45 44 42 41 42 42 41 40 40 44 43 39 42 40 39 40 46 41 42
15
0
53 48 50 54 50 53 51 49 51 47 47 51 53 48 50 51 49 51 53 45
16
0
68 65 65 68 61 70 68 66 67 67 66 63 65 69 67 69 73 65 68 67
17
0
58 60 60 58 62 59 59 60 60 60 59 60 60 58 63 57 60 61 59 65
18
0
43 43 46 44 46 45 45 42 46 45 45 46 45 48 42 47 43 43 43 44
19
0
42 43 42 38 40 38 43 40 41 41 39 41 39 41 41 41 40 41 42 38
20
0
54 53 56 56 57 53 57 55 56 55 58 54 57 56 54 52 53 55 50 55
21
0
52 57 50 55 57 52 50 52 52 54 52 53 54 52 51 56 53 56 57 55
22
0
58 54 59 54 60 58 58 57 58 58 57 62 62 59 57 57 56 57 59 60
23
0
53 60 54 61 59 61 54 53 59 60 58 60 58 57 56 54 56 59 57 57
24
0
36 37 36 35 37 40 38 34 38 39 35 36 37 36 37 35 37 38 38 36
25
0
52 55 56 52 52 50 53 51 51 53 53 56 55 50 53 53 50 49 50 51
26
0
44 45 42 42 40 39 39 42 43 43 45 41 43 45 38 41 38 43 43 40
27
0
58 61 56 60 59 63 57 58 60 59 58 58 61 61 55 59 59 58 57 63
28
0
38 44 40 41 43 40 38 41 40 38 43 44 43 40 40 41 41 43 42 41
29
0
30 31 33 32 32 32 34 31 31 34 31 31 30 31 31 31 35 28 28 31
30
0
63 61 68 64 64 71 65 60 64 60 62 63 61 64 65 63 58 68 62 60
31
0
56 55 56 53 55 61 57 58 57 53 54 55 56 53 52 53 56 56 55 54
32
0
38 35 38 38 43 39 39 38 37 38 41 38 41 41 38 40 41 39 39 39
33
0
39 41 37 37 40 42 39 39 39 43 39 41 36 38 37 40 37 42 41 41
34
0
50 51 56 53 51 52 50 52 54 49 49 51 49 52 54 53 55 55 50 50
35
0
61 60 55 57 54 58 57 56 57 58 58 60 58 54 54 57 51 61 60 59
36
0
75 74 71 74 74 77 72 77 76 79 75 74 75 76 72 77 68 72 76 69
37
0
53 48 50 52 49 52 48 51 53 53 53 47 55 49 52 50 51 50 51 47
38
0
41 41 43 45 42 42 41 41 39 42 44 41 41 43 44 41 41 44 42 43
39
0
49 55 52 54 51 56 51 50 55 52 51 50 50 49 56 50 51 51 52 52
40
0
37 38 36 33 38 40 38 35 35 36 36 33 39 38 34 35 35 35 39 38
41
0
50 48 51 48 47 47 49 50 48 48 49 50 51 53 50 51 49 46 52 49
42
0
43 39 42 46 39 40 44 42 41 43 42 44 44 36 45 39 44 42 41 46
43
0
57 56 57 53 58 55 55 54 54 58 56 53 55 55 54 54 58 54 54 55
44
0
50 50 49 50 50 47 48 44 49 50 49 50 46 49 50 49 48 51 47 48
45
0
43 41 41 43 41 42 39 43 43 42 35 40 44 40 42 42 43 43 42 42
46
0
45 41 41 43 44 44 41 43 41 42 44 43 41 39 44 42 43 43 41 45
47
0
50 48 45 46 48 47 46 48 49 49 48 45 45 48 43 47 47 50 46 46
48
0
69 66 70 69 69 64 68 68 66 70 71 68 66 69 70 68 70 67 71 70
49
0
63 65 67 62 68 64 63 60 65 68 69 64 68 65 63 68 64 65 64 66
