30
10
576100
0
0
43 44 40 47 46 46 43 47 44 39
1
0
35 33 33 35 32 31 34 35 34 34
2
0
47 43 46 46 50 51 49 47 49 52
3
0
73 71 75 70 67 72 66 70 74 67
4
0
66 67 65 67 68 65 67 71 67 71
5
0
41 36 35 35 42 36 42 34 37 37
6
0
55 59 58 56 56 55 55 55 57 56
7
0
51 53 54 54 54 57 55 54 60 56
8
0
41 40 39 36 37 40 41 38 39 39
9
0
62 63 66 68 63 63 57 65 67 61
10
0
44 44 45 41 44 41 46 47 45 48
11
0
43 46 43 41 41 39 42 42 43 38
12
0
53 50 52 48 54 50 51 53 52 52
13
0
39 38 37 36 37 36 36 38 38 37
14
0
45 47 47 46 50 51 45 47 44 48
15
0
54 54 54 55 55 53 59 56 53 53
16
0
42 40 38 40 43 40 40 39 44 39
17
0
77 76 77 80 75 80 75 79 81 80
18
0
43 43 42 44 43 43 43 44 43 41
19
0
33 37 34 34 33 35 37 36 36 37
20
0
58 60 63 62 65 62 66 61 63 65
21
0
38 37 38 41 40 39 35 38 37 41
22
0
54 53 53 53 56 52 53 55 58 55
23
0
73 72 70 71 72 75 72 71 70 73
24
0
48 48 45 48 46 48 51 48 47 43
25
0
41 41 41 45 41 37 41 44 44 39
26
0
48 51 53 52 52 51 49 49 53 48
27
0
41 42 43 41 38 40 40 39 43 41
28
0
31 31 28 32 31 30 31 28 30 27
29
0
53 49 52 52 51 52 53 50 49 51
