200
20
249796
0
0
61 47 57 59 61 63 55 53 28 56 49 67 49 55 35 46 49 43 40 29
1
0
39 53 53 45 30 44 34 42 62 58 55 44 63 48 59 41 60 47 37 44
2
0
66 54 56 44 39 40 61 44 46 37 61 42 37 38 54 43 57 61 45 64
3
0
41 39 50 58 38 60 43 70 42 37 43 61 41 64 58 45 40 41 48 48
4
0
33 63 49 59 38 55 43 48 52 55 58 47 47 55 44 47 59 64 39 46
5
0
64 55 48 41 52 46 47 45 41 43 62 47 46 62 31 41 45 40 44 45
6
0
51 63 57 41 48 52 28 59 59 62 47 62 50 51 47 71 47 64 46 54
7
0
56 48 56 42 55 66 50 63 42 50 67 57 55 26 49 57 61 60 23 44
8
0
53 46 45 49 44 35 62 37 55 38 55 48 53 61 35 39 49 62 52 33
9
0
60 40 63 41 57 41 54 50 46 52 62 40 62 40 44 62 56 67 45 68
10
0
62 44 60 48 58 48 70 46 43 36 51 46 47 47 50 29 59 36 57 52
11
0
48 54 59 43 55 58 62 38 84 51 60 60 37 47 59 48 47 57 40 67
12
0
36 62 50 49 35 56 57 59 54 46 47 38 45 52 53 39 46 53 44 38
13
0
61 56 65 37 54 46 55 53 34 55 46 34 79 57 24 38 60 58 46 51
14
0
59 43 49 43 65 51 46 61 40 47 62 43 53 60 46 84 55 46 52 47
15
0
58 63 58 21 63 53 70 49 69 71 46 37 62 64 45 42 47 66 56 51
16
0
49 51 34 56 36 45 49 37 46 62 49 46 41 67 57 49 60 52 45 40
17
0
41 45 56 49 39 55 46 51 51 57 56 40 56 41 33 32 52 50 50 51
18
0
35 44 53 65 44 37 49 49 60 49 41 69 28 52 63 38 45 65 70 57
19
0
54 42 40 75 42 41 35 58 31 47 66 61 69 43 62 50 52 50 47 59
20
0
40 46 42 41 46 41 64 60 59 76 70 46 51 45 43 46 36 50 52 26
21
0
66 50 45 51 51 44 50 35 41 61 39 54 44 65 50 44 54 42 40 50
22
0
64 45 61 48 54 75 71 48 52 55 55 32 56 49 46 54 44 27 48 35
23
0
76 47 49 46 56 55 45 58 57 52 66 52 56 51 38 32 57 42 45 36
24
0
62 56 41 67 42 56 56 44 64 50 39 44 46 36 55 41 43 65 58 29
25
0
49 54 48 45 58 50 33 62 51 41 31 46 55 58 44 57 76 49 57 42
26
0
52 46 44 62 51 64 62 45 50 47 43 50 43 46 55 44 50 33 38 47
27
0
59 52 34 62 53 57 34 60 37 55 53 59 45 37 62 43 43 50 67 42
28
0
67 54 56 37 34 46 64 59 56 52 61 46 63 46 58 48 50 36 49 47
29
0
46 53 52 49 60 43 43 58 56 43 51 67 44 52 44 44 43 62 52 46
30
0
45 36 33 52 57 66 47 61 55 61 42 46 42 59 45 56 56 35 43 71
31
0
57 51 69 63 59 55 64 48 39 51 44 69 51 57 45 57 44 46 66 53
32
0
41 39 36 64 47 76 41 43 56 66 54 59 55 54 54 52 57 52 63 52
33
0
59 53 63 44 45 48 62 48 59 61 55 51 56 53 54 41 65 47 41 52
34
0
58 71 38 61 65 38 65 58 56 42 50 76 61 56 39 64 60 67 47 45
35
0
44 45 42 44 55 60 64 56 45 66 46 68 53 59 72 51 49 50 39 54
36
0
69 47 68 63 43 51 43 60 51 40 56 53 56 44 67 43 46 49 50 60
37
0
53 48 56 51 54 55 56 53 59 46 40 35 52 39 51 41 57 49 34 45
38
0
64 47 57 59 26 52 44 47 62 50 51 58 37 56 48 44 59 56 48 65
39
0
36 52 56 40 51 66 72 48 59 34 56 54 42 44 53 42 41 54 44 32
40
0
42 54 46 58 48 53 61 43 79 35 44 66 49 30 49 36 58 59 48 47
41
0
46 42 55 57 52 34 43 42 56 43 57 58 52 49 49 57 55 52 52 37
42
0
64 41 40 58 56 44 37 48 58 55 55 65 48 48 47 48 46 70 69 60
43
0
52 65 55 58 45 27 41 36 65 42 51 37 51 48 33 42 40 59 69 44
44
0
59 44 54 49 42 47 47 41 56 46 28 48 39 41 53 50 45 49 71 49
45
0
53 65 47 46 59 51 52 52 46 59 61 47 48 42 54 42 32 56 53 60
46
0
47 43 44 42 56 56 57 51 63 75 34 53 33 55 49 58 62 51 57 54
47
0
51 35 46 44 60 68 51 59 57 52 39 55 54 50 51 79 51 51 43 48
48
0
53 42 52 55 55 55 28 36 43 57 47 30 83 40 46 67 50 32 50 48
49
0
38 68 54 57 49 79 58 48 73 49 49 43 47 40 59 47 41 50 53 51
50
0
64 49 42 37 45 35 59 29 34 60 48 32 36 38 53 43 53 51 40 47
51
0
48 48 67 51 47 47 57 41 60 32 39 52 62 68 55 56 74 63 68 37
52
0
44 61 44 51 59 45 53 49 51 42 48 57 54 61 68 54 38 44 60 28
53
0
45 57 54 52 50 81 43 45 60 68 50 47 68 57 41 37 41 58 53 69
54
0
31 39 51 59 37 36 53 47 64 46 79 84 62 36 71 55 34 58 49 52
55
0
51 42 44 52 67 64 58 55 49 61 50 61 44 45 52 49 37 60 62 47
56
0
47 37 60 54 50 45 38 52 67 48 52 51 65 43 53 50 54 50 58 52
57
0
57 58 56 45 42 45 36 55 45 31 49 55 40 55 64 55 56 42 59 61
58
0
32 54 47 52 53 75 58 61 42 41 53 52 43 59 37 60 60 56 54 54
59
0
50 41 45 57 39 35 41 36 32 60 43 37 76 35 80 35 52 62 44 50
60
0
46 51 56 50 37 60 52 57 36 49 53 49 32 55 43 46 39 49 55 43
61
0
47 43 58 49 51 50 35 44 37 64 49 64 43 73 31 48 61 56 52 35
62
0
35 69 40 49 51 50 23 30 50 38 44 44 48 48 45 58 47 42 49 37
63
0
51 53 46 44 44 45 40 56 45 46 52 46 48 34 60 70 57 42 71 55
64
0
53 46 37 49 50 47 62 48 58 55 44 45 50 46 39 58 44 49 44 59
65
0
65 35 51 68 44 61 50 48 62 43 44 40 58 60 49 50 46 50 59 52
66
0
62 48 35 42 65 46 45 56 50 42 38 26 55 43 63 40 45 46 74 54
67
0
42 46 50 41 37 50 44 46 56 60 52 52 40 36 58 49 59 55 49 53
68
0
60 49 47 53 38 57 50 63 60 34 85 56 57 63 59 47 68 55 51 38
69
0
68 50 51 49 48 51 61 45 34 51 50 53 35 49 50 62 36 55 44 43
70
0
42 55 69 51 44 49 37 53 32 51 48 48 69 41 53 51 70 48 51 47
71
0
55 42 50 69 59 50 44 65 56 42 45 53 42 58 65 36 49 64 36 57
72
0
50 58 46 45 36 51 42 41 46 66 55 39 48 58 45 51 68 53 67 35
73
0
44 34 46 40 37 66 58 44 51 33 40 50 51 71 49 46 71 58 53 48
74
0
32 41 41 72 42 47 40 35 31 33 45 46 68 57 53 60 57 39 41 47
75
0
60 34 58 42 37 52 59 50 46 56 38 53 39 53 50 64 41 47 53 70
76
0
37 66 57 55 69 49 49 63 50 40 44 45 59 65 22 51 44 44 62 40
77
0
48 28 44 77 69 37 71 54 40 53 34 58 49 53 53 55 44 56 45 62
78
0
30 52 41 39 60 36 47 51 42 51 56 51 56 44 64 59 53 47 43 43
79
0
54 66 37 41 52 48 43 53 41 44 48 43 59 42 45 41 33 46 37 59
80
0
35 62 76 56 43 44 42 57 43 54 54 59 45 58 57 33 37 68 50 51
81
0
56 51 23 51 63 36 35 59 60 57 41 59 64 47 64 50 37 43 42 43
82
0
45 36 48 53 42 54 56 43 40 58 55 40 23 48 41 40 31 49 34 40
83
0
37 51 39 65 52 36 46 65 46 56 49 65 57 40 47 55 44 52 54 52
84
0
69 69 64 43 51 50 64 51 33 61 47 43 42 45 47 53 51 62 51 54
85
0
34 45 57 38 67 58 56 42 40 57 50 76 41 54 55 42 51 42 58 63
86
0
45 41 67 60 35 44 52 59 30 40 69 49 67 33 57 54 61 48 53 55
87
0
45 46 36 53 52 60 63 48 63 46 39 45 63 63 53 52 49 39 48 53
88
0
63 46 38 34 44 47 61 61 56 58 44 63 66 66 54 54 69 55 47 37
89
0
44 47 39 63 38 62 46 41 39 57 59 34 49 50 52 50 47 53 28 70
90
0
46 39 49 57 37 47 65 74 37 46 54 35 67 56 33 39 64 54 57 29
91
0
41 63 43 54 55 42 48 55 49 48 53 47 48 45 44 45 83 35 43 64
92
0
43 57 36 54 36 50 52 68 61 58 36 29 40 62 51 36 62 54 54 49
93
0
44 51 46 46 49 41 59 48 65 46 51 54 45 44 60 61 66 65 40 79
94
0
35 48 50 65 63 60 48 49 61 44 59 43 57 71 37 46 32 52 61 37
95
0
35 39 74 41 32 52 54 57 61 34 53 44 41 49 46 65 55 37 46 68
96
0
49 51 46 56 56 45 51 55 44 56 61 61 48 48 35 64 46 50 47 54
97
0
52 70 62 65 62 60 51 39 54 62 47 48 63 51 50 48 49 59 52 50
98
0
49 36 51 64 54 53 48 58 45 60 36 42 47 59 51 45 38 62 41 55
99
0
56 61 53 52 50 66 67 34 52 46 45 48 67 45 29 44 38 58 49 50
100
0
59 43 61 42 47 52 50 64 50 46 62 49 42 44 52 46 52 55 55 45
101
0
47 57 59 36 61 52 40 45 30 58 52 57 53 45 34 63 66 42 44 83
102
0
39 49 51 27 59 37 42 30 59 43 51 74 50 53 65 50 37 30 45 49
103
0
41 34 56 44 52 61 26 39 46 52 40 65 61 60 38 44 54 42 29 37
104
0
35 40 49 51 34 35 43 42 34 58 58 43 50 50 38 48 52 57 61 60
105
0
41 73 58 58 61 41 50 44 43 43 41 66 40 64 44 59 41 53 68 35
106
0
72 46 42 45 58 49 41 54 45 47 32 42 34 54 41 42 65 51 57 57
107
0
49 47 39 62 63 36 53 43 49 46 49 45 51 43 46 41 57 59 46 56
108
0
39 42 37 54 34 52 47 42 43 48 44 35 49 40 43 54 43 50 46 40
109
0
57 37 49 39 48 55 42 58 57 52 44 65 29 44 65 46 51 59 59 65
110
0
48 39 32 51 49 71 39 34 45 39 44 63 48 51 44 72 49 55 55 72
111
0
50 56 59 48 44 42 58 50 58 59 39 51 38 71 68 46 36 50 40 74
112
0
52 63 55 40 36 64 47 49 59 71 45 59 50 47 36 52 58 52 40 59
113
0
45 46 46 58 41 48 50 49 50 39 43 61 66 31 51 48 40 47 37 55
114
0
64 50 46 48 47 40 47 39 39 36 49 46 46 43 42 54 49 51 45 37
115
0
48 61 46 47 48 56 56 51 70 66 46 46 45 46 55 44 56 54 60 34
116
0
41 48 46 38 47 43 46 51 44 59 42 43 50 59 54 31 53 45 52 65
117
0
45 48 59 45 56 51 37 48 48 67 48 52 49 53 34 39 53 39 36 45
118
0
50 39 71 35 52 58 45 49 39 54 51 54 35 57 58 49 46 35 55 46
119
0
45 46 41 28 48 60 65 42 48 34 31 67 64 65 52 44 47 46 44 43
120
0
40 65 30 57 49 42 51 64 57 64 56 51 48 56 43 57 38 43 58 55
121
0
57 48 58 64 39 51 56 54 52 68 47 68 47 44 48 57 50 60 45 60
122
0
42 58 52 50 53 53 39 38 35 47 65 48 51 43 43 54 53 44 42 53
123
0
54 49 51 44 43 52 46 66 57 64 46 81 29 43 62 38 45 63 46 40
124
0
56 51 49 51 57 44 29 42 65 60 47 52 42 73 61 49 51 55 45 40
125
0
57 77 46 37 48 55 53 56 49 40 51 42 53 64 28 48 54 48 54 68
126
0
73 49 49 49 63 50 57 60 44 56 56 41 49 58 48 38 37 60 56 64
127
0
37 58 53 66 58 51 44 50 61 57 62 44 56 69 57 41 48 46 61 40
128
0
41 48 40 44 56 56 49 41 48 39 39 54 40 48 59 54 55 55 60 31
129
0
49 41 34 58 53 48 46 44 30 52 57 47 42 26 47 46 26 47 58 56
130
0
52 36 44 65 67 51 48 48 51 34 31 54 55 57 37 44 58 43 45 65
131
0
45 42 48 76 51 42 51 41 67 48 61 43 72 63 31 39 42 65 54 40
132
0
62 56 45 68 47 47 62 41 35 40 45 46 45 49 60 48 58 57 70 60
133
0
45 50 51 50 46 53 46 51 56 48 24 44 49 40 55 62 61 57 75 58
134
0
49 34 63 41 55 77 51 44 43 49 47 31 52 41 58 53 38 53 51 43
135
0
60 49 49 49 46 45 50 47 34 33 61 60 66 43 40 28 43 59 29 49
136
0
50 75 48 40 48 54 72 38 57 44 54 38 47 68 37 45 58 55 40 38
137
0
46 60 39 39 67 53 40 47 51 48 46 45 41 44 63 46 52 60 44 46
138
0
31 58 72 38 70 53 43 39 68 59 64 42 45 43 37 55 74 51 35 34
139
0
49 47 47 51 52 60 48 50 30 69 62 62 45 55 41 42 41 34 44 51
140
0
53 43 35 48 44 49 62 58 49 55 41 46 67 55 49 62 57 29 40 37
141
0
66 46 73 58 27 35 46 54 60 63 33 48 36 64 50 53 48 51 56 54
142
0
43 60 53 50 43 38 53 37 39 54 52 50 56 51 38 59 49 58 46 53
143
0
55 33 49 39 49 40 56 47 68 54 59 62 61 57 55 56 44 50 37 41
144
0
67 37 44 44 46 41 45 59 53 36 55 63 30 58 59 39 46 43 49 34
145
0
43 27 46 50 57 44 30 46 43 51 59 35 58 45 44 52 50 59 32 45
146
0
28 55 37 48 55 35 59 40 56 76 59 52 27 38 58 49 36 58 40 54
147
0
48 52 54 54 48 71 51 42 49 47 48 44 56 57 41 38 42 47 50 60
148
0
50 59 44 72 51 45 53 39 44 32 41 62 37 62 46 35 52 63 49 44
149
0
49 58 54 47 49 50 65 49 54 45 48 51 42 66 46 31 55 52 47 45
150
0
42 59 44 44 50 59 55 41 54 46 50 37 39 60 59 63 47 64 52 58
151
0
54 38 44 59 45 41 81 47 45 52 45 55 45 53 53 43 41 55 55 51
152
0
54 30 42 62 45 78 69 65 35 33 29 49 45 56 44 67 41 45 48 52
153
0
58 53 53 37 43 53 57 41 58 48 53 51 47 51 35 51 46 67 43 28
154
0
49 74 56 42 43 50 67 55 73 54 64 57 46 46 46 53 47 51 50 58
155
0
54 59 57 64 54 48 52 52 55 61 66 37 52 42 57 56 49 48 54 60
156
0
52 32 47 57 57 48 47 43 44 66 56 43 54 39 59 35 53 45 49 30
157
0
61 53 36 43 44 45 36 44 38 44 32 45 39 50 41 45 57 56 39 50
158
0
35 73 52 46 59 72 36 40 66 37 53 39 43 54 52 57 50 42 48 47
159
0
51 46 59 46 48 41 50 44 50 62 53 49 50 45 52 38 40 57 50 64
160
0
56 49 47 55 43 49 54 57 42 59 57 30 50 45 52 44 48 49 52 31
161
0
39 52 57 50 52 35 46 44 39 55 48 70 50 30 41 67 55 52 42 41
162
0
61 47 40 39 59 56 60 56 39 44 35 46 30 43 47 54 39 40 56 48
163
0
57 48 75 43 33 54 45 48 54 50 37 56 37 37 32 50 53 70 61 45
164
0
38 56 56 47 52 35 63 55 70 43 53 54 42 55 76 74 36 40 47 61
165
0
52 52 50 60 46 78 61 54 30 42 52 50 60 55 34 54 61 44 39 54
166
0
68 51 50 51 55 44 52 40 53 34 50 56 50 47 39 58 46 37 36 52
167
0
33 58 47 55 51 51 53 46 60 47 62 45 52 66 70 43 43 34 40 45
168
0
41 74 47 66 48 40 57 58 44 36 57 59 55 43 55 42 51 52 59 50
169
0
47 44 50 48 57 53 43 48 38 59 43 48 48 50 38 64 41 62 46 45
170
0
40 42 45 38 71 64 39 50 48 40 39 39 43 46 38 47 67 40 62 43
171
0
48 63 55 46 45 45 64 51 43 58 35 46 67 48 37 61 40 75 38 46
172
0
57 38 60 59 68 36 45 46 52 72 39 63 46 46 40 58 55 44 57 49
173
0
49 68 41 40 46 46 47 60 48 30 40 44 31 43 40 43 55 53 67 40
174
0
39 63 50 61 42 50 84 62 58 48 41 48 53 45 40 47 50 51 45 59
175
0
64 41 35 46 37 71 42 47 50 61 61 43 45 46 65 59 51 31 39 44
176
0
57 48 35 38 41 46 48 52 41 41 47 44 69 64 48 56 57 49 56 33
177
0
69 45 43 34 44 47 71 44 44 66 46 40 33 60 67 32 47 47 41 56
178
0
49 55 55 49 76 43 45 63 49 50 58 34 27 35 45 46 44 44 56 47
179
0
52 43 53 67 46 44 53 62 43 47 40 34 67 63 77 47 50 71 44 53
180
0
29 43 27 44 52 54 50 50 38 50 53 57 57 55 44 55 53 47 48 41
181
0
42 30 56 49 37 65 57 40 47 50 54 61 49 43 37 50 39 55 58 43
182
0
42 57 46 51 43 56 30 38 57 38 50 69 52 51 52 57 48 53 59 49
183
0
53 47 70 52 78 60 43 47 46 50 52 45 39 52 45 54 57 36 41 65
184
0
61 47 40 57 62 64 56 32 72 51 77 51 38 35 48 56 51 20 81 60
185
0
64 43 50 54 46 47 53 57 35 42 71 50 52 65 45 66 43 45 37 45
186
0
73 64 50 57 61 38 56 43 42 40 47 52 51 42 40 52 40 45 52 74
187
0
51 71 63 45 45 49 34 40 45 56 62 49 55 67 47 66 54 49 38 58
188
0
31 23 34 51 73 39 49 56 50 44 67 50 50 51 50 50 57 37 52 59
189
0
54 52 51 68 51 54 38 35 42 66 51 53 49 49 38 68 50 49 54 63
190
0
52 63 49 40 67 59 70 47 60 49 36 50 53 50 51 38 38 38 58 59
191
0
63 43 47 48 91 40 48 45 53 47 45 46 47 49 37 45 44 62 60 52
192
0
43 68 62 45 55 39 60 65 58 51 31 47 42 59 48 38 63 56 51 36
193
0
47 59 36 42 56 38 62 48 43 43 43 35 53 44 65 40 53 61 59 59
194
0
49 49 40 40 47 64 50 53 57 57 64 49 65 48 38 66 31 50 39 52
195
0
60 68 56 45 40 46 38 35 44 52 45 45 35 66 60 41 55 57 39 71
196
0
44 40 58 48 31 55 45 43 63 57 38 58 45 49 48 51 51 54 62 44
197
0
49 57 36 48 39 69 56 49 65 40 42 50 46 52 67 56 47 35 44 48
198
0
45 37 40 54 62 46 57 45 59 64 51 50 56 59 46 69 46 69 26 44
199
0
44 60 55 61 36 56 53 20 51 44 55 53 53 35 43 56 63 49 35 49
