100
10
551431
0
0
46 46 43 48 46 48 43 46 46 47
1
0
59 60 62 58 62 54 61 59 65 60
2
0
42 37 44 42 40 42 40 42 40 40
3
0
49 51 53 58 56 54 55 55 60 51
4
0
44 43 43 46 41 44 39 45 43 41
5
0
58 54 55 58 54 53 59 55 53 54
6
0
56 58 53 56 57 57 53 54 54 55
7
0
52 54 56 52 48 52 53 53 53 54
8
0
32 31 31 31 32 34 30 30 29 33
9
0
45 46 44 45 42 44 46 46 43 41
10
0
57 56 55 60 61 60 55 59 60 57
11
0
55 60 54 56 56 57 54 58 54 61
12
0
49 47 49 48 46 47 47 48 49 46
13
0
67 67 66 65 64 69 64 70 66 64
14
0
61 61 61 57 54 63 62 58 60 59
15
0
42 41 41 45 43 46 46 45 45 43
16
0
46 44 40 41 40 44 41 41 38 40
17
0
46 45 47 48 48 44 44 48 48 47
18
0
46 46 47 51 50 45 47 47 50 48
19
0
55 56 54 53 53 57 61 58 58 56
20
0
53 53 53 49 53 54 52 55 51 55
21
0
51 52 52 49 51 47 47 49 50 51
22
0
37 37 37 35 32 32 32 36 35 36
23
0
50 49 55 53 53 55 59 55 53 53
24
0
60 60 61 59 63 61 60 61 62 61
25
0
67 71 71 72 67 68 66 67 67 69
26
0
45 42 45 44 42 42 44 45 42 44
27
0
65 65 66 69 65 65 62 65 67 70
28
0
41 43 38 39 41 46 44 43 40 43
29
0
62 57 62 56 61 57 55 60 59 60
30
0
58 56 52 56 54 55 51 51 52 54
31
0
51 50 50 51 50 48 51 48 47 49
32
0
46 48 47 49 46 51 46 48 48 47
33
0
58 56 56 54 55 59 55 59 57 58
34
0
46 47 49 53 50 49 48 47 51 50
35
0
60 59 58 57 58 58 60 57 60 56
36
0
48 45 47 50 46 49 47 52 50 48
37
0
44 42 42 43 46 43 46 42 44 43
38
0
47 47 48 49 45 47 49 46 47 43
39
0
32 36 40 35 36 36 35 35 32 37
40
0
51 45 46 54 47 48 47 49 52 52
41
0
48 50 52 50 55 51 50 48 51 54
42
0
45 44 43 45 44 47 51 51 48 44
43
0
58 56 58 64 58 56 55 59 57 60
44
0
66 67 67 68 74 65 69 69 69 66
45
0
41 41 40 40 40 42 37 41 41 41
46
0
45 48 48 47 47 48 51 48 52 47
47
0
52 54 53 56 56 54 57 56 57 56
48
0
44 45 46 46 46 44 49 47 46 45
49
0
40 41 41 40 37 43 44 39 44 41
50
0
49 53 51 52 51 51 52 51 50 54
51
0
61 61 61 62 59 61 57 64 62 61
52
0
45 46 46 49 43 44 43 42 44 49
53
0
47 51 50 56 49 53 52 46 48 49
54
0
61 61 62 61 59 61 59 57 60 59
55
0
47 50 48 48 49 49 49 44 46 50
56
0
43 41 40 42 42 38 39 41 41 39
57
0
46 49 48 47 47 44 45 46 52 51
58
0
61 61 60 59 58 58 60 62 59 62
59
0
52 53 56 52 51 54 54 53 55 55
60
0
43 44 47 44 40 44 40 42 39 45
61
0
33 30 31 33 37 35 35 29 33 33
62
0
53 58 55 56 55 55 55 51 53 58
63
0
70 71 66 70 74 68 66 68 74 67
64
0
51 47 52 50 48 51 50 47 49 49
65
0
68 70 72 74 71 69 68 75 73 68
66
0
31 30 30 31 29 29 30 31 30 29
67
0
31 29 33 31 34 31 32 36 32 36
68
0
58 56 55 56 54 50 48 55 55 53
69
0
50 49 50 54 51 51 49 53 50 48
70
0
53 51 56 54 55 54 54 50 56 55
71
0
44 46 47 46 48 49 43 47 49 49
72
0
71 65 70 69 68 69 69 77 77 74
73
0
61 56 58 56 56 57 57 57 54 55
74
0
34 36 37 36 34 34 32 36 32 35
75
0
39 36 43 36 40 37 41 41 41 40
76
0
35 39 39 41 37 40 40 37 37 37
77
0
40 46 44 43 43 42 43 43 41 43
78
0
50 48 50 48 50 47 48 52 53 52
79
0
49 54 49 49 47 51 48 48 45 46
80
0
39 39 37 35 38 38 38 35 36 38
81
0
39 39 36 36 34 38 36 38 37 39
82
0
63 63 59 64 68 62 70 65 64 62
83
0
33 37 36 35 32 34 34 32 37 33
84
0
52 51 46 52 55 51 46 44 48 49
85
0
38 37 41 39 38 38 35 38 43 38
86
0
40 43 45 46 44 41 44 45 42 44
87
0
42 43 42 42 43 45 41 39 43 39
88
0
33 33 31 32 32 34 28 33 34 31
89
0
55 57 54 58 55 55 53 59 56 58
90
0
66 65 65 69 69 64 64 63 66 70
91
0
35 38 37 36 40 40 40 38 36 38
92
0
71 71 78 71 74 72 70 74 77 77
93
0
60 63 62 63 62 61 62 60 62 64
94
0
46 47 47 48 47 45 47 45 45 46
95
0
37 36 37 36 38 33 40 35 40 37
96
0
49 46 46 49 46 44 49 50 49 48
97
0
53 56 58 57 57 58 55 58 63 61
98
0
55 52 56 53 60 55 53 56 54 54
99
0
54 50 51 53 54 50 49 49 51 56
