30
20
580137
0
0
40 40 42 44 42 41 43 44 43 41 45 41 39 48 40 47 42 42 47 45
1
0
39 41 42 39 41 41 41 42 42 40 40 40 41 38 36 43 37 45 40 43
2
0
46 48 49 48 45 47 49 50 48 50 47 47 47 42 48 46 46 49 46 47
3
0
54 55 54 56 55 56 52 54 53 50 54 55 52 57 56 55 54 55 54 58
4
0
53 55 53 55 52 53 56 54 53 55 53 55 54 51 54 52 55 54 52 55
5
0
47 42 40 42 42 43 42 42 43 44 41 41 47 41 42 41 43 42 43 43
6
0
56 54 55 52 54 54 51 54 56 52 57 57 53 56 53 54 50 52 53 53
7
0
59 61 59 59 57 58 62 54 56 55 58 57 57 57 56 57 59 54 57 56
8
0
63 66 64 66 62 66 62 62 64 68 61 63 60 68 66 61 65 69 63 62
9
0
33 36 36 35 34 33 33 35 36 35 32 32 35 35 31 33 33 31 34 34
10
0
56 57 54 57 57 57 59 56 60 54 58 58 56 60 60 57 60 56 58 54
11
0
54 55 58 57 55 57 60 55 54 52 55 59 54 54 55 55 56 54 57 56
12
0
41 42 43 44 41 40 46 43 41 43 46 40 41 46 44 42 42 39 42 43
13
0
51 49 54 50 49 52 51 50 56 51 56 49 48 51 52 45 58 51 53 55
14
0
50 57 49 52 54 50 52 52 53 50 52 54 52 52 50 54 52 50 59 53
15
0
39 41 40 38 40 41 37 40 41 40 39 39 39 40 38 37 36 40 40 38
16
0
47 44 45 45 44 48 46 46 48 46 48 45 43 47 47 46 51 45 46 46
17
0
51 42 49 43 51 48 52 46 49 47 48 46 49 49 45 52 49 49 48 48
18
0
60 56 60 61 60 55 54 62 56 60 58 56 59 62 59 60 59 60 59 59
19
0
52 58 54 55 57 51 59 56 55 54 54 58 56 53 57 55 53 59 55 58
20
0
38 38 40 38 38 41 36 39 36 36 37 36 37 40 38 37 38 40 38 37
21
0
53 52 53 50 52 53 51 52 49 53 51 55 53 51 54 50 50 56 53 50
22
0
32 35 32 35 35 33 36 32 31 33 35 32 35 36 34 34 34 35 33 32
23
0
44 43 40 47 42 43 42 41 41 39 43 41 39 46 41 42 43 40 42 39
24
0
63 60 61 61 61 57 62 60 56 57 61 59 63 58 59 61 60 58 57 60
25
0
60 55 56 57 56 56 57 59 56 61 56 56 57 58 57 56 52 56 56 60
26
0
43 48 45 43 47 45 48 44 46 42 46 44 46 45 45 43 43 44 50 43
27
0
52 48 51 48 51 51 48 50 49 52 50 53 49 50 51 51 50 51 50 48
28
0
56 57 53 52 57 53 61 53 59 57 58 56 58 58 57 62 54 57 56 59
29
0
48 51 49 46 50 48 45 45 47 50 49 47 46 48 47 49 48 49 47 46
