50
20
821255
0
0
50 49 45 35 54 49 48 49 58 22 50 66 40 50 49 54 54 51 50 41
1
0
56 50 46 36 54 45 47 46 56 22 58 63 42 43 48 57 62 52 50 39
2
0
58 56 54 36 52 46 49 49 58 22 53 61 39 47 52 58 60 53 55 43
3
0
56 50 53 35 55 41 51 46 53 25 54 61 41 47 51 58 62 47 47 41
4
0
51 56 50 33 53 45 49 48 58 24 52 68 41 46 51 58 58 49 52 40
5
0
49 51 54 35 54 43 49 48 56 25 51 68 42 44 51 53 61 48 53 39
6
0
51 52 47 34 58 44 47 52 59 22 52 64 42 47 51 58 53 48 51 43
7
0
57 52 51 33 57 48 49 51 54 23 56 65 44 49 50 58 54 53 50 38
8
0
56 49 50 36 55 44 47 46 52 20 54 67 41 47 52 58 56 51 47 43
9
0
54 52 55 33 52 48 44 47 58 21 50 61 43 44 52 58 56 52 50 41
10
0
53 52 46 34 55 45 48 48 55 20 54 63 42 47 49 57 53 54 54 40
11
0
52 49 43 32 55 44 48 52 56 23 49 62 40 43 47 61 54 52 51 38
12
0
53 55 51 35 55 46 49 45 52 24 50 64 40 45 47 60 60 52 45 41
13
0
50 52 50 39 57 43 51 50 54 24 49 62 38 48 53 56 57 52 50 41
14
0
51 57 49 34 54 47 45 44 55 21 54 66 38 45 49 60 55 52 52 41
15
0
53 48 46 33 51 43 50 47 54 25 52 65 39 47 50 55 58 49 55 41
16
0
50 49 47 33 54 44 48 46 57 23 53 66 37 49 50 56 61 50 52 42
17
0
52 49 49 33 56 42 46 46 54 23 52 64 40 45 52 59 58 52 50 41
18
0
55 50 49 32 52 48 48 46 55 21 52 67 43 49 48 55 58 55 51 40
19
0
52 48 49 33 52 47 50 47 55 26 51 65 40 44 47 59 58 50 50 42
20
0
50 47 51 34 54 44 50 47 57 25 55 63 43 48 49 56 58 49 51 41
21
0
50 51 50 35 54 45 47 47 55 23 56 63 41 47 52 59 55 52 55 39
22
0
53 50 45 36 54 45 49 49 55 24 53 64 44 47 52 58 61 50 54 39
23
0
55 53 46 35 54 47 48 48 55 22 52 62 41 45 46 55 56 46 51 44
24
0
51 51 44 35 51 45 50 48 52 23 56 61 42 45 50 53 60 49 53 39
25
0
58 46 50 34 55 45 47 45 56 26 54 62 39 50 49 58 56 48 52 41
26
0
55 50 49 32 55 42 50 49 57 22 52 63 44 46 47 59 62 48 52 40
27
0
50 51 50 34 57 43 47 47 56 22 53 61 40 47 50 56 54 47 49 44
28
0
52 45 46 36 57 46 49 48 56 23 48 69 42 46 52 57 59 51 51 42
29
0
52 50 46 35 54 45 46 50 56 23 53 61 40 46 51 62 54 52 53 41
30
0
53 51 47 33 60 45 45 47 57 23 56 63 47 48 49 58 57 52 52 46
31
0
51 50 47 37 54 44 47 45 54 22 53 66 43 44 46 59 58 51 53 42
32
0
50 53 52 34 54 46 47 45 53 22 55 59 41 43 48 61 55 53 48 41
33
0
52 50 46 33 55 47 49 49 51 24 52 62 41 43 51 62 56 47 51 40
34
0
54 50 45 32 55 42 46 52 54 25 55 64 39 48 52 56 60 46 51 41
35
0
51 52 50 36 53 45 47 47 58 22 53 66 45 48 51 57 58 57 51 43
36
0
54 46 48 36 52 42 52 52 55 23 52 64 44 45 49 61 61 51 50 42
37
0
53 49 51 35 58 45 49 48 56 24 51 67 43 43 47 58 59 48 53 40
38
0
55 52 48 34 55 45 50 49 57 23 53 64 39 45 49 54 55 52 54 46
39
0
51 51 48 32 53 48 46 47 58 23 53 70 39 48 49 56 55 49 53 37
40
0
55 47 49 33 52 44 48 46 54 23 53 61 42 47 51 59 60 50 52 41
41
0
58 51 47 32 55 43 45 44 52 23 50 62 41 43 51 59 60 50 52 41
42
0
51 51 49 35 55 44 46 45 54 23 53 63 38 48 51 60 54 51 48 41
43
0
52 50 51 34 53 48 49 47 55 21 52 65 42 44 50 59 51 49 55 41
44
0
55 52 51 35 54 46 48 50 55 23 54 65 43 42 52 61 59 53 51 40
45
0
55 52 51 32 51 46 49 49 59 22 52 64 42 47 48 58 60 49 52 38
46
0
49 50 46 34 52 45 47 47 57 23 52 64 42 51 53 59 55 50 48 42
47
0
54 53 43 34 55 46 52 47 56 21 50 64 40 43 55 58 54 51 51 41
48
0
53 50 48 34 56 46 48 45 59 25 49 66 40 46 51 61 59 50 52 44
49
0
55 48 49 35 58 45 45 49 50 23 54 67 41 42 50 58 59 50 51 40
