200
10
558888
0
0
51 54 54 53 51 53 55 54 54 51
1
0
51 52 52 53 52 50 50 50 48 54
2
0
52 52 52 54 53 53 51 54 54 48
3
0
44 39 40 44 44 45 45 46 43 44
4
0
55 51 55 51 46 50 55 50 52 52
5
0
54 54 50 53 53 55 51 55 54 50
6
0
41 48 45 50 48 46 45 45 43 49
7
0
62 57 59 61 57 61 62 60 62 57
8
0
51 52 51 55 54 49 52 54 51 51
9
0
58 57 61 56 64 61 61 64 66 63
10
0
47 51 47 44 43 45 49 47 47 50
11
0
60 58 53 56 56 57 57 54 54 56
12
0
57 58 57 57 59 58 53 56 60 58
13
0
39 39 41 39 43 40 41 43 39 41
14
0
41 43 42 43 42 40 42 42 44 41
15
0
54 51 54 53 58 56 54 56 56 53
16
0
38 42 38 37 39 40 37 38 37 39
17
0
33 36 36 35 37 39 34 33 38 33
18
0
46 45 44 45 47 44 44 46 46 47
19
0
47 43 46 43 47 49 42 47 44 45
20
0
50 50 48 46 49 49 51 54 50 50
21
0
54 56 52 54 55 53 53 55 53 53
22
0
49 47 49 53 49 49 47 51 49 47
23
0
49 53 54 51 50 53 53 53 55 55
24
0
49 49 48 49 47 51 51 49 45 50
25
0
49 48 53 52 51 52 52 50 53 50
26
0
66 64 62 66 64 68 61 65 63 67
27
0
47 51 54 49 56 52 53 54 52 52
28
0
52 56 59 56 54 55 56 58 59 58
29
0
44 43 46 43 44 44 43 42 46 43
30
0
50 49 43 49 49 48 47 49 49 50
31
0
56 61 58 57 53 56 58 57 54 55
32
0
53 55 52 56 58 55 50 55 56 55
33
0
62 59 63 69 66 63 62 69 65 64
34
0
65 58 64 59 61 63 63 60 60 65
35
0
62 63 60 61 60 64 70 60 60 63
36
0
57 59 55 57 54 55 54 57 52 57
37
0
50 47 47 44 47 52 45 46 49 48
38
0
52 51 57 55 49 52 52 50 47 53
39
0
64 60 63 63 62 60 60 62 68 63
40
0
81 80 80 83 78 79 79 82 83 79
41
0
58 51 56 52 55 54 55 50 51 55
42
0
54 56 54 50 57 54 54 57 59 55
43
0
58 54 56 57 55 55 58 55 60 57
44
0
66 65 68 65 64 67 64 70 68 71
45
0
35 33 33 34 32 33 31 31 32 33
46
0
41 48 45 43 45 42 44 44 45 44
47
0
56 62 61 58 57 63 62 63 58 59
48
0
62 65 61 64 65 62 60 64 62 61
49
0
59 58 55 61 63 57 55 56 58 59
50
0
40 39 43 41 40 40 37 40 38 39
51
0
49 47 49 50 50 56 53 53 51 56
52
0
54 58 55 52 50 50 52 50 47 52
53
0
56 50 57 51 52 48 52 53 50 50
54
0
33 33 34 29 32 34 34 33 34 30
55
0
39 41 38 41 40 42 41 39 42 44
56
0
44 40 43 44 45 43 41 43 41 44
57
0
49 45 47 47 47 42 49 47 45 47
58
0
44 49 48 48 48 47 44 46 49 45
59
0
58 67 58 65 60 62 64 65 62 64
60
0
43 46 43 43 44 43 46 45 46 43
61
0
69 68 70 70 65 68 70 72 69 65
62
0
39 40 39 40 41 38 43 39 40 40
63
0
54 49 50 48 53 54 52 47 50 53
64
0
40 38 44 43 40 42 42 45 41 41
65
0
49 52 53 50 53 52 51 52 52 55
66
0
43 43 43 43 46 46 46 44 44 45
67
0
45 42 42 43 42 40 43 42 45 39
68
0
55 52 52 52 55 57 58 58 53 53
69
0
57 58 57 65 58 58 59 59 61 58
70
0
57 59 61 57 61 59 58 59 60 58
71
0
58 61 61 62 62 60 61 68 62 65
72
0
49 47 47 46 46 48 46 50 51 44
73
0
50 51 48 48 49 52 49 47 45 53
74
0
70 72 70 74 68 68 68 65 70 71
75
0
48 45 47 48 50 48 54 48 51 48
76
0
51 54 50 48 50 50 48 52 49 48
77
0
66 66 66 69 69 66 66 71 66 71
78
0
41 42 41 41 39 42 43 41 41 45
79
0
48 49 47 45 47 51 48 46 42 49
80
0
53 54 52 54 54 53 57 51 52 53
81
0
53 52 50 47 49 47 50 51 49 52
82
0
50 50 52 49 53 52 52 52 48 49
83
0
56 51 44 51 50 51 52 50 49 51
84
0
51 54 51 48 51 50 48 49 55 50
85
0
59 60 60 62 63 63 63 64 58 59
86
0
55 49 54 55 54 58 59 52 54 57
87
0
59 53 51 53 58 55 58 59 51 57
88
0
44 39 38 41 42 41 39 40 41 43
89
0
49 45 49 45 47 47 43 47 46 45
90
0
65 64 64 59 61 58 64 60 60 62
91
0
57 51 51 51 53 50 53 54 50 52
92
0
55 53 51 53 53 53 54 50 51 52
93
0
48 52 49 48 49 48 48 47 50 48
94
0
64 68 65 68 66 66 66 64 66 65
95
0
38 37 41 36 37 39 34 40 38 39
96
0
51 53 56 50 51 51 53 50 50 46
97
0
45 48 44 44 45 46 47 46 43 44
98
0
71 74 75 71 68 73 65 69 72 71
99
0
50 45 44 43 47 46 44 45 45 43
100
0
53 57 53 54 54 56 54 53 57 54
101
0
40 41 44 41 40 40 45 39 44 43
102
0
45 45 46 46 46 51 49 48 42 43
103
0
62 60 56 58 60 60 63 57 58 63
104
0
60 60 63 59 57 60 59 58 60 61
105
0
31 33 31 29 36 30 30 30 32 32
106
0
41 41 43 46 46 41 40 44 44 45
107
0
51 51 50 51 49 49 49 50 50 49
108
0
69 71 69 68 67 69 70 68 73 72
109
0
45 45 45 44 43 49 47 45 48 45
110
0
47 51 49 49 46 47 51 49 50 49
111
0
54 55 56 50 52 53 52 50 52 56
112
0
73 72 79 75 71 70 72 76 71 72
113
0
45 42 46 39 46 43 41 43 40 41
114
0
42 40 39 42 40 40 43 39 39 41
115
0
42 47 41 43 42 43 45 44 43 42
116
0
65 63 64 71 67 67 65 66 60 62
117
0
61 60 61 58 58 58 64 59 57 62
118
0
46 53 51 51 47 50 50 49 53 48
119
0
42 37 39 40 38 38 41 41 38 42
120
0
54 51 52 51 52 53 52 56 52 55
121
0
65 65 62 64 63 63 63 65 66 65
122
0
55 53 55 55 55 57 52 51 56 57
123
0
42 42 42 45 41 42 41 42 40 41
124
0
50 44 48 49 50 50 49 50 51 53
125
0
57 60 60 65 61 57 56 61 62 57
126
0
54 59 58 57 61 57 60 58 58 58
127
0
45 41 44 47 48 43 45 47 47 47
128
0
51 49 45 50 53 47 49 49 50 51
129
0
49 53 57 53 56 57 54 53 53 53
130
0
44 46 51 45 43 49 46 49 47 45
131
0
41 44 36 42 38 47 37 42 37 43
132
0
45 40 43 39 41 43 38 43 44 43
133
0
52 54 51 54 51 54 49 49 51 47
134
0
43 42 42 40 42 43 43 45 42 40
135
0
57 51 53 56 54 55 53 51 50 55
136
0
58 57 55 54 59 55 55 52 58 58
137
0
30 31 32 32 30 32 30 30 29 31
138
0
44 49 46 48 47 45 45 45 44 46
139
0
51 49 49 49 46 50 49 51 50 49
140
0
48 53 50 49 45 51 50 48 49 52
141
0
44 47 45 43 43 42 43 44 41 42
142
0
57 56 60 60 55 58 61 56 59 60
143
0
49 48 46 44 44 52 51 47 51 48
144
0
58 59 61 60 63 58 58 62 57 62
145
0
55 54 56 56 55 57 56 52 57 59
146
0
65 61 62 62 62 62 59 64 62 63
147
0
38 37 39 39 42 38 39 38 37 38
148
0
59 60 56 64 61 58 55 58 59 57
149
0
69 68 66 66 66 72 67 76 69 68
150
0
43 42 41 42 40 38 40 41 39 40
151
0
54 49 51 49 50 52 48 51 54 49
152
0
51 50 48 53 51 50 55 53 53 50
153
0
60 62 62 62 65 62 60 63 61 61
154
0
71 69 66 67 70 68 65 75 69 72
155
0
49 46 47 47 49 49 49 44 48 46
156
0
48 47 49 49 54 49 51 44 48 51
157
0
51 49 46 47 50 46 46 48 50 49
158
0
51 44 47 45 46 46 45 45 48 43
159
0
50 51 51 51 50 56 51 51 49 52
160
0
41 41 38 40 45 42 40 43 43 40
161
0
61 65 61 60 61 63 57 61 61 59
162
0
60 56 61 58 64 62 61 61 62 60
163
0
48 45 50 49 49 46 52 49 45 52
164
0
39 38 38 42 42 41 42 41 42 41
165
0
44 44 46 43 45 46 42 45 45 42
166
0
48 48 46 50 47 50 52 55 49 48
167
0
44 46 43 45 43 43 44 42 45 42
168
0
46 44 44 42 45 46 47 48 46 50
169
0
44 42 42 45 42 41 41 46 41 43
170
0
35 38 38 38 37 40 38 38 38 39
171
0
37 36 31 34 36 34 33 38 36 34
172
0
38 39 40 39 39 39 40 37 43 40
173
0
32 33 32 34 33 32 32 31 32 33
174
0
39 40 36 42 36 39 38 38 41 38
175
0
57 58 53 57 53 53 55 56 55 62
176
0
64 62 61 56 58 57 56 56 59 60
177
0
37 38 35 32 38 33 35 38 35 33
178
0
43 41 40 43 46 41 47 45 42 41
179
0
48 50 48 46 50 48 51 49 50 53
180
0
46 45 47 46 45 50 49 46 48 46
181
0
65 62 63 64 63 66 59 60 63 61
182
0
49 51 48 50 47 50 49 49 51 51
183
0
44 42 45 44 42 42 42 42 46 41
184
0
40 41 40 42 39 40 39 39 38 44
185
0
47 46 45 50 50 46 47 46 47 47
186
0
38 43 37 41 39 40 41 39 38 38
187
0
38 39 37 38 40 37 38 33 36 37
188
0
51 54 54 54 54 52 55 56 51 55
189
0
44 43 45 44 41 43 41 44 44 46
190
0
53 59 56 56 61 60 58 58 56 61
191
0
57 56 60 56 59 59 56 60 55 57
192
0
48 48 45 43 42 43 42 42 43 43
193
0
57 56 57 55 61 61 59 61 59 58
194
0
47 45 43 39 45 42 46 43 45 42
195
0
61 66 60 60 62 60 59 62 64 62
196
0
35 38 38 40 37 37 38 37 35 33
197
0
52 57 56 55 56 53 58 57 58 54
198
0
47 48 52 51 55 51 50 49 48 48
199
0
40 40 41 43 42 40 39 39 42 38
