100
5
434919
0
0
44 56 54 52 53
1
0
43 57 51 52 54
2
0
45 54 50 46 52
3
0
48 56 51 53 57
4
0
46 62 54 51 55
5
0
49 56 56 54 55
6
0
45 53 51 52 55
7
0
47 58 51 50 51
8
0
48 57 54 54 53
9
0
51 54 54 57 57
10
0
49 52 54 53 54
11
0
48 58 52 54 57
12
0
47 57 53 51 55
13
0
47 55 55 52 53
14
0
47 53 53 54 57
15
0
47 57 53 53 54
16
0
50 59 50 54 52
17
0
47 56 53 54 56
18
0
48 56 53 53 54
19
0
49 57 56 52 52
20
0
46 55 56 53 55
21
0
49 57 53 48 52
22
0
47 62 55 53 56
23
0
50 54 50 52 53
24
0
49 59 49 51 54
25
0
47 56 53 49 54
26
0
50 58 54 53 54
27
0
48 55 54 52 55
28
0
49 57 50 55 56
29
0
48 59 53 53 58
30
0
46 53 55 51 52
31
0
51 55 54 53 56
32
0
45 55 51 50 58
33
0
47 55 54 51 53
34
0
48 59 56 54 55
35
0
44 56 51 53 52
36
0
50 58 55 49 59
37
0
45 58 51 51 55
38
0
50 53 51 57 58
39
0
47 56 53 52 57
40
0
49 54 55 58 53
41
0
48 57 55 57 57
42
0
48 59 56 54 56
43
0
46 55 52 56 55
44
0
41 56 54 56 53
45
0
50 58 51 54 59
46
0
49 55 55 51 55
47
0
46 57 56 50 54
48
0
49 57 55 54 56
49
0
48 57 55 51 55
50
0
47 56 52 52 54
51
0
49 58 54 49 55
52
0
47 53 52 52 51
53
0
45 56 55 54 56
54
0
49 55 57 49 57
55
0
47 57 55 55 53
56
0
51 59 54 51 50
57
0
48 57 52 54 56
58
0
49 59 55 55 55
59
0
51 57 50 52 56
60
0
49 56 51 56 55
61
0
50 56 51 50 60
62
0
51 56 55 52 54
63
0
51 59 51 53 59
64
0
48 57 54 53 54
65
0
43 58 52 50 54
66
0
49 60 54 53 56
67
0
48 59 52 54 53
68
0
50 57 53 49 56
69
0
49 57 49 52 55
70
0
48 55 55 52 55
71
0
48 57 54 54 53
72
0
49 51 50 54 54
73
0
48 57 51 54 50
74
0
50 56 60 54 54
75
0
48 53 53 50 58
76
0
46 54 54 54 54
77
0
48 56 54 54 55
78
0
49 58 56 52 55
79
0
47 57 52 53 54
80
0
45 57 54 50 55
81
0
47 57 56 51 55
82
0
46 56 53 57 51
83
0
47 58 56 53 52
84
0
49 58 55 56 56
85
0
48 57 52 52 54
86
0
47 54 54 54 54
87
0
44 57 53 51 56
88
0
46 57 51 51 54
89
0
47 60 51 52 57
90
0
49 60 56 53 52
91
0
47 63 51 50 63
92
0
49 58 55 53 55
93
0
50 61 57 56 56
94
0
45 61 54 53 56
95
0
50 53 53 51 54
96
0
45 61 53 55 56
97
0
47 56 54 53 56
98
0
48 60 51 54 54
99
0
49 58 50 49 52
