200
10
185510
0
0
40 51 39 62 30 48 44 51 69 36
1
0
42 46 40 67 33 50 49 49 60 34
2
0
44 52 41 62 36 47 45 50 63 31
3
0
41 50 38 61 33 45 48 53 66 34
4
0
35 49 39 62 38 45 43 51 64 35
5
0
41 51 38 65 33 46 45 49 63 34
6
0
41 52 36 66 35 46 44 51 60 34
7
0
40 50 40 64 38 51 47 51 66 32
8
0
39 56 41 59 40 49 45 52 60 31
9
0
39 49 39 64 35 45 44 53 64 30
10
0
39 50 39 66 35 44 47 51 64 33
11
0
37 49 42 65 35 51 45 52 61 33
12
0
39 51 41 63 34 47 47 54 65 33
13
0
38 48 43 63 34 47 51 54 60 32
14
0
41 53 40 59 35 45 50 51 63 35
15
0
41 52 38 66 33 46 47 48 63 33
16
0
44 50 43 61 37 51 46 51 62 33
17
0
40 51 39 61 37 47 46 49 60 36
18
0
40 52 39 64 35 47 42 50 59 32
19
0
41 54 39 60 34 49 48 52 67 32
20
0
40 48 42 65 38 43 47 53 61 34
21
0
40 54 41 59 35 46 42 52 62 35
22
0
39 50 39 63 35 48 46 52 63 35
23
0
38 54 43 64 35 45 46 52 58 34
24
0
39 50 40 60 35 47 48 50 63 33
25
0
40 49 42 67 36 43 44 52 57 31
26
0
40 53 40 63 39 47 44 50 64 36
27
0
38 51 43 61 35 49 45 52 62 33
28
0
40 53 42 61 36 47 49 50 61 33
29
0
41 48 39 65 34 51 52 45 63 36
30
0
43 50 39 66 36 46 46 48 65 32
31
0
39 51 40 64 34 45 49 52 64 35
32
0
40 49 37 62 33 51 43 52 63 35
33
0
38 50 39 64 34 47 48 48 64 35
34
0
41 50 40 61 36 47 40 51 60 35
35
0
41 51 39 60 36 47 48 50 62 33
36
0
37 49 38 61 38 48 44 51 64 36
37
0
44 57 39 67 32 47 46 53 61 32
38
0
40 53 39 60 34 45 48 51 61 32
39
0
42 50 37 64 38 48 43 47 62 33
40
0
42 48 41 67 34 46 43 55 62 32
41
0
38 55 39 62 35 50 46 51 61 34
42
0
40 52 37 65 35 50 45 51 68 36
43
0
39 53 39 64 39 50 44 55 60 34
44
0
44 49 39 62 35 44 48 52 62 31
45
0
41 49 42 62 36 46 46 51 58 34
46
0
40 51 38 62 34 47 45 52 62 34
47
0
44 53 39 65 34 50 48 48 62 36
48
0
44 48 39 63 34 47 46 56 60 33
49
0
38 49 39 61 38 50 47 55 70 32
50
0
42 52 38 64 36 47 48 48 62 32
51
0
38 48 40 60 38 50 46 52 59 32
52
0
40 51 39 63 36 48 50 50 61 34
53
0
43 50 40 63 34 48 46 49 59 35
54
0
37 46 39 60 34 47 48 49 64 34
55
0
41 51 42 65 39 49 47 50 63 32
56
0
41 52 36 67 37 49 45 50 60 34
57
0
38 50 41 65 37 46 46 55 58 32
58
0
40 51 39 62 33 47 46 48 60 33
59
0
40 51 44 66 34 47 42 54 63 34
60
0
41 49 40 66 32 48 43 48 61 31
61
0
37 50 42 61 36 46 44 49 61 34
62
0
40 50 40 62 33 46 47 54 60 33
63
0
42 49 38 63 35 44 42 51 61 34
64
0
39 54 41 59 34 49 48 53 59 34
65
0
37 52 39 64 37 48 50 53 60 33
66
0
41 49 40 66 35 52 45 50 61 31
67
0
38 49 41 63 34 48 45 53 61 36
68
0
40 51 40 64 38 48 51 48 64 33
69
0
42 48 37 62 35 48 44 50 66 33
70
0
40 51 40 60 37 49 44 50 61 35
71
0
40 47 39 67 36 48 47 50 63 35
72
0
42 55 41 59 35 49 44 50 61 34
73
0
41 51 36 63 38 45 46 51 61 33
74
0
40 50 41 67 37 47 45 54 60 32
75
0
40 51 42 65 35 53 44 55 60 33
76
0
41 50 36 63 38 46 43 56 60 33
77
0
41 49 37 64 37 45 46 50 62 34
78
0
39 53 40 66 36 48 43 48 63 31
79
0
42 54 44 65 35 50 48 52 61 33
80
0
41 51 40 63 36 47 48 51 60 32
81
0
40 51 39 59 35 53 48 55 63 34
82
0
42 53 41 66 35 48 44 52 65 35
83
0
43 48 39 61 35 49 51 50 62 31
84
0
41 52 41 61 38 48 48 49 64 33
85
0
38 48 38 62 36 50 48 47 65 34
86
0
44 52 43 60 33 46 46 51 61 37
87
0
40 53 37 65 33 48 44 51 59 35
88
0
40 51 38 63 35 47 49 54 60 33
89
0
39 52 41 62 38 47 45 49 61 34
90
0
41 52 38 61 40 46 47 51 62 36
91
0
38 44 41 62 36 47 41 47 59 33
92
0
40 47 41 63 36 45 47 49 60 34
93
0
39 49 38 63 36 46 43 46 62 35
94
0
37 49 38 62 38 48 46 50 63 34
95
0
40 51 40 66 34 46 44 51 62 34
96
0
36 49 45 58 38 46 47 55 59 36
97
0
41 50 41 60 36 48 42 50 64 33
98
0
43 52 44 60 34 44 48 52 60 34
99
0
41 50 43 61 36 48 44 48 56 31
100
0
43 45 40 63 38 43 48 51 61 34
101
0
43 48 40 61 36 42 49 51 58 33
102
0
37 56 40 65 36 46 45 47 70 32
103
0
40 50 39 65 36 42 46 52 63 37
104
0
41 51 41 64 33 52 47 51 58 35
105
0
41 50 39 62 36 47 45 51 59 32
106
0
37 51 39 56 36 44 47 48 62 34
107
0
40 48 43 61 38 45 49 51 64 36
108
0
43 51 41 62 35 50 45 50 56 34
109
0
39 50 42 60 38 50 48 53 63 33
110
0
41 48 39 63 35 49 47 49 61 37
111
0
39 53 42 66 35 48 46 53 61 34
112
0
39 49 38 64 34 49 51 51 60 36
113
0
42 51 41 65 36 50 48 54 63 36
114
0
43 50 40 58 35 51 46 52 65 31
115
0
43 50 42 66 34 50 47 49 62 33
116
0
40 50 42 59 32 48 46 56 61 36
117
0
40 49 43 66 33 48 47 52 59 35
118
0
40 52 39 67 36 50 44 49 61 33
119
0
41 54 40 62 38 46 44 48 60 33
120
0
44 51 40 61 33 45 49 49 62 33
121
0
39 48 38 61 37 50 45 47 60 32
122
0
42 52 42 65 33 53 45 53 57 33
123
0
38 52 37 63 37 46 45 52 61 34
124
0
36 52 42 65 39 47 44 53 62 32
125
0
42 52 40 65 36 49 48 49 68 31
126
0
39 45 42 60 35 48 46 51 64 33
127
0
41 52 40 61 37 48 47 48 61 34
128
0
42 46 42 67 35 50 47 51 60 33
129
0
38 50 41 64 36 45 48 52 63 35
130
0
40 55 38 60 37 51 47 55 65 33
131
0
42 48 41 61 39 49 45 50 63 31
132
0
42 55 40 62 35 51 48 56 61 35
133
0
41 53 40 65 35 48 45 52 60 34
134
0
39 48 38 62 34 46 46 55 61 33
135
0
41 50 42 60 35 48 43 50 60 35
136
0
36 50 40 60 33 45 44 48 62 34
137
0
42 49 39 62 34 47 41 50 61 32
138
0
43 51 39 62 33 46 45 51 60 33
139
0
42 50 40 63 39 50 45 48 63 33
140
0
40 51 43 62 33 48 45 49 60 33
141
0
42 49 38 62 36 49 49 50 62 37
142
0
42 51 35 61 34 49 47 51 62 33
143
0
38 50 38 65 35 44 47 49 61 31
144
0
39 47 40 64 35 48 49 50 60 37
145
0
42 51 39 64 35 47 48 52 63 33
146
0
41 49 44 63 38 48 46 52 61 33
147
0
39 50 39 65 37 47 47 49 65 34
148
0
41 52 40 63 36 47 42 50 63 31
149
0
41 50 39 60 37 48 46 53 60 34
150
0
37 53 38 61 37 49 48 48 61 35
151
0
37 54 40 64 36 46 44 51 66 33
152
0
39 49 41 61 34 48 42 49 64 34
153
0
41 48 41 66 35 52 46 52 59 33
154
0
39 49 42 59 35 48 42 50 63 33
155
0
43 49 36 60 36 50 44 47 62 33
156
0
42 51 39 54 37 46 45 53 59 35
157
0
46 51 39 67 36 49 46 50 64 37
158
0
38 49 40 66 34 50 45 50 60 33
159
0
43 47 39 61 35 48 47 54 63 34
160
0
45 52 41 61 34 46 45 50 61 34
161
0
42 50 39 65 33 48 50 51 62 39
162
0
41 51 40 63 34 49 46 51 59 33
163
0
39 53 40 64 38 48 44 58 61 37
164
0
41 47 40 59 35 44 49 55 63 37
165
0
40 50 46 61 42 50 48 53 67 34
166
0
38 51 38 63 35 46 42 48 63 39
167
0
39 48 41 64 35 48 47 55 61 35
168
0
41 56 44 60 35 46 46 53 61 35
169
0
37 51 42 69 35 51 40 49 65 33
170
0
40 51 44 59 38 54 47 50 63 34
171
0
41 51 42 63 35 50 44 55 63 36
172
0
41 51 41 64 37 49 42 50 58 34
173
0
39 47 37 61 33 46 45 50 62 35
174
0
40 52 43 66 36 48 45 49 59 34
175
0
42 53 44 61 35 46 45 47 60 36
176
0
41 53 42 61 35 47 44 46 65 35
177
0
40 50 36 62 36 50 48 55 58 37
178
0
41 52 39 66 35 49 43 50 65 32
179
0
40 52 39 65 35 43 46 52 61 33
180
0
36 52 43 61 35 48 43 51 58 34
181
0
45 49 42 64 37 52 46 46 60 34
182
0
39 47 40 63 37 49 49 51 60 34
183
0
41 48 39 68 36 51 49 49 57 34
184
0
39 49 38 59 36 49 49 46 59 36
185
0
39 53 40 62 35 43 48 50 64 34
186
0
40 48 41 66 35 44 43 50 62 35
187
0
40 51 38 68 34 45 43 48 65 32
188
0
38 48 39 64 38 48 46 51 61 34
189
0
41 53 38 62 33 47 48 50 62 36
190
0
46 54 42 63 34 50 45 51 66 35
191
0
40 49 39 64 38 49 46 47 64 32
192
0
40 49 37 61 38 47 42 54 61 30
193
0
39 50 42 65 34 47 42 51 62 32
194
0
39 47 37 67 37 54 51 49 64 36
195
0
39 49 42 60 35 47 45 50 63 34
196
0
37 48 39 61 37 48 46 51 62 34
197
0
39 54 38 61 33 46 49 52 62 34
198
0
40 47 41 60 38 45 48 49 60 33
199
0
41 52 38 58 38 46 47 46 64 34
