200
20
601849
0
0
47 45 43 46 46 44 44 43 42 44 45 41 44 45 46 44 44 47 44 46
1
0
54 54 48 53 53 53 53 56 59 53 51 51 53 56 53 52 55 55 54 51
2
0
50 48 49 47 48 47 50 52 50 49 45 50 47 47 46 49 50 51 43 52
3
0
36 44 36 39 38 39 37 36 37 38 39 39 37 38 36 37 34 39 39 34
4
0
45 51 42 42 47 45 46 47 45 41 39 45 46 45 46 45 45 46 44 47
5
0
60 55 57 56 57 61 58 55 56 54 63 56 59 58 57 54 56 59 61 52
6
0
46 44 45 46 45 45 43 42 47 42 41 43 46 42 48 47 44 42 42 43
7
0
42 45 47 45 44 45 44 47 46 47 45 48 48 46 43 45 47 46 43 46
8
0
42 40 45 44 41 41 44 44 42 41 44 42 44 44 45 45 42 42 44 45
9
0
54 51 53 57 52 54 52 57 55 56 57 58 55 55 52 54 55 55 55 52
10
0
66 62 68 66 64 63 63 66 63 64 63 66 65 62 64 64 63 66 65 62
11
0
40 43 46 43 44 38 42 42 45 40 42 43 43 41 41 46 42 43 43 48
12
0
37 37 37 44 41 39 40 42 39 38 38 41 43 37 39 41 40 36 43 39
13
0
49 53 50 52 51 45 50 50 53 55 53 51 49 51 50 46 51 49 49 55
14
0
69 65 67 66 67 65 70 65 65 61 70 68 66 65 69 67 63 64 64 67
15
0
39 45 42 40 41 43 45 42 40 40 40 41 45 41 42 40 43 37 42 45
16
0
47 47 43 47 42 43 48 45 40 45 50 44 44 46 49 46 46 48 46 49
17
0
32 36 36 35 33 35 32 37 33 34 35 34 32 35 38 35 36 36 33 32
18
0
46 45 41 46 44 45 47 44 46 45 42 43 42 45 47 46 46 46 45 44
19
0
56 55 57 56 55 54 57 53 55 52 54 55 55 56 52 54 57 59 59 52
20
0
42 43 43 42 40 47 44 41 40 41 43 42 46 43 44 41 44 43 43 41
21
0
43 45 44 45 42 44 46 40 42 44 41 44 40 42 41 44 44 43 42 42
22
0
63 70 63 67 69 69 67 70 66 71 73 67 63 67 66 65 65 68 64 65
23
0
77 78 74 77 75 81 76 71 74 79 71 79 78 77 79 73 72 76 78 76
24
0
58 57 59 61 58 56 59 54 56 59 58 61 61 57 62 64 61 54 57 59
25
0
53 48 52 52 51 51 52 54 52 53 54 50 53 52 52 55 55 51 56 53
26
0
48 48 46 47 45 46 47 52 48 46 47 47 47 50 51 46 50 48 48 49
27
0
66 66 61 65 65 61 68 65 69 69 70 62 71 61 70 65 67 66 62 69
28
0
46 43 49 43 50 48 45 48 45 46 45 46 48 45 45 47 47 46 47 47
29
0
44 43 45 45 43 42 40 41 47 47 47 44 42 43 46 45 43 44 48 46
30
0
51 54 53 58 49 52 52 55 53 54 57 52 52 53 54 53 54 53 52 54
31
0
63 68 64 61 66 63 62 60 63 66 65 64 62 66 69 66 61 62 61 62
32
0
52 51 50 48 51 54 53 50 57 52 52 54 50 53 51 52 50 52 53 50
33
0
39 39 37 32 38 37 38 34 39 39 37 38 36 42 39 41 40 38 35 40
34
0
63 64 63 56 59 61 61 63 63 65 63 62 69 66 67 61 67 62 66 65
35
0
51 52 52 53 50 49 53 54 53 52 56 49 54 54 49 52 51 53 53 47
36
0
62 67 60 67 62 64 61 60 61 64 65 67 61 68 63 67 65 69 64 59
37
0
32 32 34 30 32 31 37 31 34 33 31 35 33 34 32 32 34 30 31 26
38
0
42 48 45 47 46 44 42 44 46 47 46 43 43 45 50 47 46 43 50 46
39
0
71 70 73 73 72 77 74 72 74 75 71 74 74 69 72 70 72 74 71 75
40
0
60 63 57 56 58 56 61 53 55 55 58 59 62 64 55 57 54 57 57 56
41
0
53 57 57 56 62 57 56 57 59 58 58 56 55 58 57 53 57 54 56 56
42
0
69 67 70 71 75 71 65 69 72 73 68 68 71 71 73 71 67 72 73 69
43
0
58 58 61 60 57 58 58 58 59 62 59 56 57 59 57 54 56 58 59 56
44
0
45 45 47 46 49 48 46 45 47 48 46 42 46 48 48 45 47 49 46 50
45
0
75 73 72 72 77 70 76 77 77 80 72 75 74 77 77 71 78 75 71 76
46
0
48 49 46 49 47 45 47 43 48 52 44 47 48 52 48 48 46 43 44 49
47
0
48 45 46 47 47 45 45 48 48 48 50 45 44 46 45 50 48 46 42 46
48
0
49 48 50 45 49 50 52 51 47 49 46 50 49 44 48 49 46 47 48 47
49
0
60 52 57 56 53 59 55 55 57 55 54 56 54 54 52 56 57 53 54 56
50
0
32 32 37 33 35 35 33 34 34 31 34 35 31 33 33 33 33 32 34 35
51
0
66 63 66 67 59 63 68 65 65 69 65 66 65 66 60 62 62 70 70 65
52
0
45 46 47 45 46 46 43 46 46 48 46 50 46 45 44 46 48 45 45 44
53
0
31 31 30 33 34 28 33 34 31 29 31 34 32 33 33 30 30 31 30 32
54
0
45 47 48 43 49 47 46 44 47 44 44 45 48 49 44 48 46 46 46 49
55
0
50 43 48 47 45 43 47 47 44 45 47 47 47 47 48 50 49 50 45 45
56
0
38 40 33 37 39 40 38 38 35 38 38 37 38 38 37 37 38 37 40 38
57
0
48 49 50 52 48 51 51 47 50 52 52 49 52 51 52 47 52 52 54 50
58
0
44 46 43 44 44 49 48 43 49 44 47 47 44 43 45 46 45 44 44 44
59
0
54 55 54 50 54 55 56 54 55 51 54 50 51 51 56 54 57 55 55 51
60
0
52 50 53 50 49 52 51 49 52 51 50 51 48 49 49 52 51 53 50 48
61
0
43 46 43 47 47 47 49 44 46 46 43 50 47 48 47 44 46 46 44 43
62
0
57 51 51 51 52 52 54 56 57 56 55 52 57 53 55 50 49 53 56 58
63
0
40 36 36 35 36 38 35 35 35 36 34 39 40 33 38 35 35 36 35 35
64
0
51 48 44 45 46 47 44 46 47 46 42 47 48 48 53 46 48 46 49 45
65
0
43 44 47 48 45 45 45 42 41 46 41 43 47 40 45 47 45 42 44 47
66
0
33 36 35 36 36 37 33 37 38 36 36 35 36 38 41 38 38 39 35 36
67
0
55 60 56 54 59 55 56 53 56 53 59 53 55 58 56 54 58 58 61 54
68
0
41 43 44 44 43 44 42 41 42 47 42 44 42 45 42 42 44 41 41 43
69
0
58 57 56 60 54 58 54 58 55 55 55 53 55 58 53 55 56 61 54 61
70
0
36 38 41 44 40 41 39 38 38 39 40 40 39 38 40 38 40 36 40 39
71
0
52 53 49 51 45 52 50 49 52 52 46 49 52 49 49 50 51 49 53 54
72
0
64 65 62 60 62 63 66 66 63 64 61 67 62 60 67 64 59 61 63 60
73
0
41 46 47 49 45 48 43 44 45 44 46 47 43 46 43 45 45 45 45 43
74
0
51 48 53 53 51 48 58 45 50 50 50 50 51 54 51 50 51 51 51 51
75
0
76 76 72 70 74 76 74 77 73 69 72 74 72 76 70 71 71 71 74 74
76
0
43 40 42 44 43 46 44 44 45 43 48 49 42 45 42 41 40 46 43 43
77
0
42 40 42 42 40 43 43 42 42 42 41 39 39 42 44 44 39 38 41 44
78
0
41 44 42 43 43 47 43 41 44 42 41 43 39 42 40 40 39 45 44 39
79
0
51 52 52 51 51 48 53 54 50 51 50 51 49 52 56 52 53 52 55 51
80
0
52 55 57 52 52 52 53 52 50 52 51 54 52 51 53 52 52 57 53 54
81
0
50 50 51 49 52 50 52 58 55 50 53 56 53 51 50 51 54 54 49 58
82
0
58 53 54 55 55 55 53 56 54 55 51 56 57 55 54 53 55 55 54 51
83
0
58 59 59 58 59 56 59 59 61 59 56 60 52 55 56 58 60 54 62 59
84
0
45 42 44 46 44 46 47 47 42 42 45 46 45 43 44 47 46 45 41 39
85
0
39 44 42 36 37 38 41 38 41 40 38 38 37 39 40 37 38 41 36 38
86
0
33 30 30 30 32 33 28 31 30 31 31 32 32 26 33 32 29 33 29 31
87
0
47 47 45 48 46 48 48 45 44 47 49 48 44 50 47 46 42 44 43 45
88
0
59 54 53 59 59 53 55 57 61 58 55 54 54 54 52 54 56 57 60 55
89
0
39 40 41 37 42 37 39 41 45 37 38 43 41 36 36 38 38 41 40 40
90
0
38 38 37 41 42 41 39 40 36 42 40 43 38 39 38 39 37 40 37 36
91
0
63 61 56 62 58 62 61 57 58 62 59 59 63 65 58 60 59 61 57 61
92
0
57 56 52 57 56 57 53 57 56 59 53 57 56 54 55 53 53 52 60 56
93
0
56 60 54 61 57 56 57 60 54 55 59 53 56 59 58 60 59 61 55 55
94
0
54 52 49 50 48 54 52 53 51 51 46 50 51 48 50 52 51 51 56 51
95
0
68 66 63 66 65 70 61 62 64 65 65 66 66 66 65 67 64 66 67 64
96
0
27 26 25 25 25 27 26 26 25 29 28 26 24 25 27 27 26 23 28 27
97
0
44 44 48 46 50 45 43 45 46 44 44 46 42 44 43 44 44 45 45 43
98
0
44 45 44 44 43 44 43 43 43 44 45 42 44 44 45 46 43 44 44 45
99
0
35 36 35 32 33 31 37 37 33 32 34 34 35 36 32 34 36 35 34 34
100
0
52 50 48 49 49 49 50 48 47 47 51 51 49 50 46 52 52 47 52 51
101
0
40 40 40 39 41 42 43 40 40 38 37 39 37 40 39 38 40 39 41 41
102
0
42 41 39 43 47 49 43 42 43 40 42 42 46 43 43 41 40 44 45 40
103
0
59 56 57 56 61 57 58 57 57 59 60 58 61 58 60 60 56 60 60 57
104
0
55 53 56 56 56 53 54 54 53 52 56 56 54 55 56 60 52 55 54 60
105
0
50 41 44 42 42 47 44 40 43 42 43 44 43 46 46 43 41 45 47 45
106
0
49 51 49 52 54 51 48 53 53 46 46 49 52 49 49 46 50 49 49 50
107
0
55 55 50 48 54 52 50 53 55 52 54 52 56 52 55 49 53 56 55 53
108
0
49 50 52 51 52 52 46 50 50 54 50 51 52 52 52 51 51 51 50 50
109
0
38 42 42 42 39 36 39 40 39 40 39 38 37 38 38 40 38 39 42 37
110
0
66 61 64 60 66 66 65 59 64 68 62 65 65 64 63 64 64 65 64 62
111
0
43 43 42 44 42 44 41 48 43 45 44 44 45 44 45 43 42 42 42 47
112
0
54 60 58 57 57 59 57 53 56 60 56 56 55 58 55 56 60 53 56 57
113
0
47 46 46 46 43 48 48 45 47 46 46 50 49 46 44 47 43 45 49 53
114
0
61 53 55 61 56 58 55 56 56 58 54 61 55 57 59 57 57 58 52 56
115
0
61 62 59 64 62 60 59 57 62 57 57 62 64 62 57 62 60 62 62 65
116
0
71 67 66 70 69 68 69 68 69 71 70 67 70 70 67 69 68 69 74 70
117
0
44 48 44 45 45 42 46 42 45 46 42 45 44 46 42 44 45 45 44 46
118
0
53 58 59 54 53 55 51 58 52 55 54 55 54 53 54 55 61 55 54 57
119
0
59 58 62 59 62 59 60 59 62 58 58 59 60 61 57 58 57 59 57 62
120
0
37 43 40 38 39 38 39 40 39 36 37 39 38 37 39 40 40 40 38 38
121
0
42 46 45 46 43 45 42 44 44 44 43 41 46 43 41 40 44 43 44 41
122
0
58 61 58 57 61 60 58 58 61 63 57 63 60 60 57 61 59 57 60 61
123
0
38 34 39 34 37 37 37 37 38 35 33 37 37 38 38 34 38 39 40 35
124
0
52 53 51 52 49 47 49 55 51 52 50 51 53 53 52 52 53 47 49 53
125
0
58 58 56 54 59 56 60 56 58 54 58 58 57 60 56 61 58 54 55 61
126
0
48 50 52 47 51 48 49 50 53 49 51 49 49 49 49 50 52 49 50 50
127
0
51 53 51 50 51 56 51 53 54 52 55 52 52 51 53 49 52 53 53 51
128
0
55 54 51 52 55 54 56 54 58 58 57 51 54 52 54 55 54 54 54 55
129
0
38 44 45 41 45 45 48 43 43 43 46 48 42 46 42 43 43 44 46 42
130
0
52 45 50 53 52 51 54 47 53 47 50 51 50 50 53 50 52 50 52 53
131
0
57 57 57 53 53 54 56 57 58 54 53 56 55 55 52 56 55 56 54 56
132
0
55 49 50 53 50 53 49 50 54 56 53 54 55 52 56 49 51 52 52 54
133
0
49 54 57 53 54 51 54 57 56 52 57 51 55 50 54 52 51 53 53 49
134
0
66 68 71 67 70 72 69 66 69 71 64 69 67 70 68 72 68 69 72 71
135
0
61 59 59 55 55 60 55 58 57 61 58 59 56 55 57 59 58 55 52 58
136
0
40 44 41 42 39 41 40 39 39 42 46 42 42 41 41 41 39 42 40 39
137
0
45 46 47 46 47 50 51 49 48 47 49 51 45 49 49 48 46 52 43 48
138
0
55 52 54 52 55 53 52 46 47 50 55 53 50 47 55 53 52 55 51 52
139
0
44 44 45 46 42 41 49 47 45 45 41 41 43 45 46 43 43 43 44 43
140
0
52 51 53 50 51 53 53 54 54 54 52 50 51 52 52 51 54 52 53 54
141
0
68 67 69 71 76 69 71 70 73 68 75 72 71 76 67 74 72 68 70 76
142
0
57 50 55 50 55 48 50 57 53 57 53 53 53 54 53 54 53 50 48 51
143
0
34 36 38 37 37 34 36 36 33 32 33 32 35 36 35 34 34 37 35 36
144
0
61 60 57 62 58 58 60 61 63 60 59 64 61 62 64 60 62 64 60 65
145
0
36 37 40 39 38 37 36 35 38 36 36 38 38 38 40 38 39 35 38 39
146
0
41 39 41 37 40 40 42 43 41 43 45 40 36 39 39 40 42 42 46 40
147
0
44 45 44 45 46 44 44 45 44 45 44 44 49 49 48 51 43 45 44 44
148
0
53 53 53 55 52 52 57 56 52 54 55 54 51 54 49 55 55 51 55 53
149
0
56 54 58 52 55 58 53 55 54 59 50 53 58 50 57 62 54 57 54 58
150
0
61 60 55 59 61 57 60 62 60 57 60 61 59 59 56 56 60 59 60 62
151
0
58 56 55 54 57 55 57 52 54 61 53 53 54 53 53 52 54 55 62 57
152
0
57 59 57 54 61 59 56 55 61 56 59 56 57 56 55 55 56 59 57 57
153
0
45 48 47 46 51 47 52 48 41 49 48 49 44 48 48 51 47 50 48 46
154
0
47 47 49 46 49 49 47 47 52 51 51 50 45 48 48 47 43 47 48 50
155
0
48 49 48 47 46 49 49 48 49 47 47 50 48 47 49 52 46 46 49 48
156
0
69 69 65 70 65 67 71 74 69 67 72 69 67 69 66 67 71 66 64 65
157
0
47 45 48 49 49 55 48 47 46 50 48 46 48 47 46 48 46 49 45 50
158
0
53 48 50 50 46 47 50 53 47 49 49 46 49 48 53 49 51 50 51 46
159
0
51 49 46 54 51 49 53 50 49 53 50 52 53 48 52 51 49 52 55 52
160
0
53 53 51 49 52 53 46 49 48 50 52 49 50 49 46 52 49 54 52 48
161
0
47 50 51 51 52 47 47 47 53 48 50 48 51 47 52 52 47 55 52 51
162
0
54 55 59 53 52 54 57 54 55 60 53 57 55 49 57 55 55 52 56 58
163
0
32 29 29 29 28 28 28 31 30 27 28 28 29 30 29 30 25 30 28 31
164
0
48 49 53 55 52 46 47 50 49 51 49 50 47 54 47 50 45 48 49 50
165
0
39 38 39 39 37 39 34 39 40 38 35 40 40 38 38 41 37 38 38 36
166
0
51 55 52 51 54 52 52 57 55 53 53 54 52 56 54 53 50 55 54 48
167
0
46 50 43 47 45 45 47 49 48 49 50 48 50 44 48 47 50 47 47 46
168
0
46 43 51 45 48 44 44 45 47 46 45 45 45 44 49 43 43 43 49 47
169
0
58 58 57 59 63 63 63 59 62 63 59 61 62 58 60 61 58 64 63 62
170
0
51 49 52 50 50 46 51 49 51 49 49 53 53 52 52 50 49 49 50 50
171
0
77 78 79 77 86 81 80 81 81 80 73 82 81 81 79 82 78 79 79 81
172
0
49 48 49 52 49 52 53 53 51 46 47 49 52 49 53 51 52 50 52 51
173
0
55 56 55 56 59 58 57 58 57 58 60 57 56 59 54 58 57 59 55 57
174
0
55 56 54 52 59 57 55 58 56 55 55 63 52 57 55 57 55 59 59 58
175
0
38 36 39 42 38 39 41 41 39 37 37 39 36 39 38 42 38 42 38 37
176
0
46 44 42 44 43 42 46 46 46 43 45 46 46 42 43 47 42 44 48 43
177
0
46 46 45 51 47 47 43 49 47 51 51 51 44 47 44 46 49 48 46 48
178
0
55 55 55 62 59 55 62 58 58 58 54 55 58 53 55 57 50 60 59 58
179
0
62 62 62 67 64 65 63 64 65 64 65 67 67 65 68 62 60 58 62 60
180
0
48 46 50 52 51 46 47 50 50 46 51 48 49 50 48 51 49 49 49 51
181
0
45 45 46 43 50 46 44 48 46 46 45 46 47 49 48 45 48 43 47 45
182
0
43 45 45 43 43 46 44 45 45 46 44 44 47 48 43 40 46 42 46 44
183
0
35 37 34 32 35 31 33 33 34 38 36 37 34 33 32 35 33 34 36 34
184
0
37 37 37 40 37 38 37 39 38 36 39 38 41 40 37 41 36 38 37 40
185
0
67 61 64 67 67 63 66 65 68 68 66 66 68 66 68 64 66 66 64 65
186
0
74 69 71 72 71 73 72 69 69 69 75 74 75 73 74 74 70 72 75 77
187
0
56 55 53 56 52 55 55 55 57 58 54 55 55 56 57 58 59 56 55 55
188
0
72 69 69 77 68 73 71 74 72 74 73 67 71 69 75 73 71 75 74 73
189
0
52 54 51 53 55 50 51 52 53 51 52 51 50 51 54 54 48 53 54 47
190
0
42 44 40 40 39 40 42 42 41 40 37 42 40 42 39 42 37 36 36 43
191
0
53 57 54 51 53 55 50 48 51 54 56 51 53 54 52 56 50 51 50 53
192
0
36 37 35 36 35 33 34 33 34 38 36 35 33 35 34 37 36 34 34 35
193
0
51 49 53 50 50 53 51 48 48 51 50 49 48 50 47 50 51 53 48 50
194
0
47 50 49 52 45 48 46 48 48 47 49 47 48 50 50 44 51 49 51 51
195
0
56 53 57 60 56 54 54 57 55 56 50 52 52 53 53 58 54 55 58 54
196
0
56 48 51 52 51 51 52 56 53 51 56 51 49 49 50 48 54 52 50 48
197
0
51 49 48 50 50 49 50 50 47 50 51 48 46 50 47 48 51 50 52 49
198
0
54 58 58 54 51 57 57 53 55 55 55 59 53 58 58 57 56 58 56 53
199
0
36 36 36 42 36 36 41 38 34 40 38 39 34 36 35 37 34 36 35 39
