200
5
697800
0
0
68 39 43 56 62
1
0
47 34 44 68 44
2
0
41 45 52 48 38
3
0
50 37 55 48 59
4
0
39 46 44 48 44
5
0
47 52 46 57 42
6
0
42 55 53 50 54
7
0
50 50 60 37 76
8
0
55 41 74 59 72
9
0
69 27 50 40 41
10
0
55 54 44 56 43
11
0
38 52 35 60 39
12
0
42 35 52 48 56
13
0
49 56 54 42 35
14
0
62 41 45 45 38
15
0
34 41 43 49 62
16
0
45 53 40 46 66
17
0
48 40 45 73 44
18
0
49 61 61 46 64
19
0
50 32 37 66 49
20
0
47 38 36 54 43
21
0
44 52 53 52 50
22
0
53 66 45 61 55
23
0
40 46 43 41 66
24
0
58 47 52 62 58
25
0
37 55 56 49 59
26
0
47 63 52 65 48
27
0
42 57 57 46 47
28
0
35 43 39 67 44
29
0
60 48 62 48 36
30
0
41 38 48 53 73
31
0
45 53 62 59 44
32
0
54 35 33 48 45
33
0
30 35 52 42 37
34
0
47 46 48 46 47
35
0
45 47 46 43 48
36
0
46 52 38 34 30
37
0
47 41 40 62 48
38
0
48 50 41 64 59
39
0
53 39 59 49 50
40
0
61 49 55 43 62
41
0
48 42 57 70 33
42
0
54 63 48 53 53
43
0
51 40 50 69 45
44
0
51 45 39 43 49
45
0
51 37 35 45 55
46
0
40 47 45 54 47
47
0
45 58 48 64 42
48
0
37 47 32 48 76
49
0
49 72 39 55 38
50
0
54 37 48 30 40
51
0
63 40 58 43 39
52
0
50 69 37 51 35
53
0
50 74 54 39 48
54
0
22 52 59 53 58
55
0
36 50 62 70 44
56
0
32 33 76 57 55
57
0
65 46 57 40 62
58
0
48 30 39 53 32
59
0
33 60 51 55 55
60
0
38 65 48 35 61
61
0
48 58 69 50 49
62
0
55 51 55 50 36
63
0
42 58 59 76 50
64
0
48 47 61 46 61
65
0
50 56 44 57 50
66
0
55 43 56 59 63
67
0
62 48 50 54 55
68
0
43 60 58 48 42
69
0
46 57 43 50 49
70
0
47 46 45 33 50
71
0
51 58 48 58 61
72
0
43 30 41 77 52
73
0
42 70 46 55 48
74
0
37 44 53 30 34
75
0
56 45 42 61 50
76
0
57 41 37 48 54
77
0
63 55 39 66 40
78
0
51 36 47 64 64
79
0
39 40 53 46 45
80
0
52 60 62 47 47
81
0
55 48 35 51 60
82
0
41 45 57 53 55
83
0
50 52 48 54 55
84
0
52 69 40 41 43
85
0
58 49 61 26 44
86
0
62 52 65 50 46
87
0
53 37 45 64 53
88
0
49 47 36 44 38
89
0
44 55 59 60 48
90
0
46 40 50 55 53
91
0
36 35 51 65 51
92
0
66 44 52 51 64
93
0
53 51 46 43 46
94
0
48 69 42 43 42
95
0
63 47 57 57 72
96
0
61 49 46 47 73
97
0
23 42 41 62 43
98
0
54 49 73 42 60
99
0
60 54 48 55 59
100
0
44 48 45 57 61
101
0
48 57 54 55 42
102
0
50 55 38 51 48
103
0
38 34 60 51 39
104
0
62 34 61 67 61
105
0
48 48 39 68 36
106
0
43 52 45 42 54
107
0
52 34 66 57 39
108
0
45 39 56 50 42
109
0
45 70 65 62 47
110
0
55 45 54 49 46
111
0
55 41 59 58 62
112
0
41 45 43 55 39
113
0
65 31 58 46 40
114
0
61 46 48 44 51
115
0
26 55 45 50 67
116
0
39 53 50 29 40
117
0
74 44 70 37 50
118
0
66 25 56 55 55
119
0
43 42 74 45 54
120
0
37 62 63 42 48
121
0
36 64 77 33 46
122
0
37 43 57 42 64
123
0
49 44 58 64 65
124
0
53 62 40 57 30
125
0
42 42 52 53 61
126
0
57 63 44 33 54
127
0
58 58 60 67 54
128
0
43 50 44 54 43
129
0
48 45 66 42 50
130
0
61 52 63 70 62
131
0
68 47 41 46 46
132
0
38 56 70 58 73
133
0
54 42 46 49 63
134
0
74 34 61 54 63
135
0
53 56 34 50 54
136
0
37 47 47 71 56
137
0
49 44 56 49 54
138
0
35 45 48 42 54
139
0
46 47 59 47 56
140
0
57 47 44 37 50
141
0
47 54 47 59 61
142
0
41 30 49 24 56
143
0
49 50 60 46 40
144
0
45 49 47 69 42
145
0
64 51 49 45 54
146
0
64 59 36 46 63
147
0
55 47 47 38 52
148
0
40 61 30 66 38
149
0
54 41 51 54 52
150
0
54 59 43 47 50
151
0
74 40 59 70 45
152
0
48 54 46 51 49
153
0
45 74 47 60 78
154
0
49 46 53 46 36
155
0
24 49 62 40 47
156
0
50 48 54 53 44
157
0
38 62 44 47 42
158
0
76 49 62 63 39
159
0
75 54 33 50 59
160
0
47 30 58 65 47
161
0
41 51 33 44 42
162
0
40 49 36 46 58
163
0
46 44 51 60 45
164
0
38 40 82 60 46
165
0
39 58 58 45 43
166
0
55 37 43 59 44
167
0
41 57 52 60 54
168
0
58 49 41 58 59
169
0
56 46 42 53 48
170
0
51 40 71 72 40
171
0
36 48 37 35 45
172
0
50 48 82 61 45
173
0
54 59 39 44 65
174
0
32 39 46 54 47
175
0
56 43 56 52 43
176
0
49 42 45 49 49
177
0
50 59 54 38 39
178
0
71 45 60 54 67
179
0
63 50 51 41 47
180
0
57 46 43 55 48
181
0
43 45 51 48 41
182
0
58 50 54 44 48
183
0
45 70 37 42 58
184
0
52 49 48 43 33
185
0
48 39 47 41 36
186
0
44 42 49 52 45
187
0
36 49 63 41 46
188
0
65 58 46 36 42
189
0
55 48 51 54 54
190
0
42 50 46 55 61
191
0
42 66 50 45 42
192
0
42 57 33 46 44
193
0
51 36 44 36 37
194
0
45 53 49 36 51
195
0
50 50 42 42 48
196
0
35 43 38 53 37
197
0
33 41 55 40 52
198
0
54 50 43 41 66
199
0
44 50 52 38 44
