100
5
140855
0
0
48 50 46 52 49
1
0
53 59 54 54 53
2
0
38 42 42 41 43
3
0
34 37 36 37 37
4
0
40 40 39 40 38
5
0
60 59 61 58 62
6
0
37 37 36 34 37
7
0
59 59 59 56 58
8
0
49 50 52 52 52
9
0
57 53 52 55 55
10
0
52 53 51 51 57
11
0
46 48 49 49 50
12
0
42 45 45 41 45
13
0
63 61 64 65 61
14
0
57 57 56 55 52
15
0
53 56 56 55 56
16
0
36 34 38 38 37
17
0
47 53 51 52 49
18
0
43 38 40 41 41
19
0
63 67 69 68 63
20
0
46 44 51 46 47
21
0
17 21 19 19 19
22
0
46 48 51 48 52
23
0
41 40 38 35 38
24
0
57 53 57 58 56
25
0
49 52 55 50 52
26
0
41 38 42 43 35
27
0
50 52 52 56 55
28
0
39 39 38 37 36
29
0
37 37 34 35 36
30
0
31 34 31 32 31
31
0
56 62 56 57 58
32
0
58 60 59 57 55
33
0
57 53 55 53 61
34
0
76 72 70 68 66
35
0
42 43 46 45 44
36
0
51 54 50 52 51
37
0
46 43 44 44 43
38
0
56 51 54 51 51
39
0
43 39 44 40 41
40
0
45 43 44 43 46
41
0
56 53 51 53 53
42
0
50 54 59 54 55
43
0
50 51 50 47 48
44
0
55 54 56 53 54
45
0
51 52 53 53 52
46
0
61 61 59 56 55
47
0
55 53 54 55 52
48
0
67 59 63 63 63
49
0
46 44 45 45 43
50
0
50 50 51 50 49
51
0
41 38 46 43 41
52
0
46 46 42 48 49
53
0
38 41 41 38 38
54
0
69 72 66 70 68
55
0
50 47 48 47 48
56
0
50 49 50 51 46
57
0
44 39 39 41 40
58
0
65 61 62 61 65
59
0
49 49 51 45 51
60
0
45 45 41 41 45
61
0
35 35 36 33 32
62
0
37 36 39 39 41
63
0
56 56 54 55 57
64
0
49 51 49 46 51
65
0
67 67 64 63 69
66
0
40 38 38 36 40
67
0
64 64 65 66 62
68
0
39 37 38 37 38
69
0
39 36 34 35 35
70
0
49 60 53 55 53
71
0
40 42 43 41 44
72
0
59 58 57 60 58
73
0
52 55 52 57 57
74
0
32 30 33 30 33
75
0
63 58 57 55 60
76
0
42 46 47 45 44
77
0
39 45 42 42 44
78
0
41 44 42 41 44
79
0
54 48 50 51 50
80
0
65 65 56 67 63
81
0
56 54 55 56 55
82
0
53 54 56 58 57
83
0
61 59 63 62 61
84
0
56 53 55 56 59
85
0
43 47 43 45 45
86
0
58 56 53 59 52
87
0
58 61 62 61 65
88
0
50 45 48 44 49
89
0
55 60 57 59 54
90
0
48 47 46 48 47
91
0
47 43 43 45 42
92
0
45 40 47 44 42
93
0
35 36 42 39 39
94
0
43 42 42 44 47
95
0
50 55 50 58 54
96
0
51 47 44 44 49
97
0
57 61 62 57 60
98
0
39 39 38 37 40
99
0
64 68 65 64 63
