100
20
395379
0
0
49 47 47 49 49 43 47 44 48 46 46 45 46 48 47 49 46 44 48 48
1
0
38 39 37 41 40 40 42 38 41 40 37 38 39 43 40 40 38 39 39 40
2
0
48 45 49 49 50 45 46 50 48 45 48 48 49 49 47 47 46 47 47 48
3
0
43 39 41 42 41 43 40 40 37 39 42 44 41 41 43 36 38 43 43 40
4
0
63 60 65 61 63 60 63 67 62 60 62 60 62 62 60 60 60 59 60 65
5
0
51 49 52 53 51 51 49 50 49 54 50 48 53 52 52 53 53 50 54 51
6
0
48 50 52 49 53 52 54 51 47 52 52 51 53 50 50 50 49 53 51 49
7
0
55 50 56 55 54 58 54 59 56 58 56 59 55 55 56 53 54 57 58 57
8
0
48 57 48 50 52 50 50 46 48 50 50 49 52 50 53 50 51 49 49 49
9
0
65 62 65 67 62 63 64 63 64 60 63 64 60 65 63 62 59 63 62 66
10
0
64 64 70 67 65 69 70 67 67 69 68 69 66 70 67 70 66 69 65 62
11
0
41 42 38 42 40 43 41 41 42 40 42 43 44 42 39 42 43 41 38 41
12
0
52 54 52 54 51 52 53 50 52 50 51 53 56 53 49 56 54 53 48 52
13
0
65 64 62 63 67 63 62 62 64 62 61 63 61 56 60 63 62 62 67 59
14
0
54 56 54 58 53 53 56 53 57 52 56 52 56 56 58 55 56 57 54 53
15
0
43 43 43 46 44 42 44 46 46 44 46 46 47 45 43 44 47 48 41 44
16
0
58 65 61 62 61 62 61 59 56 65 59 69 62 60 62 61 64 63 61 64
17
0
37 39 36 34 37 35 39 35 35 35 35 38 37 36 37 35 36 35 38 36
18
0
46 50 49 49 47 48 47 47 48 46 46 51 51 47 50 51 52 50 46 51
19
0
31 30 30 28 29 25 28 29 29 28 29 26 29 30 30 28 33 29 28 28
20
0
55 56 54 51 58 58 50 54 55 57 55 58 53 54 55 57 53 56 56 60
21
0
46 42 43 45 45 45 42 47 42 39 45 42 45 43 44 47 44 44 46 45
22
0
54 54 56 57 53 53 55 52 55 56 57 55 56 54 56 56 53 60 57 58
23
0
53 50 52 51 52 51 51 51 54 48 53 49 52 51 52 51 54 51 48 48
24
0
49 46 49 46 46 47 48 51 48 49 50 46 47 50 47 47 49 50 47 50
25
0
54 49 48 52 56 54 52 56 52 54 56 53 52 50 54 53 55 55 53 55
26
0
57 54 60 59 58 56 55 57 55 57 61 57 57 56 62 57 57 56 53 60
27
0
31 31 32 37 32 31 33 30 32 31 28 34 30 30 33 32 29 32 34 34
28
0
44 41 43 44 48 44 44 43 43 42 38 44 46 43 44 48 42 41 42 43
29
0
30 32 32 31 32 32 31 33 29 33 32 32 32 33 31 33 31 32 34 36
30
0
61 56 57 57 51 54 54 53 59 55 54 55 55 56 52 57 54 55 58 58
31
0
39 38 37 37 39 34 38 38 36 38 37 38 33 39 39 33 34 35 37 38
32
0
36 33 33 34 34 34 35 33 33 33 34 36 35 35 35 37 33 34 36 33
33
0
44 47 46 49 45 50 51 50 47 48 50 47 47 46 47 49 47 49 49 50
34
0
57 59 57 57 63 62 58 60 61 57 66 64 62 60 59 61 58 57 56 61
35
0
55 50 50 57 55 50 51 52 51 53 54 54 50 51 56 49 51 50 51 55
36
0
49 46 46 48 45 40 46 46 41 48 47 47 44 45 46 48 44 46 45 49
37
0
58 60 62 60 60 60 59 61 62 64 56 60 60 59 57 62 63 61 60 60
38
0
47 49 48 48 47 48 45 48 49 48 47 49 44 45 45 47 48 48 48 52
39
0
56 51 49 47 52 50 53 52 55 53 53 55 49 52 55 53 54 51 53 50
40
0
43 43 42 44 42 45 44 41 41 44 47 44 44 43 41 44 43 42 46 43
41
0
34 31 31 33 32 34 33 31 33 35 35 34 32 31 31 34 34 34 34 32
42
0
42 42 44 42 44 46 39 40 44 38 43 46 38 41 40 41 39 41 43 42
43
0
25 31 29 28 30 29 31 30 28 32 27 28 32 32 32 30 30 29 30 29
44
0
56 58 54 55 58 58 56 57 58 57 59 61 58 60 58 60 57 56 56 61
45
0
44 43 42 42 43 41 44 44 47 42 41 39 45 42 41 39 42 44 42 49
46
0
81 84 75 82 83 79 81 81 86 80 79 83 82 84 79 82 83 77 80 83
47
0
46 47 48 48 44 48 46 51 46 48 50 50 50 47 48 49 48 49 47 50
48
0
42 42 40 42 39 43 40 42 40 41 39 40 41 43 44 42 42 40 40 41
49
0
36 34 35 30 32 31 33 30 34 35 35 32 34 36 29 35 34 36 30 33
50
0
46 41 46 44 41 44 48 44 47 42 46 46 49 44 45 44 44 43 47 44
51
0
60 61 55 58 58 60 61 59 64 61 60 56 58 61 61 59 54 58 59 60
52
0
51 55 50 51 51 49 52 52 52 52 53 51 51 51 53 53 50 49 50 56
53
0
39 38 39 38 41 40 41 36 41 37 40 38 42 39 36 38 40 37 38 40
54
0
55 56 55 50 52 57 52 54 50 55 50 51 56 49 54 55 52 49 59 52
55
0
60 65 63 63 60 63 61 62 61 63 61 62 63 60 61 63 57 60 61 59
56
0
46 49 47 48 51 47 48 48 43 51 46 46 50 46 45 46 49 48 49 47
57
0
33 34 33 33 30 32 32 32 35 31 30 32 33 32 31 32 32 33 30 32
58
0
71 72 71 68 74 73 71 72 69 70 66 68 71 71 72 69 70 71 70 74
59
0
43 40 43 42 40 43 42 42 39 46 43 42 39 42 40 42 44 43 42 44
60
0
68 68 65 70 69 71 75 68 69 70 65 74 70 69 67 67 68 67 67 65
61
0
59 63 60 65 64 65 65 66 64 62 62 61 61 64 60 67 64 64 61 63
62
0
36 41 38 41 37 35 36 36 35 37 36 37 36 39 39 39 36 36 44 36
63
0
59 60 60 62 59 60 57 58 59 60 60 57 59 59 57 58 60 56 59 58
64
0
38 40 37 36 37 38 40 36 41 38 38 37 38 36 37 38 39 37 36 36
65
0
54 54 55 52 55 55 53 55 54 58 52 52 55 52 54 55 53 54 53 56
66
0
53 50 51 48 49 47 47 47 51 49 51 48 51 48 48 48 51 48 52 50
67
0
42 43 44 40 46 40 40 44 45 42 40 43 48 40 39 44 41 39 41 41
68
0
30 29 26 27 31 28 30 27 28 29 30 27 28 30 29 31 28 26 26 31
69
0
43 44 43 44 43 46 42 41 46 45 45 37 40 45 43 41 41 44 46 45
70
0
66 71 72 72 73 69 74 69 71 69 72 69 73 73 68 70 69 75 69 69
71
0
34 32 32 31 34 33 31 31 33 34 32 31 32 34 30 33 33 31 31 33
72
0
52 52 51 54 52 54 53 53 50 52 55 52 52 53 54 48 49 49 52 50
73
0
60 59 58 58 62 58 50 59 55 55 57 55 59 60 62 62 61 54 61 55
74
0
42 41 41 44 41 41 43 41 44 44 42 39 44 47 45 44 39 43 44 44
75
0
48 48 49 50 48 46 46 51 46 52 50 49 49 52 49 48 52 50 50 50
76
0
50 44 45 49 48 47 43 52 46 51 44 48 45 46 48 50 47 47 50 46
77
0
60 56 64 55 62 56 57 61 60 62 58 59 57 58 59 63 57 56 67 58
78
0
36 35 36 39 36 37 35 39 37 39 38 34 39 37 37 36 34 38 33 34
79
0
54 49 45 49 48 45 47 46 49 50 50 46 50 47 46 44 47 50 49 47
80
0
43 44 40 42 43 37 39 37 43 42 38 43 41 39 41 39 41 41 38 42
81
0
23 23 23 26 26 23 25 25 23 24 22 23 27 25 23 23 25 24 22 24
82
0
36 34 37 38 37 40 37 37 35 34 34 36 37 37 37 35 36 36 39 39
83
0
41 43 39 41 41 39 46 40 38 44 44 42 43 42 45 44 41 41 40 41
84
0
50 49 48 49 46 51 48 48 42 46 47 47 45 49 46 44 43 45 44 46
85
0
43 41 44 44 45 43 43 41 46 41 44 40 44 43 42 41 45 44 41 45
86
0
28 26 26 27 27 28 27 23 25 24 26 27 26 27 26 24 27 29 24 25
87
0
38 48 45 46 42 44 41 46 45 48 46 45 41 42 43 47 41 40 46 49
88
0
54 53 53 55 55 55 54 57 54 55 57 55 53 59 54 56 56 53 58 57
89
0
36 34 32 37 36 38 36 32 36 39 38 35 36 37 36 38 37 35 35 39
90
0
48 47 50 51 48 52 51 49 51 50 50 51 49 48 52 51 51 48 46 52
91
0
53 49 49 54 54 50 49 49 54 51 55 53 52 52 52 48 52 50 50 48
92
0
71 68 68 66 67 68 66 66 68 67 67 69 67 70 67 66 68 72 67 68
93
0
34 34 36 31 38 40 34 38 37 36 32 34 34 36 35 36 36 32 33 34
94
0
44 42 45 42 46 40 43 45 42 48 43 44 45 45 46 49 41 47 46 42
95
0
39 42 40 41 38 40 41 41 42 37 42 41 38 39 40 39 37 37 41 42
96
0
69 59 71 65 66 73 69 68 63 68 63 67 66 68 62 64 68 67 66 67
97
0
60 59 62 66 62 59 59 60 60 63 59 61 62 63 61 57 60 58 60 61
98
0
67 64 66 63 65 68 69 66 66 65 68 69 63 68 65 66 63 66 65 65
99
0
56 55 58 56 53 54 51 57 56 53 56 58 56 56 51 58 49 51 52 54
