100
10
603359
0
0
49 31 44 56 49 53 38 49 58 53
1
0
45 54 40 52 53 54 34 51 53 52
2
0
51 50 54 59 60 54 51 69 75 34
3
0
54 35 41 59 57 38 62 65 41 49
4
0
52 46 61 47 47 59 53 58 51 52
5
0
55 54 48 54 50 56 61 46 31 54
6
0
42 67 40 42 52 41 48 51 50 55
7
0
62 48 49 42 43 54 55 34 61 34
8
0
54 38 65 50 47 34 42 47 43 41
9
0
51 37 46 38 53 39 50 44 32 41
10
0
35 80 62 59 63 47 49 61 55 70
11
0
31 53 49 39 46 46 48 35 49 72
12
0
56 43 52 45 44 54 44 64 53 51
13
0
41 33 52 60 42 58 44 64 57 47
14
0
46 38 68 61 45 47 56 56 55 51
15
0
46 40 65 43 49 57 56 53 61 45
16
0
50 60 39 51 38 45 49 48 61 28
17
0
65 63 38 37 31 53 40 56 43 60
18
0
58 54 63 53 50 52 49 54 51 47
19
0
36 48 42 55 45 62 44 42 40 64
20
0
45 52 49 52 41 45 50 53 44 54
21
0
78 48 47 43 60 64 60 50 53 53
22
0
51 62 44 64 42 72 51 75 47 61
23
0
26 56 48 44 53 46 62 60 46 65
24
0
40 52 31 52 58 37 64 66 50 59
25
0
63 44 45 52 50 47 67 52 36 57
26
0
37 57 60 50 51 63 49 56 58 46
27
0
42 70 46 50 30 64 50 50 68 63
28
0
44 39 52 34 61 35 48 57 31 41
29
0
67 51 59 49 36 72 58 62 73 43
30
0
44 44 40 63 56 48 27 71 42 34
31
0
37 60 43 54 44 29 36 59 52 41
32
0
68 68 53 43 35 40 50 59 43 44
33
0
45 51 58 47 54 41 41 65 46 41
34
0
49 63 40 55 59 45 39 50 29 53
35
0
43 48 65 50 39 46 44 42 60 38
36
0
52 41 46 58 64 41 57 48 34 51
37
0
49 49 57 69 57 43 51 40 41 52
38
0
40 58 47 42 51 39 39 56 50 53
39
0
34 50 56 45 55 44 67 56 50 45
40
0
51 41 47 50 46 57 45 41 43 53
41
0
55 50 48 43 40 61 54 24 42 70
42
0
38 68 70 53 37 46 45 31 41 31
43
0
50 44 46 41 59 47 43 42 50 54
44
0
50 60 56 49 56 62 43 35 41 43
45
0
47 38 54 58 70 59 42 52 52 41
46
0
55 57 46 74 54 38 47 59 67 45
47
0
46 58 55 49 77 49 59 61 38 48
48
0
44 41 57 43 52 46 51 34 62 50
49
0
44 57 42 67 54 57 35 49 40 60
50
0
38 53 36 52 39 49 70 39 42 31
51
0
66 37 53 50 75 42 54 37 53 40
52
0
61 33 53 49 59 56 46 49 58 40
53
0
54 51 52 43 61 54 45 35 52 58
54
0
48 59 55 39 52 46 46 36 47 36
55
0
56 60 55 55 61 44 38 52 34 53
56
0
56 51 57 54 69 50 71 58 50 67
57
0
46 46 60 56 61 39 68 39 65 39
58
0
55 47 56 49 58 39 42 47 60 38
59
0
51 31 56 39 40 42 59 45 51 41
60
0
46 58 39 57 46 66 26 28 37 44
61
0
67 56 66 58 37 63 59 55 50 55
62
0
58 63 39 46 32 51 60 41 55 49
63
0
41 44 46 40 68 33 45 36 33 43
64
0
44 66 53 55 64 61 64 63 45 61
65
0
70 45 37 53 38 78 44 44 38 57
66
0
49 48 40 38 66 51 38 41 41 57
67
0
44 44 50 40 57 53 34 47 46 47
68
0
35 65 53 57 38 43 77 55 50 50
69
0
45 62 51 54 60 51 40 50 35 51
70
0
46 67 64 51 50 53 51 51 55 54
71
0
55 51 36 49 37 35 51 37 48 55
72
0
55 54 49 64 44 45 59 39 34 43
73
0
38 50 43 37 42 62 68 44 47 66
74
0
45 34 66 58 56 59 57 52 49 44
75
0
53 33 64 46 45 56 54 55 54 42
76
0
61 60 54 50 53 49 41 44 42 45
77
0
48 60 55 36 47 53 51 61 55 45
78
0
47 54 41 29 35 39 57 62 62 39
79
0
39 55 64 50 68 62 45 65 47 34
80
0
57 35 50 60 57 65 48 46 54 51
81
0
56 60 38 44 56 46 53 53 38 51
82
0
43 56 35 64 57 67 44 51 29 42
83
0
62 58 37 32 63 62 55 48 51 73
84
0
46 70 56 54 69 49 37 58 51 53
85
0
57 50 54 64 73 45 62 51 45 51
86
0
49 57 43 57 62 43 30 60 36 49
87
0
42 57 54 55 49 61 48 41 43 55
88
0
49 52 52 44 58 49 53 35 64 54
89
0
57 54 50 51 44 45 50 46 58 53
90
0
44 55 66 49 55 47 57 44 47 60
91
0
61 52 58 53 35 47 44 45 62 61
92
0
42 52 46 46 33 53 59 49 49 27
93
0
43 53 49 33 50 54 47 47 47 46
94
0
53 34 33 47 54 62 59 41 43 41
95
0
58 47 39 47 47 47 40 30 35 33
96
0
52 41 47 54 57 44 53 58 75 45
97
0
50 41 65 58 50 42 33 32 49 37
98
0
43 40 50 41 55 41 42 51 66 37
99
0
41 67 61 56 41 64 63 71 40 64
