20
20
1898417846
0
0
63 56 46 47 49 52 54 52 51 58 52 53 51 58 58 45 50 54 55 56
1
0
59 54 43 56 49 45 51 49 51 45 48 40 57 55 60 63 60 59 49 59
2
0
51 50 50 42 41 56 57 45 53 51 54 47 48 45 54 42 48 44 52 43
3
0
51 51 48 50 55 47 52 41 55 47 53 48 44 56 42 49 56 60 56 47
4
0
57 50 56 49 50 44 54 46 54 50 46 45 46 49 48 52 47 61 57 52
5
0
53 45 47 49 52 48 54 50 51 47 48 42 51 46 54 48 52 54 56 53
6
0
50 58 49 45 41 47 52 45 53 40 54 45 48 50 53 42 51 51 55 52
7
0
53 47 48 54 56 57 45 49 51 58 58 41 50 50 45 54 56 39 55 52
8
0
56 53 44 47 48 55 54 60 54 53 58 56 56 48 53 44 42 54 50 47
9
0
53 44 51 49 46 46 49 46 56 47 45 44 45 52 48 61 54 51 48 42
10
0
49 50 60 55 46 47 53 46 43 47 48 48 57 46 47 51 49 47 49 54
11
0
49 52 44 45 54 49 57 52 51 44 53 45 56 47 46 53 46 50 52 42
12
0
49 54 50 45 42 60 52 49 39 48 56 49 48 49 58 54 46 39 54 52
13
0
36 46 49 50 48 50 50 61 44 48 55 48 51 51 57 52 42 58 51 38
14
0
49 53 50 48 50 45 45 50 44 49 51 55 55 56 50 54 51 58 48 43
15
0
48 54 50 44 51 56 56 45 56 52 47 54 50 53 53 54 47 43 49 42
16
0
49 44 49 54 54 49 60 50 37 52 46 48 51 49 60 51 42 57 53 54
17
0
42 52 52 48 53 52 54 44 48 60 49 52 57 49 50 46 52 53 49 51
18
0
49 40 55 55 42 47 55 46 61 49 54 51 48 47 48 50 58 51 51 47
19
0
52 51 51 49 49 40 55 50 53 45 51 58 46 53 53 49 52 56 45 55
