100
5
492432
0
0
50 50 56 52 48
1
0
62 63 63 68 63
2
0
46 46 47 43 45
3
0
58 55 57 54 54
4
0
59 60 58 55 55
5
0
57 57 63 61 60
6
0
58 54 52 54 53
7
0
32 31 33 30 30
8
0
65 63 63 62 59
9
0
56 60 59 60 60
10
0
53 57 54 55 53
11
0
51 49 48 47 48
12
0
46 47 45 46 47
13
0
65 62 59 62 62
14
0
57 54 55 54 55
15
0
60 60 65 61 60
16
0
52 53 52 53 53
17
0
36 41 41 38 40
18
0
57 58 63 57 62
19
0
46 44 43 43 44
20
0
62 60 62 59 61
21
0
40 39 33 38 36
22
0
56 57 57 55 58
23
0
54 54 58 56 57
24
0
54 57 62 56 56
25
0
48 51 48 47 48
26
0
36 32 34 36 35
27
0
60 62 58 61 60
28
0
43 46 43 44 47
29
0
45 45 46 44 45
30
0
40 42 42 45 44
31
0
49 51 54 48 49
32
0
53 59 56 56 55
33
0
46 42 45 46 49
34
0
48 52 51 49 50
35
0
46 49 49 48 50
36
0
42 44 44 43 44
37
0
59 59 59 62 65
38
0
43 42 40 41 46
39
0
58 64 60 56 61
40
0
61 56 54 57 57
41
0
47 44 46 47 44
42
0
53 56 57 56 60
43
0
35 34 36 36 36
44
0
56 60 59 61 55
45
0
47 50 46 46 45
46
0
81 80 86 88 82
47
0
42 35 41 40 42
48
0
63 57 61 59 58
49
0
41 42 44 42 44
50
0
43 47 45 47 46
51
0
31 34 33 34 32
52
0
61 60 58 64 61
53
0
37 33 34 34 36
54
0
39 44 38 42 39
55
0
54 53 50 56 53
56
0
44 46 45 45 44
57
0
58 52 55 56 56
58
0
48 44 45 47 46
59
0
50 55 54 51 56
60
0
59 61 58 62 56
61
0
51 50 52 51 48
62
0
60 57 60 60 57
63
0
53 49 51 53 54
64
0
52 52 51 54 55
65
0
30 32 34 34 32
66
0
49 59 57 56 62
67
0
56 61 59 57 61
68
0
50 50 49 53 48
69
0
46 44 49 45 48
70
0
44 46 47 44 48
71
0
43 40 41 46 40
72
0
42 41 39 43 43
73
0
45 46 44 49 46
74
0
48 48 50 47 50
75
0
67 67 64 60 67
76
0
34 35 37 36 41
77
0
48 45 53 48 51
78
0
73 75 78 72 73
79
0
48 46 45 48 48
80
0
55 51 54 54 54
81
0
49 52 52 48 49
82
0
68 72 67 69 71
83
0
68 73 74 75 73
84
0
51 46 48 47 49
85
0
30 31 29 31 32
86
0
61 57 58 58 65
87
0
59 60 64 60 60
88
0
48 51 50 46 49
89
0
43 42 43 44 43
90
0
68 66 70 69 69
91
0
43 44 46 42 43
92
0
43 42 43 42 40
93
0
61 58 62 60 58
94
0
57 61 60 63 62
95
0
60 57 58 56 59
96
0
45 45 45 44 46
97
0
41 39 39 40 38
98
0
42 43 42 39 42
99
0
49 49 50 51 52
