50
10
383489
0
0
51 62 43 54 36 56 37 34 62 56
1
0
54 61 49 52 39 54 37 34 61 58
2
0
51 64 45 54 35 57 39 35 62 57
3
0
55 61 45 55 35 56 40 34 61 55
4
0
57 59 45 56 38 54 39 35 56 55
5
0
57 56 42 54 36 56 41 34 53 60
6
0
58 61 44 57 37 60 37 33 58 51
7
0
60 60 43 53 35 52 38 35 62 54
8
0
51 55 45 51 36 56 38 35 58 59
9
0
51 61 44 57 33 57 40 34 56 58
10
0
50 60 42 52 36 57 36 34 58 56
11
0
57 58 42 55 35 57 37 38 59 56
12
0
53 60 45 54 39 58 38 34 63 56
13
0
55 58 43 59 39 56 38 34 58 57
14
0
58 60 41 56 34 58 38 38 59 56
15
0
55 64 43 56 38 52 36 32 60 58
16
0
59 60 44 54 37 55 38 36 60 56
17
0
60 63 48 51 37 57 37 32 59 60
18
0
53 60 40 56 42 54 39 31 59 54
19
0
60 59 46 54 35 56 38 33 59 55
20
0
55 60 47 53 36 53 38 34 62 57
21
0
55 59 41 50 40 60 39 33 60 57
22
0
57 61 45 53 36 56 41 37 61 56
23
0
55 59 40 56 35 56 35 37 58 54
24
0
55 60 44 54 36 59 37 33 61 58
25
0
56 59 43 52 37 54 42 37 55 57
26
0
54 58 43 55 38 58 37 30 63 59
27
0
61 63 44 59 38 55 37 30 59 58
28
0
55 61 43 58 37 52 39 33 59 54
29
0
53 60 42 55 39 54 41 35 57 55
30
0
59 59 44 54 36 57 37 32 62 58
31
0
56 58 45 55 36 51 38 37 59 59
32
0
58 57 42 51 34 55 38 38 62 57
33
0
57 62 43 54 37 54 38 33 59 57
34
0
54 58 47 54 37 58 39 36 57 54
35
0
58 62 44 61 38 55 39 34 57 57
36
0
60 62 43 54 36 55 38 34 58 56
37
0
54 62 46 52 37 55 40 33 59 56
38
0
58 61 42 54 37 52 40 35 57 53
39
0
54 60 41 56 36 54 37 33 57 60
40
0
54 64 45 54 38 57 38 33 59 59
41
0
56 62 43 53 36 57 37 35 57 59
42
0
58 59 42 56 37 57 40 38 62 52
43
0
58 63 45 56 39 53 40 33 58 56
44
0
57 63 40 52 40 54 37 33 60 58
45
0
55 61 43 54 35 58 39 33 62 57
46
0
57 64 46 56 38 52 40 34 57 57
47
0
55 59 43 57 37 55 38 35 58 57
48
0
59 60 39 55 40 55 35 38 60 56
49
0
56 60 46 53 35 59 38 36 58 54
