100
10
604663
0
0
62 62 65 67 64 64 67 59 65 68
1
0
48 48 49 48 48 49 51 48 45 48
2
0
68 63 66 64 62 62 62 65 62 66
3
0
40 43 44 39 40 41 39 38 42 39
4
0
56 57 53 59 54 56 57 57 59 53
5
0
61 60 57 56 63 56 58 59 58 62
6
0
54 59 55 59 62 58 59 57 57 60
7
0
39 39 42 40 40 45 41 39 42 46
8
0
56 53 54 58 59 60 57 51 52 54
9
0
25 28 25 25 28 27 26 28 26 26
10
0
50 49 52 49 52 50 51 51 48 56
11
0
46 44 43 45 46 45 49 50 45 44
12
0
42 43 44 47 46 42 44 39 45 43
13
0
38 41 34 40 37 39 35 34 36 38
14
0
45 44 48 48 44 48 46 49 47 47
15
0
48 49 50 48 48 49 50 48 46 47
16
0
39 38 38 39 37 43 38 41 40 37
17
0
66 69 66 66 70 69 66 68 68 68
18
0
48 47 48 47 46 44 46 49 48 49
19
0
52 52 50 55 53 47 52 48 51 52
20
0
44 43 47 49 47 44 46 45 48 44
21
0
70 70 68 72 66 72 69 67 73 68
22
0
45 46 45 41 45 42 40 45 46 42
23
0
53 51 53 51 54 50 54 53 54 53
24
0
66 62 62 69 64 67 73 61 65 62
25
0
46 49 46 45 46 49 46 51 46 46
26
0
50 48 47 50 45 47 46 46 46 46
27
0
51 51 54 49 49 49 51 54 53 50
28
0
56 58 61 56 57 60 54 59 58 58
29
0
49 46 50 48 48 47 48 45 46 47
30
0
50 48 47 50 48 48 44 47 48 48
31
0
60 58 59 58 61 54 58 61 57 62
32
0
55 54 55 53 52 56 55 56 51 59
33
0
34 35 33 33 34 37 30 34 32 32
34
0
35 36 32 38 35 34 36 37 33 34
35
0
48 45 44 46 48 45 44 47 42 45
36
0
39 41 41 41 39 37 35 38 33 37
37
0
55 55 55 57 57 56 52 60 54 58
38
0
43 46 42 43 40 41 40 43 41 41
39
0
47 43 47 48 46 47 48 49 49 46
40
0
44 41 42 38 43 43 41 42 44 41
41
0
41 40 43 44 45 44 45 39 44 43
42
0
62 62 59 62 63 60 60 64 62 59
43
0
59 58 59 59 59 61 61 64 59 55
44
0
54 51 54 48 49 54 53 57 53 55
45
0
37 40 37 40 37 42 36 37 39 38
46
0
40 46 41 43 43 43 45 43 45 41
47
0
51 50 54 49 53 48 52 53 53 51
48
0
56 57 55 60 53 59 56 56 57 55
49
0
46 51 48 47 48 50 49 47 50 49
50
0
32 32 34 33 37 37 40 35 34 37
51
0
49 50 48 50 51 53 48 46 45 49
52
0
50 48 49 50 52 51 48 48 49 51
53
0
35 34 35 34 36 37 36 32 35 31
54
0
59 61 63 60 60 63 61 67 56 60
55
0
34 34 35 34 33 33 34 36 34 34
56
0
57 56 53 54 54 54 51 51 57 55
57
0
59 59 55 57 62 59 60 56 55 60
58
0
45 46 47 46 43 44 42 42 44 44
59
0
63 62 62 60 62 65 62 68 67 64
60
0
47 49 47 49 47 49 45 43 48 42
61
0
41 45 43 42 45 41 47 42 44 42
62
0
47 44 48 47 45 47 45 47 44 45
63
0
64 59 65 67 61 60 66 63 66 63
64
0
44 48 45 45 44 41 44 44 44 45
65
0
31 31 31 29 34 31 31 28 30 30
66
0
58 60 56 61 56 61 56 59 61 66
67
0
45 46 48 49 47 51 49 49 51 47
68
0
64 70 67 67 69 68 69 65 68 64
69
0
57 55 60 57 56 55 55 58 60 59
70
0
49 51 49 54 48 49 49 52 53 50
71
0
51 52 52 52 44 48 48 48 49 44
72
0
50 44 47 48 51 46 47 50 51 54
73
0
62 60 59 55 59 58 60 59 61 59
74
0
48 52 50 50 47 48 54 51 52 48
75
0
59 57 55 54 56 56 53 51 53 59
76
0
43 38 41 41 44 39 41 44 42 40
77
0
45 43 45 40 41 41 40 41 43 38
78
0
85 92 86 87 87 85 84 88 83 86
79
0
54 56 53 58 57 55 55 57 55 56
80
0
56 55 54 52 54 55 54 56 52 57
81
0
54 57 55 55 55 56 61 61 54 55
82
0
40 39 39 36 38 39 39 37 37 38
83
0
59 57 58 55 61 55 62 57 56 57
84
0
50 44 48 46 45 46 48 47 48 47
85
0
46 47 41 51 45 44 48 45 47 44
86
0
42 51 44 48 47 47 47 47 44 46
87
0
46 48 53 46 54 46 48 49 45 51
88
0
40 43 39 37 45 39 39 40 42 42
89
0
43 52 50 48 48 44 49 44 45 46
90
0
51 57 51 54 55 59 53 51 56 50
91
0
92 91 86 84 88 92 85 87 92 89
92
0
70 76 70 72 75 70 72 72 76 69
93
0
41 45 46 44 45 40 44 47 43 43
94
0
58 54 59 58 55 66 59 61 58 60
95
0
34 33 31 31 33 34 29 35 30 32
96
0
41 41 41 39 38 41 43 40 40 43
97
0
47 49 47 49 48 47 48 45 49 50
98
0
52 50 49 50 54 53 52 48 53 54
99
0
43 39 42 39 41 39 44 41 43 44
