30
20
580137
0
0
40 39 46 54 53 47 56 59 63 33 56 54 41 51 50 39 47 51 60 52
1
0
37 40 41 52 57 50 54 60 64 34 56 55 43 52 51 35 46 53 63 55
2
0
40 41 44 51 62 50 52 51 60 38 55 53 44 50 49 34 51 48 62 56
3
0
41 42 45 52 56 44 54 56 62 36 53 58 44 54 46 35 47 54 63 53
4
0
41 41 42 49 57 47 53 57 59 34 59 53 44 54 50 35 45 50 64 54
5
0
41 42 45 50 57 45 53 52 64 36 54 52 45 57 50 36 45 49 59 50
6
0
40 41 42 52 55 47 54 54 59 34 56 54 43 51 51 37 46 56 63 56
7
0
39 41 45 50 56 47 56 57 64 36 55 55 43 54 50 36 47 51 64 52
8
0
41 42 41 53 55 48 57 57 58 32 59 55 42 53 46 35 47 52 60 53
9
0
41 42 45 49 58 47 51 59 59 33 58 58 48 53 49 33 47 57 57 58
10
0
37 41 47 50 58 47 57 54 67 32 58 56 46 53 49 35 47 47 60 54
11
0
39 40 44 50 57 48 54 53 66 35 56 55 42 51 48 38 45 51 58 51
12
0
41 42 44 50 56 48 56 53 63 36 60 53 42 58 50 37 50 52 59 53
13
0
37 39 42 49 53 47 55 54 66 34 55 53 46 49 50 37 45 49 65 53
14
0
37 38 44 50 54 48 55 54 64 34 53 56 43 49 46 39 44 54 62 56
15
0
42 40 43 51 55 46 57 55 60 32 58 54 47 57 49 36 48 52 61 53
16
0
39 40 46 51 58 47 55 55 64 35 55 54 43 54 50 35 49 51 60 51
17
0
41 43 42 48 58 46 54 53 61 36 55 58 43 52 48 35 46 55 61 52
18
0
37 41 43 49 57 52 53 54 59 35 56 53 42 50 49 36 43 53 63 54
19
0
39 42 45 47 59 48 56 54 64 33 63 52 39 55 47 34 48 51 66 55
20
0
42 40 48 50 57 48 56 56 66 32 59 54 46 58 47 37 47 51 64 54
21
0
37 37 44 52 57 47 53 54 64 31 59 54 45 53 46 34 48 49 62 55
22
0
40 42 44 48 56 47 55 55 63 33 63 57 42 53 47 34 47 51 59 52
23
0
39 40 44 44 58 45 54 59 64 34 56 52 43 53 50 35 44 53 68 55
24
0
39 37 43 50 58 48 50 56 64 33 60 55 43 60 49 32 51 53 62 51
25
0
39 39 45 51 56 43 52 55 60 34 57 60 45 54 49 35 45 48 67 50
26
0
38 39 40 50 55 48 53 56 64 37 59 59 44 51 47 35 45 52 63 55
27
0
43 40 42 49 55 48 53 55 62 35 58 56 44 55 55 36 46 51 62 53
28
0
39 42 42 50 53 47 59 54 62 33 59 58 43 57 50 36 46 50 60 54
29
0
37 41 44 53 57 46 54 56 63 36 56 53 42 51 49 38 45 49 65 52
