200
20
868033
0
0
57 52 58 49 46 47 45 49 55 55 41 46 35 54 86 39 57 48 52 46
1
0
54 51 57 50 43 43 41 49 58 56 42 47 39 54 82 40 56 47 51 51
2
0
55 50 59 50 46 46 41 52 60 54 44 45 35 62 79 40 63 50 56 47
3
0
55 49 53 49 50 48 41 51 56 55 47 47 34 52 77 40 58 47 54 49
4
0
55 50 57 53 41 46 46 50 58 55 46 44 38 57 75 39 56 49 48 49
5
0
53 49 56 53 49 47 41 49 59 55 44 48 35 55 86 39 60 47 54 49
6
0
52 52 58 55 42 43 45 50 56 60 43 45 32 54 78 37 54 52 51 50
7
0
58 54 57 53 46 47 41 51 59 56 47 42 34 50 84 39 58 51 54 45
8
0
57 48 55 53 46 47 43 53 58 53 40 43 36 58 83 40 58 47 51 50
9
0
55 49 54 48 44 45 44 48 61 56 44 45 34 56 76 38 60 45 56 47
10
0
53 51 53 51 43 44 43 51 60 56 45 44 35 58 76 39 55 47 53 45
11
0
63 52 56 48 42 47 41 51 55 55 45 45 34 57 73 39 58 49 54 49
12
0
55 53 53 50 49 44 41 50 56 55 46 48 35 53 84 35 59 47 52 45
13
0
53 50 58 49 45 46 45 48 56 59 43 44 39 53 77 39 62 46 55 50
14
0
55 53 63 51 47 49 43 52 59 54 43 50 34 54 79 39 54 49 51 48
15
0
53 51 54 54 46 46 42 48 57 58 41 49 35 54 82 38 58 49 53 47
16
0
55 45 58 48 45 45 44 51 61 54 44 48 36 55 84 43 60 51 53 53
17
0
53 53 58 49 48 46 42 48 59 55 46 47 37 55 84 40 57 52 57 50
18
0
54 48 52 57 48 47 40 52 59 56 43 42 34 55 76 41 60 46 55 48
19
0
57 50 57 53 44 46 40 49 54 55 44 42 34 54 83 37 58 48 52 46
20
0
55 51 58 52 47 43 46 51 56 55 41 47 39 56 79 41 56 47 53 48
21
0
52 52 57 49 46 43 42 49 58 58 42 46 38 53 79 40 52 47 52 47
22
0
56 53 57 47 42 46 46 52 53 59 42 42 38 58 80 39 58 53 53 47
23
0
53 50 51 53 44 45 39 50 60 58 45 50 35 52 80 42 55 46 56 47
24
0
57 50 57 49 45 42 42 51 56 52 43 48 37 55 78 41 57 44 51 46
25
0
54 49 53 49 45 46 46 48 56 52 43 44 35 54 81 37 59 47 52 48
26
0
56 47 62 54 46 48 44 49 61 58 46 42 35 56 80 39 53 48 54 48
27
0
50 51 57 52 51 49 42 46 56 56 46 43 34 54 80 40 59 50 52 45
28
0
53 49 57 49 46 46 42 54 54 56 38 51 39 55 84 37 58 52 52 49
29
0
49 51 56 52 47 45 46 50 56 59 42 46 35 55 82 40 58 51 52 46
30
0
54 54 56 52 40 44 39 51 58 57 45 46 38 56 80 42 54 47 53 51
31
0
55 53 60 52 43 48 38 52 58 59 43 46 37 54 79 41 51 48 53 50
32
0
54 54 58 53 45 44 41 50 62 56 43 47 37 56 81 38 57 53 53 49
33
0
56 50 59 46 46 48 41 49 62 53 46 45 37 56 85 36 55 48 54 47
34
0
54 48 56 48 45 48 40 49 55 56 48 44 37 52 81 38 54 52 52 44
35
0
53 50 56 53 46 49 42 52 59 51 43 50 32 55 77 38 60 45 55 49
36
0
59 51 59 48 45 46 42 52 54 55 46 44 37 55 78 39 54 50 49 45
37
0
56 51 59 53 42 46 43 49 59 53 42 50 38 52 76 40 57 54 53 50
38
0
53 50 55 48 45 43 42 50 58 54 43 43 35 54 80 42 54 47 52 46
39
0
52 51 57 47 45 48 46 47 54 53 41 42 37 58 79 43 57 47 53 46
40
0
56 53 57 50 45 48 45 49 55 58 44 46 36 55 78 39 59 47 54 48
41
0
52 54 60 50 46 48 43 46 58 56 47 50 38 51 81 40 57 46 53 48
42
0
58 53 55 55 44 46 43 49 54 61 45 45 35 53 87 37 55 49 54 48
43
0
55 51 58 53 43 44 45 51 56 57 40 45 39 52 79 38 54 49 54 48
44
0
55 53 56 54 47 50 42 50 56 58 42 48 37 54 81 42 56 50 54 47
45
0
54 50 58 53 41 51 42 50 58 60 43 45 35 56 74 39 57 49 53 45
46
0
54 50 59 52 47 48 44 47 56 55 45 44 35 54 80 37 56 48 55 45
47
0
51 49 59 51 46 48 41 51 56 53 44 46 34 53 79 39 59 50 55 50
48
0
55 53 54 55 42 44 42 53 59 55 46 45 32 55 85 40 59 51 51 45
49
0
54 51 55 52 45 47 42 56 58 54 43 45 36 55 81 39 57 49 50 45
50
0
56 53 58 51 46 47 44 50 55 55 42 47 39 56 81 39 57 45 55 50
51
0
51 50 60 49 43 44 44 49 58 54 48 49 38 56 77 38 57 48 52 44
52
0
54 49 58 51 42 44 45 49 54 58 44 45 38 52 80 41 54 48 56 49
53
0
55 49 55 48 47 48 48 52 55 55 43 43 38 53 76 39 56 49 48 50
54
0
56 51 55 52 44 48 45 51 57 55 44 47 34 53 83 39 54 50 52 48
55
0
60 49 55 48 44 46 42 49 55 59 44 44 37 57 84 37 57 48 58 45
56
0
56 51 53 51 47 44 42 53 55 57 44 46 34 58 78 37 53 49 58 46
57
0
52 48 56 56 42 47 43 49 59 51 41 45 35 52 80 42 56 52 51 47
58
0
53 50 58 49 46 44 43 48 60 55 43 44 35 57 85 41 64 50 54 45
59
0
57 50 56 49 44 42 43 47 56 56 41 44 34 54 81 36 59 52 52 49
60
0
52 53 59 50 45 46 43 51 55 56 45 46 36 55 79 41 55 50 52 47
61
0
57 54 64 52 45 46 41 47 57 58 41 46 36 53 78 40 56 50 55 47
62
0
53 48 55 51 47 48 40 51 56 59 48 51 36 59 84 40 56 45 50 48
63
0
53 53 55 51 47 50 39 54 56 54 45 45 34 58 81 40 55 50 51 47
64
0
54 50 61 50 47 46 41 53 53 55 46 51 37 58 84 38 57 47 56 49
65
0
54 50 58 48 48 47 43 51 57 53 44 46 34 54 84 39 59 49 54 49
66
0
52 53 54 51 44 50 40 52 56 57 44 48 37 56 81 37 54 43 50 45
67
0
54 51 54 48 43 46 43 50 60 55 46 46 36 54 83 39 57 50 54 44
68
0
54 49 58 49 44 49 43 49 56 51 45 46 33 54 82 42 56 46 54 46
69
0
54 50 54 51 44 50 41 51 57 60 40 47 38 54 84 40 55 49 55 45
70
0
51 47 60 45 46 48 43 49 56 56 45 47 33 54 82 38 60 47 51 48
71
0
56 53 54 50 46 49 41 52 55 59 43 45 38 54 83 42 53 46 56 51
72
0
57 50 50 54 48 50 43 53 56 54 45 48 38 53 84 37 59 52 52 52
73
0
58 50 55 50 45 48 45 51 56 55 48 47 37 52 82 37 55 46 53 48
74
0
51 50 58 47 43 48 42 52 58 55 49 45 37 49 80 40 54 47 52 50
75
0
56 52 60 51 46 44 41 48 54 57 41 46 36 56 85 40 59 49 52 50
76
0
52 53 54 56 44 44 43 53 54 55 44 43 38 58 78 38 58 51 51 46
77
0
57 50 64 50 47 45 42 52 59 54 45 46 36 54 77 38 58 52 53 47
78
0
55 51 57 47 44 49 45 52 59 51 43 45 35 52 82 42 58 47 55 45
79
0
52 50 57 51 47 50 42 51 59 58 42 41 38 56 82 40 59 52 51 49
80
0
58 55 57 51 44 44 43 53 57 60 43 43 39 56 86 36 59 47 51 48
81
0
54 49 58 47 45 47 42 51 55 60 47 47 35 53 83 41 54 50 55 46
82
0
52 52 52 46 46 50 41 52 59 54 43 45 34 55 77 41 57 49 51 43
83
0
55 52 56 50 46 46 44 47 54 54 45 44 36 57 81 41 56 48 51 49
84
0
56 52 56 50 46 46 44 52 54 56 45 42 33 57 77 41 52 47 53 48
85
0
52 50 56 49 46 46 42 49 57 58 44 47 40 56 81 41 55 48 52 46
86
0
57 50 59 53 47 47 42 52 57 60 42 48 35 57 77 42 60 49 52 50
87
0
49 51 56 49 46 51 43 51 55 52 42 41 37 52 77 40 60 48 56 48
88
0
57 48 57 48 44 44 43 49 56 54 44 44 35 53 80 37 60 47 54 46
89
0
54 48 57 51 46 47 42 51 54 53 46 43 37 55 85 37 57 46 54 46
90
0
59 52 63 48 44 45 42 45 57 53 46 42 38 56 78 39 59 54 52 46
91
0
49 54 54 51 47 46 40 50 55 59 43 50 39 56 80 37 55 50 55 46
92
0
53 51 59 45 45 46 43 54 56 59 43 46 35 55 79 41 56 48 51 46
93
0
55 51 56 52 47 43 39 50 56 52 45 48 36 56 82 38 54 48 50 49
94
0
50 49 54 49 44 47 40 51 55 58 47 48 35 56 80 38 57 47 53 47
95
0
56 50 54 49 48 44 43 50 58 55 45 45 33 55 78 39 55 52 53 49
96
0
60 53 55 52 44 44 47 50 58 60 44 49 37 51 77 39 58 46 53 50
97
0
54 49 54 49 48 45 43 49 57 54 44 42 37 54 80 39 56 48 52 45
98
0
55 51 58 50 42 48 42 51 55 53 46 49 36 54 80 36 56 46 51 47
99
0
55 52 60 49 44 47 42 49 57 55 44 46 37 54 79 38 59 51 53 48
100
0
53 48 56 48 42 47 39 50 57 58 45 44 37 57 79 41 59 50 53 51
101
0
52 49 54 48 45 42 43 50 52 55 42 45 36 50 82 42 58 52 54 48
102
0
56 50 58 49 44 46 43 50 60 58 44 47 37 52 84 41 57 49 54 45
103
0
57 53 58 48 43 48 41 49 55 59 45 46 33 59 81 38 53 47 55 47
104
0
56 52 59 45 40 45 42 51 56 54 43 45 40 51 79 40 58 51 55 47
105
0
54 48 57 54 47 49 44 54 58 53 43 48 35 53 81 39 57 47 54 50
106
0
50 49 59 49 51 46 37 49 57 52 44 42 36 55 75 41 58 47 54 50
107
0
56 49 56 47 44 48 45 53 59 58 47 43 39 52 83 40 61 50 56 53
108
0
50 51 52 50 46 49 41 51 57 54 43 45 33 51 80 36 57 51 48 49
109
0
54 49 61 52 45 43 42 47 56 54 44 49 35 57 82 41 60 52 52 49
110
0
53 52 59 52 48 47 41 51 58 57 45 49 37 56 82 38 55 46 54 52
111
0
55 52 55 51 42 43 42 50 56 58 44 45 37 58 78 38 54 52 51 48
112
0
58 51 55 50 45 47 41 52 54 54 40 46 31 53 83 39 55 50 55 50
113
0
53 47 54 50 48 45 46 53 58 55 41 49 39 54 80 42 60 50 56 49
114
0
53 47 62 51 46 44 43 50 53 58 44 48 36 60 86 40 57 51 53 47
115
0
52 50 58 52 42 47 41 51 58 53 44 48 36 52 79 38 59 48 47 48
116
0
54 50 56 52 43 46 43 54 56 55 40 46 37 52 82 39 54 51 55 47
117
0
56 48 58 53 44 48 41 50 52 56 44 49 35 52 78 37 58 48 55 45
118
0
56 50 54 48 44 47 42 49 57 57 44 49 39 54 80 36 54 51 50 51
119
0
56 47 56 53 48 43 40 48 56 57 44 50 37 56 73 37 55 51 54 49
120
0
56 53 58 50 45 45 43 50 57 58 44 44 35 52 84 40 57 50 54 48
121
0
52 53 55 51 46 46 44 51 61 52 49 46 34 56 85 39 55 47 54 47
122
0
60 51 56 51 49 43 44 49 58 53 45 46 37 59 78 40 54 50 52 47
123
0
53 54 61 50 46 46 40 49 55 54 45 44 38 56 80 36 53 46 50 50
124
0
56 50 56 55 47 47 43 51 58 54 43 48 37 54 77 40 58 46 55 49
125
0
56 51 54 52 49 48 44 48 57 57 46 48 35 58 76 40 61 46 53 44
126
0
55 52 57 54 49 48 42 46 57 54 45 47 37 54 83 40 60 48 49 47
127
0
54 49 55 46 47 46 45 52 54 51 43 46 34 56 80 36 54 50 54 49
128
0
56 48 52 46 51 44 40 48 52 56 46 48 36 55 79 40 57 48 52 47
129
0
57 49 59 49 44 47 42 49 54 53 47 47 37 53 80 38 59 49 54 49
130
0
53 51 56 50 49 44 42 49 53 50 47 45 35 51 78 40 58 50 49 50
131
0
51 50 58 51 46 50 44 51 58 54 43 46 37 52 80 37 61 51 53 46
132
0
58 49 59 51 45 46 42 51 56 59 46 47 38 61 79 40 57 47 49 48
133
0
54 53 58 50 46 45 44 52 56 51 46 47 35 55 83 41 57 49 53 48
134
0
53 51 57 53 46 46 43 48 55 54 43 50 36 50 81 37 58 52 53 47
135
0
55 50 59 51 44 50 48 50 58 57 49 45 37 53 76 39 55 51 52 46
136
0
56 50 57 50 44 50 44 47 61 52 44 43 33 52 81 39 52 50 50 51
137
0
51 50 56 55 44 45 39 46 53 54 46 42 36 55 77 40 57 46 53 49
138
0
53 53 56 51 48 48 46 50 56 57 44 49 37 58 82 41 57 46 50 49
139
0
57 50 57 49 47 49 41 50 61 51 42 44 38 53 79 38 57 50 52 48
140
0
52 47 57 48 45 48 44 49 54 54 44 42 38 54 78 36 56 54 54 49
141
0
58 53 53 53 48 46 42 50 61 51 44 39 36 55 83 43 59 52 51 48
142
0
56 54 50 50 44 46 40 51 61 52 44 46 36 57 78 41 55 51 54 50
143
0
56 49 60 55 43 43 42 45 56 55 47 47 35 57 83 38 57 50 54 48
144
0
54 50 60 46 44 45 40 48 52 55 42 46 35 54 82 36 59 49 54 50
145
0
54 47 53 51 49 44 42 48 59 55 45 42 34 54 76 42 51 47 52 48
146
0
57 52 57 50 47 44 44 52 58 54 45 45 37 56 83 38 55 50 51 45
147
0
57 50 52 51 43 43 41 50 57 58 44 47 39 54 82 37 54 49 55 46
148
0
54 48 58 50 46 43 41 48 59 58 44 45 39 50 80 40 59 49 58 47
149
0
51 47 58 55 43 45 42 50 54 55 42 43 40 56 80 41 57 45 51 49
150
0
53 51 54 52 46 49 41 52 58 56 41 48 35 57 80 40 57 49 53 51
151
0
51 52 58 53 45 48 44 50 56 56 46 45 36 52 80 40 52 48 51 45
152
0
54 48 63 47 45 46 43 47 58 55 46 48 39 54 79 41 56 49 53 49
153
0
58 49 56 48 45 46 41 51 55 56 43 48 36 55 79 41 55 52 50 49
154
0
52 52 61 52 45 48 42 53 59 54 44 49 34 51 80 41 57 50 51 49
155
0
55 46 55 51 43 47 44 53 50 55 46 46 34 56 82 39 59 50 54 47
156
0
56 48 58 49 48 44 44 46 57 54 45 47 33 58 80 40 56 50 52 52
157
0
57 47 56 52 45 47 45 49 56 55 44 44 34 52 78 39 55 45 55 47
158
0
54 47 56 51 46 46 44 54 52 54 42 47 35 54 77 36 56 49 51 49
159
0
54 49 57 53 48 45 45 48 59 55 46 43 37 55 81 42 56 48 56 47
160
0
53 50 57 50 46 47 43 49 59 57 47 49 37 55 80 39 55 47 51 46
161
0
54 55 53 48 45 48 41 53 51 56 44 46 37 56 81 36 61 52 52 47
162
0
56 53 60 50 47 47 40 49 59 53 45 46 34 52 80 38 54 48 54 44
163
0
52 47 57 53 45 45 44 49 57 54 45 44 37 52 81 41 56 49 55 48
164
0
51 51 57 53 42 45 45 53 58 57 48 47 39 56 80 39 56 45 51 49
165
0
53 54 54 50 46 47 42 53 55 53 45 45 33 52 79 41 58 47 52 47
166
0
55 47 55 50 47 45 44 47 59 56 43 45 36 58 82 39 58 53 55 47
167
0
57 51 51 51 48 44 40 49 57 54 45 47 37 51 81 35 56 53 50 49
168
0
56 53 58 52 45 46 42 51 59 54 43 45 37 54 80 38 55 51 57 48
169
0
53 49 55 49 47 49 41 49 57 55 44 45 36 54 76 41 59 52 55 46
170
0
54 49 56 49 46 44 43 53 60 57 46 45 35 54 82 40 54 48 51 46
171
0
55 51 55 53 47 46 39 48 57 55 42 45 35 61 84 41 56 48 52 45
172
0
53 51 57 53 44 44 41 51 55 51 45 46 39 54 87 39 56 50 51 46
173
0
52 51 57 54 41 46 40 51 61 52 39 47 38 53 85 40 57 49 55 46
174
0
54 51 57 52 48 48 43 48 58 57 43 47 36 54 81 40 55 47 56 44
175
0
54 49 57 51 45 44 44 49 59 55 42 45 38 55 80 36 53 48 51 49
176
0
54 50 57 49 47 44 43 45 53 51 44 49 37 52 79 39 60 48 57 47
177
0
54 51 57 55 45 47 45 47 58 57 45 48 36 53 84 37 58 52 51 50
178
0
51 49 61 51 47 48 42 49 55 54 40 47 37 52 77 40 59 45 52 50
179
0
52 51 57 51 47 46 43 49 59 60 42 45 35 52 78 37 56 48 53 48
180
0
54 50 55 49 43 45 40 51 59 55 42 41 35 60 83 42 56 53 53 49
181
0
55 55 56 54 48 49 42 51 60 57 42 45 35 53 81 42 54 50 56 49
182
0
51 49 54 49 48 48 41 46 57 58 44 46 35 54 80 38 57 49 50 44
183
0
56 52 55 51 45 45 42 48 61 53 44 47 36 53 78 39 58 50 51 44
184
0
59 48 56 53 47 47 44 52 55 53 40 44 36 54 79 37 57 50 54 48
185
0
56 54 56 51 46 49 41 45 58 57 42 46 40 54 77 39 59 50 52 49
186
0
52 54 57 50 46 49 41 51 53 52 46 44 37 57 82 40 55 50 52 45
187
0
52 52 55 51 45 49 43 54 58 53 44 46 34 54 81 36 55 46 54 47
188
0
55 51 55 51 49 45 43 52 60 60 42 47 37 54 80 38 60 48 56 47
189
0
56 50 59 50 45 46 41 49 60 56 44 43 38 56 91 41 55 48 55 46
190
0
55 54 57 55 44 45 41 51 56 55 43 46 36 53 80 38 51 50 51 46
191
0
53 49 55 51 46 47 44 50 56 57 43 47 37 55 81 40 60 49 55 49
192
0
53 50 59 49 45 45 40 49 60 54 45 44 38 56 87 40 55 50 54 49
193
0
54 47 53 50 42 48 42 50 56 59 44 46 37 53 77 41 53 46 53 47
194
0
55 53 60 53 44 44 41 50 54 56 42 48 39 52 76 42 55 50 52 46
195
0
50 51 58 48 47 47 40 52 58 57 44 46 33 55 76 35 55 48 54 48
196
0
57 48 62 51 44 47 44 51 58 57 44 49 37 52 84 43 55 46 55 47
197
0
52 49 54 53 46 44 44 50 57 60 47 49 34 55 78 36 58 47 52 48
198
0
54 54 53 51 46 47 43 53 60 49 44 46 35 56 83 39 55 47 55 50
199
0
50 50 58 50 45 43 47 52 57 54 45 49 36 53 83 38 53 50 55 49
