30
5
90127
0
0
54 58 54 54 58
1
0
54 47 53 48 50
2
0
53 60 52 52 58
3
0
55 57 54 57 55
4
0
34 35 38 35 35
5
0
34 35 34 36 35
6
0
54 52 50 49 50
7
0
68 75 69 70 70
8
0
41 41 35 41 34
9
0
51 51 51 51 53
10
0
41 41 43 41 43
11
0
51 51 51 48 49
12
0
34 36 34 32 33
13
0
37 38 36 34 39
14
0
51 50 47 49 48
15
0
55 57 58 55 54
16
0
64 63 57 61 63
17
0
48 53 45 50 47
18
0
61 64 65 61 63
19
0
39 40 39 36 37
20
0
65 67 65 67 65
21
0
45 45 47 47 45
22
0
50 48 50 53 49
23
0
56 54 55 53 60
24
0
32 34 32 34 32
25
0
65 67 62 68 64
26
0
60 60 53 59 64
27
0
49 55 49 55 51
28
0
65 65 63 66 64
29
0
44 45 42 45 47
