20
20
633552
0
0
55 56 37 46 45 57 62 48 43 57 34 44 48 55 57 54 58 56 40 40
1
0
55 47 48 31 62 48 44 38 57 43 57 60 61 40 49 51 69 45 54 49
2
0
47 54 45 62 33 45 50 47 42 45 49 52 49 40 47 59 50 51 53 61
3
0
50 47 43 25 55 52 56 47 57 54 66 36 68 55 48 45 47 37 46 60
4
0
60 59 56 35 57 57 39 58 47 42 48 52 54 48 51 56 48 64 75 65
5
0
57 67 42 49 48 59 45 36 43 35 44 43 46 48 60 37 52 44 53 44
6
0
47 45 51 43 52 37 41 39 55 35 47 59 49 33 40 39 46 47 50 43
7
0
65 44 41 48 38 66 47 44 52 53 39 49 45 54 41 36 59 53 54 57
8
0
61 59 52 59 62 60 51 49 54 33 65 64 64 44 39 38 56 53 47 47
9
0
45 53 65 51 44 51 53 40 53 47 60 66 49 49 45 53 44 52 64 73
10
0
45 39 45 50 43 65 49 49 39 53 61 49 42 46 53 38 50 43 50 40
11
0
39 57 77 31 54 52 43 53 60 51 43 42 41 51 48 52 52 39 57 43
12
0
39 48 44 53 46 56 60 63 51 45 48 39 31 41 40 56 57 64 69 61
13
0
56 50 55 44 45 38 59 53 52 28 65 74 29 58 44 45 50 54 47 50
14
0
46 55 41 51 51 46 45 55 54 63 44 50 49 48 63 41 54 60 45 47
15
0
72 59 50 31 52 47 49 68 32 51 58 57 49 43 51 44 47 58 53 33
16
0
62 43 52 52 40 45 33 58 62 48 48 48 52 57 38 43 64 38 49 65
17
0
53 63 66 53 53 66 55 43 64 58 59 47 51 48 43 55 52 43 59 46
18
0
43 58 50 50 67 42 50 60 60 49 50 55 44 52 41 53 52 49 37 55
19
0
43 51 33 53 43 58 48 70 52 58 56 50 48 58 56 57 75 57 34 42
