50
10
819059
0
0
61 39 66 42 45 44 33 40 60 41
1
0
29 56 49 56 51 58 36 51 43 45
2
0
42 68 61 66 47 51 65 44 59 42
3
0
51 47 45 56 56 43 42 48 65 72
4
0
60 44 59 37 43 56 62 65 49 65
5
0
44 53 61 38 77 39 59 36 49 54
6
0
53 44 39 41 38 55 54 51 70 49
7
0
57 57 30 45 40 59 39 48 61 56
8
0
43 27 48 49 34 53 65 47 41 60
9
0
53 73 46 49 77 52 54 33 40 34
10
0
45 52 48 40 60 58 51 59 30 51
11
0
56 56 58 53 36 48 59 62 37 48
12
0
59 54 56 50 58 46 68 55 43 57
13
0
40 56 60 40 40 50 60 48 39 67
14
0
48 58 26 63 45 44 62 46 59 63
15
0
47 53 55 32 40 53 77 57 41 49
16
0
63 54 54 56 48 50 58 50 37 33
17
0
38 38 52 36 50 37 55 39 41 46
18
0
33 53 49 50 69 48 64 48 53 40
19
0
39 37 47 51 62 67 42 43 53 51
20
0
35 48 50 42 45 60 49 62 45 38
21
0
52 45 45 40 51 38 57 57 51 50
22
0
37 40 65 38 59 55 58 53 60 47
23
0
44 55 52 52 42 39 52 27 38 61
24
0
48 40 45 56 60 53 52 60 33 40
25
0
56 59 74 64 54 37 39 42 52 62
26
0
45 46 53 41 44 58 37 54 43 49
27
0
58 48 60 41 58 53 45 52 63 52
28
0
56 62 49 56 61 61 58 64 48 52
29
0
49 47 56 47 59 41 40 44 44 48
30
0
60 58 58 58 34 68 57 47 57 53
31
0
58 62 38 52 53 62 47 55 55 45
32
0
51 39 49 54 32 50 46 36 62 56
33
0
50 43 61 36 47 36 51 35 55 26
34
0
34 75 35 49 34 61 41 52 41 40
35
0
39 45 55 48 50 42 61 39 28 49
36
0
57 35 64 56 59 55 65 54 59 31
37
0
43 48 27 52 53 48 45 52 47 49
38
0
56 58 56 71 47 49 61 63 47 42
39
0
48 36 44 57 41 54 57 55 37 59
40
0
55 42 48 43 53 36 54 46 58 37
41
0
53 38 45 59 39 43 43 28 78 39
42
0
49 56 58 39 44 52 47 58 61 71
43
0
65 45 32 55 53 59 47 46 50 50
44
0
52 35 58 51 53 45 61 47 50 48
45
0
48 47 47 40 55 57 63 46 65 64
46
0
54 64 55 44 54 55 68 55 36 39
47
0
87 61 56 70 51 60 48 44 44 53
48
0
41 57 52 48 48 59 48 51 46 67
49
0
46 50 47 62 53 49 41 52 60 51
