200
10
713927
0
0
39 42 67 52 43 78 47 56 55 58
1
0
42 46 59 49 42 79 45 54 51 56
2
0
40 42 58 49 46 82 45 56 51 57
3
0
39 46 60 52 43 81 42 60 51 53
4
0
41 41 62 53 41 76 49 59 52 56
5
0
41 45 59 52 42 78 47 57 56 56
6
0
42 45 63 51 44 78 44 58 56 54
7
0
39 46 55 54 44 79 46 53 53 59
8
0
42 44 63 52 41 79 44 54 57 54
9
0
40 39 62 50 41 78 44 53 54 62
10
0
42 45 62 57 44 76 47 54 55 53
11
0
42 42 62 53 43 79 47 58 59 53
12
0
42 44 62 54 42 75 43 55 54 59
13
0
40 43 56 55 40 83 51 56 56 54
14
0
39 42 63 52 40 78 47 54 51 57
15
0
40 45 60 51 45 85 43 55 53 57
16
0
44 40 64 54 44 71 44 53 53 57
17
0
44 41 63 50 42 77 45 54 53 55
18
0
43 45 60 52 42 82 46 54 53 60
19
0
42 43 64 52 45 81 46 60 53 56
20
0
42 43 65 49 42 74 45 58 57 59
21
0
41 42 56 51 42 80 47 55 56 57
22
0
40 43 62 52 40 80 44 55 53 60
23
0
36 41 63 52 41 82 45 52 54 56
24
0
40 44 62 54 43 82 47 58 56 57
25
0
41 44 65 53 44 78 45 58 56 59
26
0
40 40 65 52 41 78 47 51 53 57
27
0
43 47 63 50 44 80 45 56 49 58
28
0
40 45 65 49 44 76 44 54 57 57
29
0
39 41 60 53 42 84 50 62 59 59
30
0
42 43 63 50 40 78 47 51 53 53
31
0
39 43 60 50 41 75 45 56 54 53
32
0
40 43 60 52 46 79 46 53 53 55
33
0
45 46 61 52 46 81 43 53 52 60
34
0
41 44 61 57 43 81 46 53 52 53
35
0
42 42 56 53 44 80 45 61 52 56
36
0
43 44 62 49 39 77 47 53 55 54
37
0
41 44 66 52 43 76 46 55 53 56
38
0
43 39 64 54 43 73 45 55 54 55
39
0
42 43 59 50 41 78 49 56 57 56
40
0
42 42 62 51 41 81 47 55 54 54
41
0
40 43 60 57 43 74 47 56 49 53
42
0
39 42 62 47 42 75 45 57 53 57
43
0
41 39 62 53 41 78 45 53 49 55
44
0
38 42 65 54 41 80 47 57 52 58
45
0
43 45 66 50 40 79 42 59 52 57
46
0
40 43 62 55 43 76 48 55 57 59
47
0
43 43 63 53 45 82 42 56 49 59
48
0
41 45 60 53 40 80 41 57 53 51
49
0
40 48 61 49 42 79 44 54 52 56
50
0
43 43 61 52 39 76 49 59 53 56
51
0
39 44 62 52 39 74 47 56 59 55
52
0
45 43 58 50 43 83 40 58 55 53
53
0
40 45 60 54 40 75 45 58 50 60
54
0
41 44 66 54 43 79 46 55 51 54
55
0
37 43 61 50 44 75 45 58 52 57
56
0
41 44 63 52 43 78 47 58 55 56
57
0
38 42 62 53 43 76 41 55 52 56
58
0
41 46 64 53 39 78 44 58 52 57
59
0
37 42 63 53 43 71 45 55 53 56
60
0
40 42 66 54 42 80 48 54 52 53
61
0
40 41 62 50 45 83 41 57 51 58
62
0
39 43 59 54 44 80 42 60 54 57
63
0
44 42 60 49 42 76 47 55 56 57
64
0
40 40 62 48 42 78 47 56 55 60
65
0
43 46 62 46 43 81 46 56 54 54
66
0
41 43 58 50 44 77 42 57 54 59
67
0
41 44 62 54 44 83 45 53 55 57
68
0
40 46 61 51 41 84 46 56 52 56
69
0
40 44 66 51 41 79 43 59 55 58
70
0
40 45 60 57 43 81 44 56 54 55
71
0
35 40 63 57 41 78 47 55 57 54
72
0
43 41 58 54 45 81 47 58 52 55
73
0
40 42 60 50 39 82 45 59 58 60
74
0
43 44 62 52 44 77 43 53 54 57
75
0
43 48 59 54 44 75 47 58 53 56
76
0
43 46 61 52 43 78 46 55 53 54
77
0
39 42 64 53 41 78 46 54 52 57
78
0
39 45 64 52 40 77 42 56 56 53
79
0
43 46 57 57 42 79 49 55 57 57
80
0
43 42 59 54 43 79 47 58 55 56
81
0
41 44 62 50 42 81 43 57 57 59
82
0
40 45 57 52 43 81 45 60 54 56
83
0
40 45 59 51 36 79 48 58 61 57
84
0
39 45 61 48 41 81 47 59 56 57
85
0
45 46 60 53 42 78 44 58 54 57
86
0
43 40 60 54 44 78 41 54 51 57
87
0
42 45 62 55 41 76 46 53 54 54
88
0
42 41 62 57 42 73 46 51 53 56
89
0
42 42 60 51 44 81 46 56 51 51
90
0
40 42 63 56 41 77 48 56 52 57
91
0
38 41 61 48 42 76 45 54 53 59
92
0
42 39 60 52 44 80 43 57 56 54
93
0
37 47 59 48 42 75 45 58 55 55
94
0
44 41 60 51 42 82 43 53 51 56
95
0
38 43 63 55 43 79 48 57 52 55
96
0
39 45 63 51 43 76 45 54 50 60
97
0
40 41 57 51 41 78 49 57 56 56
98
0
41 47 63 51 42 80 45 54 55 57
99
0
42 42 57 51 42 77 48 57 57 57
100
0
45 43 59 51 43 80 42 55 53 59
101
0
41 43 55 51 43 84 44 56 52 56
102
0
38 46 58 52 47 77 45 54 51 55
103
0
40 45 57 52 47 77 45 53 51 56
104
0
41 41 58 52 41 80 46 52 52 56
105
0
43 43 57 50 41 76 47 57 55 59
106
0
43 42 65 54 41 77 46 58 57 59
107
0
42 44 62 49 41 80 47 53 56 55
108
0
41 45 61 51 39 81 44 56 54 54
109
0
45 41 61 52 43 78 46 58 53 55
110
0
40 44 65 52 43 80 45 56 59 55
111
0
37 42 64 52 42 73 45 52 55 56
112
0
44 41 62 52 42 79 48 55 53 58
113
0
39 44 58 49 47 73 41 53 49 58
114
0
41 41 61 55 43 77 48 61 53 51
115
0
40 41 60 50 41 78 42 53 55 62
116
0
45 42 60 56 44 75 47 54 53 57
117
0
42 43 58 54 43 80 48 55 55 55
118
0
40 41 62 51 42 82 45 54 53 57
119
0
46 43 60 51 42 81 50 54 51 56
120
0
45 44 63 50 43 74 46 55 52 57
121
0
42 42 62 54 42 78 47 56 54 56
122
0
42 42 64 50 41 75 43 60 55 55
123
0
40 43 61 54 44 76 44 56 59 55
124
0
39 42 60 52 46 83 48 60 54 57
125
0
42 41 61 54 43 74 44 56 54 61
126
0
41 38 57 55 40 79 45 57 52 58
127
0
40 44 60 53 40 77 44 55 54 54
128
0
42 45 62 51 45 80 42 57 53 55
129
0
40 43 62 48 43 79 47 54 55 57
130
0
44 44 62 55 44 79 48 55 51 55
131
0
43 41 63 54 41 77 46 55 54 58
132
0
41 43 61 48 42 79 42 57 52 59
133
0
40 43 63 53 42 81 46 56 57 58
134
0
40 43 60 49 43 79 42 57 56 62
135
0
44 46 58 50 41 81 46 59 55 59
136
0
43 43 60 53 39 77 45 56 53 55
137
0
40 41 59 49 46 83 46 56 53 58
138
0
40 42 63 49 43 77 44 56 54 56
139
0
43 46 60 52 45 79 46 54 54 55
140
0
43 44 65 53 45 79 47 54 54 57
141
0
41 42 60 50 44 82 44 55 55 56
142
0
41 39 65 50 42 79 42 56 51 55
143
0
42 42 65 50 42 75 47 56 56 57
144
0
40 44 61 53 44 77 46 55 52 57
145
0
41 43 59 49 41 81 45 54 53 58
146
0
41 42 62 52 42 77 44 55 52 54
147
0
43 40 56 56 45 79 45 58 53 52
148
0
44 44 61 57 42 76 46 56 58 56
149
0
38 39 60 52 41 75 46 55 57 60
150
0
41 40 61 46 39 82 48 52 55 52
151
0
41 42 60 51 43 80 47 56 58 55
152
0
40 42 61 54 40 73 44 59 54 61
153
0
40 41 64 55 40 72 43 57 55 60
154
0
42 45 58 50 47 81 46 52 57 55
155
0
41 41 62 52 44 78 42 58 54 59
156
0
42 45 62 51 39 74 45 57 55 60
157
0
40 44 67 49 43 76 43 58 55 54
158
0
45 44 64 52 42 78 49 59 52 54
159
0
40 43 57 51 40 81 46 56 55 57
160
0
41 44 58 51 42 79 44 55 49 59
161
0
40 45 60 54 41 77 46 56 53 55
162
0
42 43 59 54 40 76 46 55 53 59
163
0
40 41 65 53 44 79 50 59 55 56
164
0
41 41 58 50 44 76 46 56 55 63
165
0
40 44 57 54 45 74 44 56 53 58
166
0
41 40 58 53 40 79 45 58 49 54
167
0
37 42 57 47 42 79 43 56 52 57
168
0
42 44 60 52 41 79 43 55 56 52
169
0
44 39 60 52 41 79 43 56 52 53
170
0
40 47 62 54 41 79 45 57 55 55
171
0
38 46 62 52 44 75 46 58 57 55
172
0
43 43 60 52 44 76 43 55 52 57
173
0
41 46 60 49 44 81 47 56 53 59
174
0
43 43 60 49 43 77 44 55 53 58
175
0
38 42 59 49 44 79 44 55 55 56
176
0
44 43 59 51 40 78 44 59 56 58
177
0
41 47 62 55 39 80 49 56 58 57
178
0
44 44 64 48 45 84 51 56 54 55
179
0
42 44 59 52 45 75 42 54 53 56
180
0
43 42 65 52 39 78 45 56 55 60
181
0
37 43 67 53 43 78 44 60 53 53
182
0
41 44 58 47 42 79 47 52 53 58
183
0
40 42 61 53 43 80 44 56 57 61
184
0
42 38 59 52 39 75 42 57 55 55
185
0
45 40 61 50 42 73 45 54 56 56
186
0
39 44 63 52 43 77 45 54 54 53
187
0
42 41 62 52 40 78 44 57 51 53
188
0
38 46 59 53 41 74 45 57 55 57
189
0
40 43 64 53 40 76 45 56 54 57
190
0
46 44 65 54 40 73 44 57 54 60
191
0
42 45 57 50 42 76 45 56 55 58
192
0
43 48 63 51 46 77 45 52 54 56
193
0
42 44 63 51 44 78 42 59 55 59
194
0
41 43 63 49 38 80 45 55 59 62
195
0
39 44 59 53 41 79 46 56 58 55
196
0
42 44 63 50 40 76 43 56 54 53
197
0
39 44 61 54 44 81 47 51 57 58
198
0
44 41 56 48 43 77 46 59 55 59
199
0
40 44 60 50 47 76 45 56 54 55
