20
10
533871
0
0
72 39 45 57 43 52 48 78 51 47
1
0
36 31 55 60 56 59 46 58 44 46
2
0
85 69 72 48 41 45 53 53 48 42
3
0
43 51 50 45 57 46 35 45 55 56
4
0
62 37 53 38 49 48 68 61 48 45
5
0
58 34 66 52 59 57 56 44 59 51
6
0
49 42 35 47 37 44 48 47 53 50
7
0
49 48 81 53 58 51 63 51 46 41
8
0
74 45 44 64 37 37 31 57 56 60
9
0
40 43 53 34 57 45 50 55 48 61
10
0
59 56 43 45 54 48 56 44 47 52
11
0
48 51 57 62 38 63 51 46 71 46
12
0
53 37 39 54 37 39 61 33 35 71
13
0
31 55 57 59 41 43 54 38 47 56
14
0
48 51 44 58 34 45 56 54 52 33
15
0
49 48 56 53 40 55 70 48 50 44
16
0
40 51 46 59 32 60 60 48 46 40
17
0
54 48 62 31 44 43 27 77 56 71
18
0
45 49 53 65 48 60 52 40 51 58
19
0
35 38 40 43 54 49 42 57 57 52
