100
10
18578
0
0
70 66 45 39 28 66 47 46 46 38
1
0
65 67 46 39 25 63 45 43 47 40
2
0
71 69 40 40 27 61 43 46 48 43
3
0
70 68 46 37 26 66 49 47 49 45
4
0
68 68 42 37 25 68 49 47 52 39
5
0
66 65 47 40 25 67 46 47 46 42
6
0
70 65 41 38 28 67 43 44 49 40
7
0
68 64 45 41 26 72 44 46 48 38
8
0
69 63 44 39 24 65 46 49 48 42
9
0
67 66 44 37 26 66 48 48 54 42
10
0
69 66 43 38 27 67 45 46 51 41
11
0
64 68 43 39 26 68 48 46 49 41
12
0
68 72 43 39 26 70 47 45 49 40
13
0
68 65 44 39 25 67 41 46 48 41
14
0
68 68 43 40 24 69 43 49 47 42
15
0
63 68 45 36 26 69 45 45 49 41
16
0
63 64 42 37 27 67 48 47 45 41
17
0
64 74 46 38 24 68 49 46 50 43
18
0
66 69 43 36 23 67 50 46 50 42
19
0
67 64 44 40 25 66 44 47 48 41
20
0
67 67 45 35 25 66 42 47 49 41
21
0
66 67 44 40 25 71 43 47 49 43
22
0
65 69 46 40 27 69 43 51 48 44
23
0
63 65 43 35 24 70 44 45 50 43
24
0
66 64 44 40 28 65 46 49 49 41
25
0
71 64 49 35 25 64 49 50 48 40
26
0
64 66 44 38 27 67 42 47 50 38
27
0
67 67 45 39 28 67 43 47 48 47
28
0
66 64 42 35 24 64 45 48 51 41
29
0
68 68 44 36 25 72 46 48 48 41
30
0
64 69 47 36 24 67 49 46 47 43
31
0
70 65 46 37 23 69 42 47 50 41
32
0
69 63 43 39 24 68 47 49 44 44
33
0
69 68 42 37 25 66 47 47 49 46
34
0
64 68 43 36 25 62 40 45 45 41
35
0
65 65 41 39 27 64 46 47 51 42
36
0
69 63 42 37 27 70 46 41 46 41
37
0
69 66 46 38 23 62 47 50 50 42
38
0
65 66 46 39 29 68 45 50 48 42
39
0
68 63 43 40 25 65 44 41 46 42
40
0
66 65 46 37 24 68 47 48 50 42
41
0
71 64 44 38 23 67 42 46 49 37
42
0
68 66 45 41 26 64 49 49 46 43
43
0
64 65 46 34 24 68 47 48 52 45
44
0
66 63 44 35 21 66 44 47 49 44
45
0
63 63 45 40 28 70 47 47 48 43
46
0
69 68 41 40 21 68 46 49 48 41
47
0
68 66 44 38 26 64 47 49 52 38
48
0
67 66 45 37 26 66 44 46 49 40
49
0
69 62 44 36 24 69 43 45 48 42
50
0
66 70 42 37 23 69 44 48 49 39
51
0
69 66 45 38 25 69 45 48 48 39
52
0
69 65 40 37 23 66 48 49 52 41
53
0
69 65 47 38 24 70 45 46 49 40
54
0
64 63 45 39 26 67 48 48 51 40
55
0
62 66 46 38 26 66 45 46 49 39
56
0
69 65 44 37 25 65 45 45 47 38
57
0
67 65 46 40 26 66 45 50 48 40
58
0
63 66 42 42 26 69 45 49 48 39
59
0
67 64 45 35 27 70 47 48 54 43
60
0
70 65 46 39 28 67 43 44 43 42
61
0
69 67 45 40 28 72 45 44 44 43
62
0
65 65 46 36 25 69 45 48 48 41
63
0
66 64 46 35 24 63 47 48 51 41
64
0
69 66 43 40 28 68 45 47 52 43
65
0
69 67 43 36 24 70 47 48 49 42
66
0
66 66 45 38 25 63 42 45 50 43
67
0
65 68 41 37 26 66 44 49 51 44
68
0
67 66 44 37 25 64 47 46 48 39
69
0
68 69 43 35 27 68 48 51 50 40
70
0
67 64 46 37 25 67 42 48 49 38
71
0
68 64 44 34 27 69 44 47 52 41
72
0
66 68 44 40 24 65 46 46 47 39
73
0
65 67 43 40 25 67 48 48 50 42
74
0
69 66 44 34 27 70 46 43 50 44
75
0
66 65 44 37 28 65 47 46 46 42
76
0
67 65 45 38 23 66 46 48 50 41
77
0
65 67 42 39 24 66 45 48 49 46
78
0
67 65 48 39 27 68 45 46 47 41
79
0
71 62 47 36 28 66 49 45 51 40
80
0
68 67 46 36 27 67 46 48 49 39
81
0
68 66 45 36 25 61 44 49 48 39
82
0
65 65 45 40 26 65 41 47 50 45
83
0
71 65 49 36 27 68 48 47 47 42
84
0
68 68 44 39 25 69 47 48 48 42
85
0
70 67 41 40 31 65 44 48 49 41
86
0
63 64 47 36 26 70 46 49 50 44
87
0
62 65 46 35 28 66 48 50 46 43
88
0
66 67 44 37 26 65 49 45 48 43
89
0
66 64 45 38 24 69 45 46 49 41
90
0
66 65 43 37 25 68 47 48 48 38
91
0
65 68 44 39 26 68 48 46 53 38
92
0
64 65 45 39 25 64 43 49 48 42
93
0
64 65 43 39 26 73 47 49 45 41
94
0
68 66 47 38 25 64 49 47 47 43
95
0
67 68 48 40 27 72 46 47 51 39
96
0
67 65 43 40 29 69 43 44 47 41
97
0
63 68 43 37 23 64 45 43 46 41
98
0
66 67 39 38 23 70 47 47 53 36
99
0
67 66 47 39 27 61 49 47 51 39
