100
20
407218
0
0
63 57 51 41 50 54 29 49 36 59 45 62 48 28 38 30 55 56 53 49
1
0
42 71 51 56 59 66 52 49 38 54 54 31 43 62 40 70 51 59 72 63
2
0
58 41 57 68 35 39 52 38 47 57 55 64 43 56 59 44 48 47 39 53
3
0
56 56 37 52 54 56 57 37 48 47 43 50 36 52 52 34 65 41 58 42
4
0
45 55 67 64 62 66 67 65 49 56 61 32 40 44 27 41 35 50 67 44
5
0
56 40 50 47 46 61 65 41 58 44 61 56 47 34 51 69 47 40 44 46
6
0
64 44 54 39 58 44 61 46 76 71 42 57 61 63 32 67 40 30 32 45
7
0
34 42 61 46 46 26 43 73 45 26 45 52 52 52 34 42 37 42 54 50
8
0
44 46 42 55 57 45 57 54 43 70 53 34 44 49 37 35 59 50 42 67
9
0
40 53 51 42 34 53 49 47 53 40 55 54 36 58 39 47 61 55 51 43
10
0
45 47 48 40 50 38 34 35 51 61 48 42 48 37 43 41 74 71 48 43
11
0
39 51 43 36 41 30 43 40 72 52 54 40 43 66 46 56 38 51 43 53
12
0
53 50 68 57 64 30 55 44 47 57 46 46 38 61 57 70 52 51 42 37
13
0
56 36 46 59 62 80 36 45 63 35 54 59 48 51 48 47 53 49 40 51
14
0
55 60 41 73 53 56 63 42 47 43 45 57 61 51 55 43 34 54 60 46
15
0
40 73 37 51 44 36 50 46 46 52 47 57 62 52 36 55 50 29 58 52
16
0
41 52 49 58 40 33 43 67 37 41 31 62 41 45 39 55 38 49 54 55
17
0
43 47 53 56 49 52 45 49 48 42 60 38 38 67 25 56 48 70 53 39
18
0
51 41 55 60 53 35 62 36 50 49 56 42 45 57 57 37 55 42 58 43
19
0
51 50 44 50 37 30 64 44 52 58 57 61 38 46 66 49 42 37 47 30
20
0
49 41 64 50 52 36 47 53 45 52 51 37 61 57 26 59 68 56 54 52
21
0
53 43 80 33 65 65 62 45 31 46 47 54 66 77 51 48 53 63 46 65
22
0
60 44 57 44 55 44 45 45 36 44 66 50 48 42 37 59 49 50 52 45
23
0
46 57 54 60 55 46 53 62 46 51 44 49 39 42 50 58 43 45 61 56
24
0
47 44 55 47 31 44 45 46 37 43 46 57 59 50 39 47 54 56 52 67
25
0
33 45 52 53 41 60 53 48 41 63 44 62 44 48 60 53 39 44 38 44
26
0
56 53 57 57 53 53 52 52 45 70 55 34 56 61 42 46 47 52 43 43
27
0
49 52 48 45 62 36 34 62 59 55 47 35 56 47 44 58 52 55 63 48
28
0
32 58 49 46 47 52 37 47 39 47 57 73 42 64 65 60 53 61 53 46
29
0
65 38 52 45 48 51 48 54 42 53 38 52 50 40 37 63 46 45 46 53
30
0
44 39 52 64 48 40 58 60 35 32 52 48 52 69 57 40 41 64 50 48
31
0
54 44 40 68 50 74 33 22 35 43 52 41 39 44 45 49 44 43 43 32
32
0
27 39 63 47 56 51 34 36 49 42 43 44 51 40 63 40 53 34 53 61
33
0
49 48 42 50 65 59 56 54 50 38 43 46 40 45 51 53 41 52 47 50
34
0
52 42 51 43 51 33 44 57 53 54 36 57 50 47 55 36 57 53 45 39
35
0
49 58 45 48 45 46 41 35 62 57 38 47 69 51 50 59 58 38 60 52
36
0
41 44 36 37 57 58 50 52 56 61 46 69 45 36 36 31 56 42 23 37
37
0
50 47 52 47 48 54 78 39 47 49 45 55 39 55 46 43 35 30 56 43
38
0
43 47 47 35 50 49 57 46 49 58 71 44 45 56 57 60 58 44 46 47
39
0
47 35 65 49 43 52 56 51 61 54 57 31 50 49 52 49 56 43 59 60
40
0
38 53 55 63 60 58 64 51 45 36 26 38 33 64 63 39 37 48 54 57
41
0
59 45 60 34 55 47 56 50 42 58 61 46 44 57 46 53 58 55 42 64
42
0
42 43 53 59 62 53 45 52 32 56 49 57 52 60 53 55 47 60 51 56
43
0
52 37 49 52 42 40 51 49 56 41 43 50 32 43 43 60 57 47 53 44
44
0
47 66 55 43 50 44 59 52 35 39 66 40 58 43 38 44 50 50 29 52
45
0
44 49 55 55 35 38 53 48 64 55 62 55 48 52 52 60 35 51 46 59
46
0
46 39 56 34 30 42 60 50 62 53 54 51 49 47 61 55 58 27 70 38
47
0
37 51 44 46 52 49 47 37 46 58 56 59 56 41 52 54 41 42 48 39
48
0
42 67 55 62 47 64 67 72 64 54 48 60 46 41 51 33 35 38 54 53
49
0
39 50 53 44 65 67 47 46 61 49 61 47 36 42 47 60 71 59 49 55
50
0
34 47 49 63 37 58 72 68 45 50 48 69 76 68 63 57 46 54 58 41
51
0
47 48 54 41 39 41 42 51 59 66 60 37 51 61 53 39 35 69 46 48
52
0
65 58 54 51 45 44 69 28 34 77 47 54 59 62 63 39 42 49 38 67
53
0
47 68 42 20 39 63 67 55 41 47 45 83 62 69 51 47 56 49 45 43
54
0
59 42 52 39 47 38 59 30 58 44 66 49 57 43 58 60 35 49 44 40
55
0
48 46 39 34 56 43 49 56 39 48 41 54 45 51 72 23 50 44 58 51
56
0
47 37 45 73 57 51 83 44 47 31 60 38 53 31 29 66 60 38 57 71
57
0
54 49 46 49 60 40 56 45 51 53 42 40 51 52 30 54 55 50 28 60
58
0
52 37 60 58 45 70 54 51 45 58 37 47 55 47 50 52 40 54 40 55
59
0
44 46 28 44 38 47 46 37 41 48 66 46 48 62 47 41 44 40 61 58
60
0
71 37 58 36 58 57 50 62 58 33 31 57 47 46 48 34 24 47 48 66
61
0
36 47 45 37 40 34 38 67 47 44 49 54 57 59 54 45 57 57 33 60
62
0
45 43 41 50 66 43 55 41 44 67 50 39 42 50 48 61 41 52 50 58
63
0
63 47 49 39 51 40 52 37 46 38 60 57 64 60 50 54 53 55 33 43
64
0
70 55 64 48 37 64 40 38 72 44 44 55 40 46 45 45 38 42 48 46
65
0
64 59 52 51 40 48 65 51 42 44 39 54 56 37 31 63 65 53 45 42
66
0
49 73 46 44 49 60 54 32 35 63 61 49 30 46 51 51 30 45 58 45
67
0
47 44 29 48 54 71 75 53 44 52 51 45 43 49 64 26 60 32 64 50
68
0
45 46 50 30 60 47 67 33 57 53 66 59 62 46 68 44 41 58 36 58
69
0
56 57 55 57 65 42 57 51 59 32 52 41 53 41 48 61 46 50 48 66
70
0
50 56 57 60 56 45 51 45 56 46 57 38 42 58 42 65 62 42 54 43
71
0
51 60 50 42 45 43 49 47 58 58 37 62 60 53 47 35 48 47 65 65
72
0
40 60 53 45 62 61 44 55 49 54 52 50 37 39 51 49 54 54 51 51
73
0
53 58 59 51 34 47 46 42 57 45 59 59 61 56 70 48 52 83 58 37
74
0
46 32 53 56 43 30 42 32 49 35 72 69 51 55 36 68 53 43 51 58
75
0
35 52 58 47 43 29 56 45 49 49 79 49 45 36 63 59 49 44 36 47
76
0
31 58 48 68 39 51 58 52 43 48 56 50 71 53 42 38 63 68 38 51
77
0
55 26 44 52 56 44 37 60 43 56 62 55 61 49 56 52 44 46 46 42
78
0
66 48 50 60 36 57 53 45 64 62 58 57 31 43 39 51 61 53 47 47
79
0
54 54 43 59 71 50 37 52 42 64 60 51 39 52 42 45 36 43 43 46
80
0
43 50 53 40 54 75 75 59 52 57 49 47 59 55 45 60 36 49 48 41
81
0
48 64 49 64 38 59 54 70 46 55 62 38 57 49 47 47 42 61 62 45
82
0
55 45 48 35 49 39 52 55 39 67 37 48 50 52 55 48 40 37 56 54
83
0
59 57 53 63 37 43 76 55 45 51 53 52 41 52 51 81 46 42 43 48
84
0
44 57 37 35 67 25 59 50 46 39 69 52 39 40 62 35 46 62 48 86
85
0
62 37 49 40 58 42 41 44 44 70 54 41 48 48 48 41 35 42 48 56
86
0
65 54 31 54 50 46 38 36 50 55 39 48 50 57 56 51 65 62 62 51
87
0
43 50 48 38 46 42 60 43 51 50 46 53 46 72 38 42 46 51 47 57
88
0
41 45 53 63 37 41 54 41 44 41 36 31 51 65 56 54 42 36 36 44
89
0
59 48 41 49 53 49 72 49 54 48 33 40 53 34 44 50 51 52 40 47
90
0
41 52 41 47 24 60 69 49 45 40 42 55 45 59 36 39 49 43 55 45
91
0
45 57 67 56 68 55 39 52 45 40 37 41 59 38 58 62 65 51 38 51
92
0
46 41 57 64 63 56 55 41 45 36 64 53 34 63 42 44 47 33 48 53
93
0
43 55 45 54 60 53 48 45 54 52 40 45 51 45 51 68 44 59 52 42
94
0
63 43 62 47 44 43 56 44 45 35 57 50 49 78 70 36 39 52 50 48
95
0
47 46 46 55 74 55 44 64 57 54 43 48 48 43 43 47 56 46 32 45
96
0
41 50 48 46 52 46 44 64 38 42 69 57 63 53 50 44 73 56 52 28
97
0
43 54 52 56 59 45 32 60 48 40 48 60 32 53 52 48 52 47 58 45
98
0
36 48 52 41 63 41 53 41 55 65 44 66 65 50 51 42 60 74 74 39
99
0
46 56 58 67 58 68 29 61 52 41 55 70 53 32 42 50 56 57 50 50
