50
5
896920
0
0
43 66 69 41 53
1
0
48 58 51 51 39
2
0
45 45 64 52 50
3
0
72 37 51 55 63
4
0
50 49 58 36 43
5
0
55 64 67 43 54
6
0
58 39 57 46 58
7
0
64 42 60 55 73
8
0
46 54 48 39 61
9
0
64 41 61 54 57
10
0
41 46 41 55 66
11
0
53 28 43 62 42
12
0
58 43 68 50 58
13
0
56 64 51 55 42
14
0
54 56 60 48 40
15
0
45 54 50 38 51
16
0
40 61 44 30 50
17
0
64 36 53 55 47
18
0
51 40 58 41 58
19
0
58 37 57 35 62
20
0
57 73 62 58 60
21
0
70 42 63 66 76
22
0
35 43 45 37 55
23
0
32 55 54 44 48
24
0
33 41 52 43 38
25
0
64 45 69 88 55
26
0
61 55 53 31 47
27
0
57 49 34 65 40
28
0
52 38 48 52 44
29
0
54 54 57 42 69
30
0
54 73 46 43 41
31
0
46 36 49 41 44
32
0
41 81 54 53 50
33
0
49 65 56 57 43
34
0
46 55 60 54 40
35
0
45 56 36 52 47
36
0
58 57 39 48 56
37
0
70 41 58 39 47
38
0
64 42 48 35 61
39
0
51 54 42 47 49
40
0
45 61 66 56 61
41
0
47 57 36 57 73
42
0
53 57 65 43 47
43
0
30 43 71 53 54
44
0
55 55 53 51 67
45
0
44 45 49 41 52
46
0
37 58 64 52 40
47
0
33 42 59 57 42
48
0
43 43 45 35 42
49
0
51 57 50 52 60
