200
10
222433
0
0
44 52 52 46 51 50 66 68 58 70
1
0
44 52 51 50 54 53 67 69 57 63
2
0
46 54 52 49 50 50 73 71 56 71
3
0
46 52 57 49 47 53 70 68 53 63
4
0
47 54 50 47 51 50 68 70 56 65
5
0
45 52 48 48 52 49 70 71 53 73
6
0
45 49 52 49 51 47 67 68 53 70
7
0
46 49 47 43 51 52 66 70 58 64
8
0
42 48 49 49 57 52 68 68 60 66
9
0
47 52 49 51 50 46 66 71 53 66
10
0
45 51 50 45 50 45 68 69 55 66
11
0
45 53 50 46 51 52 73 69 58 68
12
0
48 54 50 49 51 52 69 63 55 73
13
0
47 50 51 52 49 48 67 63 55 66
14
0
45 51 50 49 50 50 65 69 54 69
15
0
45 54 50 47 49 50 67 67 57 64
16
0
46 51 51 45 53 52 69 70 56 65
17
0
44 53 50 48 49 51 74 72 57 65
18
0
47 52 51 50 49 47 70 70 56 69
19
0
46 49 51 50 51 51 68 66 54 69
20
0
47 50 49 46 54 50 70 68 58 68
21
0
47 53 47 47 54 50 69 66 54 71
22
0
44 53 51 50 55 47 70 72 58 68
23
0
43 51 52 49 53 49 62 68 58 69
24
0
45 55 50 49 50 48 72 70 55 66
25
0
44 49 49 46 51 47 71 69 52 70
26
0
47 54 49 51 51 48 68 68 52 70
27
0
47 49 49 47 48 48 70 65 51 68
28
0
46 56 51 48 51 49 68 67 57 67
29
0
45 51 50 50 53 46 65 73 57 70
30
0
49 52 52 51 51 50 66 70 50 68
31
0
43 53 48 49 51 48 69 66 57 72
32
0
48 53 49 48 50 54 68 70 53 65
33
0
47 51 45 49 48 47 67 72 55 68
34
0
50 51 52 50 50 49 68 71 55 65
35
0
46 51 52 47 53 49 70 71 57 62
36
0
47 48 50 46 50 48 69 67 55 64
37
0
46 50 49 48 51 49 67 66 57 69
38
0
45 55 52 50 51 51 73 68 57 70
39
0
45 54 51 48 48 50 66 68 56 71
40
0
45 50 53 47 51 49 72 71 57 67
41
0
43 51 46 48 52 49 72 69 59 65
42
0
42 49 49 46 47 46 72 71 60 70
43
0
48 53 50 51 54 47 66 72 54 62
44
0
41 50 50 47 49 50 72 69 52 72
45
0
45 51 55 47 50 50 68 73 53 67
46
0
46 48 48 50 50 50 71 69 56 65
47
0
46 53 51 50 58 51 67 67 54 69
48
0
46 53 52 46 50 50 68 71 58 66
49
0
45 52 49 43 53 49 70 69 57 67
50
0
44 51 49 46 52 49 68 74 51 67
51
0
48 51 50 50 48 55 69 68 56 65
52
0
45 51 53 48 56 51 71 70 57 64
53
0
44 49 48 44 50 50 71 68 54 66
54
0
48 52 51 49 55 53 67 68 58 62
55
0
46 52 49 48 50 53 67 68 57 69
56
0
50 49 50 48 54 48 67 67 56 65
57
0
42 51 49 51 52 51 72 67 54 68
58
0
47 51 48 49 53 48 69 72 58 70
59
0
45 48 51 49 51 48 70 71 53 70
60
0
47 50 48 49 51 49 71 70 55 71
61
0
44 51 50 49 53 54 72 69 57 67
62
0
45 51 48 50 49 46 71 67 58 72
63
0
48 54 49 47 51 46 74 71 52 69
64
0
45 49 52 51 53 50 71 70 56 66
65
0
46 52 56 42 50 52 65 69 55 69
66
0
44 51 48 50 49 49 72 68 50 72
67
0
46 55 49 50 47 52 69 69 49 66
68
0
47 51 50 49 51 52 66 69 56 65
69
0
45 48 51 50 53 51 72 74 57 65
70
0
45 54 48 52 51 50 71 67 57 71
71
0
49 49 54 48 50 49 69 70 55 68
72
0
49 54 46 45 50 47 68 69 58 71
73
0
46 51 52 46 51 51 71 68 58 67
74
0
46 49 45 48 54 52 70 69 55 68
75
0
44 51 50 49 51 47 70 68 58 71
76
0
46 50 54 49 51 50 70 66 56 68
77
0
45 53 54 49 51 52 63 74 54 64
78
0
44 52 51 47 50 49 73 72 52 67
79
0
45 51 48 46 50 52 69 69 53 70
80
0
46 54 51 48 55 49 69 71 52 66
81
0
41 52 49 48 54 48 70 68 56 69
82
0
44 51 51 50 55 50 73 69 58 70
83
0
45 53 48 47 53 48 68 72 57 65
84
0
48 55 48 46 50 49 72 69 52 69
85
0
46 52 50 52 53 54 70 70 55 68
86
0
44 54 49 50 59 49 68 69 53 70
87
0
44 53 54 48 53 51 68 70 56 62
88
0
41 53 52 46 52 47 65 64 55 65
89
0
45 52 50 45 48 49 70 71 55 70
90
0
48 54 53 49 54 49 69 70 57 67
91
0
45 49 49 45 48 51 70 68 51 67
92
0
47 55 48 46 55 49 71 68 53 69
93
0
44 55 49 49 48 53 70 68 53 65
94
0
40 51 51 48 51 48 66 71 54 68
95
0
44 53 53 47 48 49 68 64 52 64
96
0
50 47 51 45 53 53 65 70 60 69
97
0
48 53 52 48 55 53 70 66 57 69
98
0
44 55 50 46 52 50 68 69 53 66
99
0
46 48 46 49 52 52 68 72 58 66
100
0
44 50 46 48 50 49 72 70 54 67
101
0
45 53 46 47 48 49 66 72 53 67
102
0
44 54 50 46 52 49 69 68 56 69
103
0
48 54 51 47 53 52 66 74 57 67
104
0
43 50 54 48 51 51 67 73 55 69
105
0
47 51 55 50 51 45 70 68 58 67
106
0
44 54 53 49 54 50 71 71 57 66
107
0
44 48 53 48 52 48 68 68 55 69
108
0
43 50 54 46 54 52 70 68 55 66
109
0
48 51 50 48 52 48 72 70 59 71
110
0
46 51 51 47 52 48 69 71 59 68
111
0
47 48 52 47 52 52 70 68 51 66
112
0
45 52 52 45 51 48 68 68 54 68
113
0
47 51 50 47 49 51 66 67 59 62
114
0
45 55 51 44 53 50 65 68 57 67
115
0
45 50 51 46 51 51 67 68 56 66
116
0
43 49 52 46 48 53 64 64 54 72
117
0
47 50 51 44 51 47 68 68 57 72
118
0
43 54 50 49 50 49 67 67 54 65
119
0
42 50 49 50 50 48 68 71 54 66
120
0
48 51 49 49 52 51 69 71 53 68
121
0
45 49 50 51 54 52 70 70 53 64
122
0
49 53 53 47 50 51 65 71 56 67
123
0
43 53 49 51 50 49 68 72 51 69
124
0
45 48 50 50 52 50 68 67 57 64
125
0
47 53 49 48 54 52 63 70 54 66
126
0
45 51 55 49 50 51 69 63 55 67
127
0
43 55 50 45 51 48 68 69 52 67
128
0
48 53 50 47 50 48 70 68 53 72
129
0
42 49 52 48 52 48 71 69 57 66
130
0
43 51 52 50 50 53 74 68 57 61
131
0
45 56 52 47 57 45 66 69 58 69
132
0
44 51 50 51 49 52 68 67 57 71
133
0
46 52 52 49 54 48 76 66 58 66
134
0
46 53 51 46 51 49 66 66 51 65
135
0
45 53 47 48 52 51 70 69 53 67
136
0
50 48 53 45 50 51 62 68 55 66
137
0
45 51 53 47 51 48 71 67 57 69
138
0
48 54 53 48 52 51 68 69 51 72
139
0
49 49 50 48 50 50 65 74 59 65
140
0
47 46 48 52 51 48 66 75 54 67
141
0
43 51 55 49 51 53 69 72 56 67
142
0
48 52 52 48 47 54 67 66 55 64
143
0
49 49 52 47 49 51 69 72 50 68
144
0
47 51 51 48 50 46 69 67 56 72
145
0
46 53 50 47 49 51 72 71 54 65
146
0
43 54 48 47 52 44 71 72 56 68
147
0
48 54 53 43 54 46 75 71 57 68
148
0
42 58 48 49 51 46 69 66 53 65
149
0
46 55 52 51 51 50 65 69 56 69
150
0
45 52 50 48 52 50 72 72 57 67
151
0
43 50 47 50 55 48 67 70 52 65
152
0
44 53 46 48 54 49 72 70 54 69
153
0
52 49 48 49 52 50 73 69 52 67
154
0
47 50 50 50 49 49 70 71 58 65
155
0
49 55 50 50 49 49 72 70 55 70
156
0
45 50 52 49 53 52 65 64 58 67
157
0
44 52 46 51 52 54 65 70 58 67
158
0
45 50 53 44 52 47 68 64 56 66
159
0
44 48 50 50 49 47 74 65 56 68
160
0
44 52 51 45 52 47 70 66 60 68
161
0
45 48 55 51 53 53 68 70 60 70
162
0
47 47 49 47 51 49 68 69 54 68
163
0
43 51 50 45 53 53 66 71 55 66
164
0
47 53 54 48 51 50 68 71 59 68
165
0
48 53 50 49 51 49 74 69 59 69
166
0
47 53 48 49 53 53 70 68 57 65
167
0
45 53 54 45 50 50 73 70 58 64
168
0
45 50 48 51 49 45 71 71 55 70
169
0
45 49 51 46 53 52 66 73 57 66
170
0
45 48 58 49 51 50 74 66 61 67
171
0
45 50 49 49 49 49 69 68 53 65
172
0
46 49 50 46 54 50 72 73 57 69
173
0
47 47 49 44 52 49 61 71 53 71
174
0
46 50 52 44 47 51 70 70 55 71
175
0
43 47 49 48 51 49 70 70 53 66
176
0
46 53 57 48 51 52 69 69 58 67
177
0
46 49 52 46 51 50 70 76 56 64
178
0
42 51 53 46 55 50 69 69 55 66
179
0
46 53 50 49 50 47 68 73 55 66
180
0
43 52 49 47 54 51 70 67 53 64
181
0
45 50 51 49 50 50 68 69 59 65
182
0
44 54 47 48 50 49 67 70 53 66
183
0
47 51 48 45 49 48 70 72 58 68
184
0
44 56 49 47 51 51 66 69 56 67
185
0
46 51 48 49 48 46 68 72 57 65
186
0
48 50 51 47 50 51 72 69 52 65
187
0
45 53 49 50 51 50 66 71 57 66
188
0
45 55 50 48 49 46 71 73 56 67
189
0
46 56 47 49 51 51 70 73 56 72
190
0
46 54 51 50 50 50 68 70 54 66
191
0
46 50 49 47 53 46 69 66 56 65
192
0
44 54 51 48 48 49 66 66 54 69
193
0
46 47 51 49 50 50 69 71 58 64
194
0
42 50 51 47 51 55 70 67 54 66
195
0
46 50 51 52 51 46 70 71 55 65
196
0
45 50 51 51 50 52 68 64 60 66
197
0
46 50 52 47 47 53 68 68 58 68
198
0
42 48 53 47 56 50 70 70 55 66
199
0
46 53 49 48 52 49 66 68 55 67
