100
10
28303
0
0
46 71 44 43 60 55 40 79 35 50
1
0
49 49 43 62 44 52 57 40 46 52
2
0
46 45 65 52 49 53 55 30 49 68
3
0
40 43 48 64 37 49 32 43 49 48
4
0
42 37 39 57 53 63 59 54 44 59
5
0
58 61 54 59 58 39 54 53 56 40
6
0
54 47 43 37 66 41 35 46 55 41
7
0
49 39 37 53 53 58 73 61 54 67
8
0
44 46 39 41 51 53 54 47 41 35
9
0
60 58 50 49 48 44 51 59 47 42
10
0
49 55 50 43 58 39 43 43 57 47
11
0
60 51 44 50 64 69 43 42 29 50
12
0
51 49 58 49 44 47 47 57 35 45
13
0
58 38 46 56 33 54 55 46 67 46
14
0
46 61 52 40 53 45 64 44 50 33
15
0
47 65 57 55 65 42 24 52 32 54
16
0
48 48 38 30 41 56 54 33 35 44
17
0
51 40 59 50 32 44 42 60 46 38
18
0
47 45 28 37 54 50 38 47 49 55
19
0
34 39 44 35 49 49 65 66 47 35
20
0
36 50 38 92 50 37 61 74 59 42
21
0
51 44 47 67 34 64 56 40 46 45
22
0
50 54 21 63 42 42 49 52 40 52
23
0
58 48 46 42 37 43 48 38 45 58
24
0
56 56 51 35 52 63 38 39 47 50
25
0
47 63 42 48 54 59 44 52 58 49
26
0
62 54 60 68 52 58 41 40 55 45
27
0
43 40 28 61 54 73 54 33 67 50
28
0
40 43 49 45 51 75 77 54 42 67
29
0
35 34 59 61 40 52 47 46 50 46
30
0
42 43 45 39 59 41 56 56 83 52
31
0
48 52 62 58 49 53 71 29 49 52
32
0
64 68 47 51 48 64 61 49 57 37
33
0
68 42 55 58 69 48 41 43 33 48
34
0
51 55 58 56 41 51 42 55 47 58
35
0
24 45 58 62 48 38 56 69 58 54
36
0
38 55 62 41 45 43 68 70 52 60
37
0
61 35 37 66 57 46 44 43 60 52
38
0
51 51 70 50 68 70 52 59 40 40
39
0
51 44 48 50 57 57 38 55 46 35
40
0
63 47 56 51 44 52 37 64 43 55
41
0
57 50 49 45 56 52 48 38 36 58
42
0
43 43 65 37 52 39 64 85 48 54
43
0
76 41 62 44 53 51 60 67 40 41
44
0
57 64 45 46 37 43 46 41 70 57
45
0
71 45 39 45 58 62 60 66 54 53
46
0
55 46 50 45 52 39 53 43 55 40
47
0
82 50 37 41 40 33 47 59 53 53
48
0
61 47 58 44 49 49 46 48 38 65
49
0
47 66 36 50 57 35 57 41 47 46
50
0
62 49 56 36 45 54 42 36 46 38
51
0
54 59 49 63 47 50 66 43 42 49
52
0
55 51 52 47 51 51 36 48 49 42
53
0
55 37 51 44 39 58 48 32 63 67
54
0
49 52 60 48 56 66 57 44 49 47
55
0
55 66 55 47 40 69 44 57 42 43
56
0
44 62 40 43 45 55 42 60 43 52
57
0
34 51 63 51 65 65 53 62 49 47
58
0
36 36 58 41 57 70 41 46 45 48
59
0
36 50 41 42 63 54 52 46 67 45
60
0
45 71 56 32 49 52 53 55 39 45
61
0
41 56 39 58 40 42 41 48 50 51
62
0
38 43 69 56 72 39 55 52 67 64
63
0
43 54 56 65 48 49 57 52 50 58
64
0
37 47 57 37 56 60 58 54 51 58
65
0
43 75 35 57 56 48 63 51 34 40
66
0
58 53 55 51 57 62 49 55 42 36
67
0
57 48 62 54 46 48 56 54 58 40
68
0
54 39 53 38 40 55 53 36 58 44
69
0
43 68 54 45 77 55 60 46 56 50
70
0
45 61 53 41 52 45 45 56 67 33
71
0
53 46 54 48 52 36 57 41 45 58
72
0
48 48 62 37 45 53 53 48 65 46
73
0
62 37 43 51 67 47 64 60 40 38
74
0
53 45 40 39 70 42 55 39 35 47
75
0
51 43 37 36 42 68 52 63 60 48
76
0
45 60 56 42 38 52 61 59 47 62
77
0
59 42 51 44 66 43 52 57 50 51
78
0
46 39 55 44 54 59 40 70 45 43
79
0
62 52 49 54 49 51 55 47 50 33
80
0
41 46 52 36 53 49 38 39 49 66
81
0
47 57 34 36 45 51 50 49 52 52
82
0
52 70 59 68 73 45 63 65 52 44
83
0
66 58 69 49 48 41 51 47 51 41
84
0
61 52 65 68 70 60 60 50 32 54
85
0
45 60 55 45 59 50 59 44 48 69
86
0
54 43 55 50 56 50 54 73 41 60
87
0
70 41 40 68 65 53 43 61 63 55
88
0
54 68 40 50 57 62 70 32 56 39
89
0
51 57 64 62 58 31 40 66 64 43
90
0
71 66 51 42 44 42 47 60 49 62
91
0
43 76 58 46 59 69 36 51 54 56
92
0
45 58 52 47 41 44 61 47 48 55
93
0
47 58 73 44 43 51 42 64 36 52
94
0
42 54 51 62 55 41 33 28 58 63
95
0
50 35 45 52 53 48 46 44 39 65
96
0
76 44 55 53 59 59 63 49 49 57
97
0
46 43 58 42 47 45 52 62 63 41
98
0
30 50 66 60 45 47 39 44 63 53
99
0
53 37 70 65 49 42 60 55 54 54
