100
5
742953
0
0
46 57 59 52 40
1
0
55 45 59 50 66
2
0
64 36 49 57 69
3
0
57 33 43 47 50
4
0
63 48 48 57 48
5
0
56 34 38 67 65
6
0
61 49 41 52 28
7
0
50 66 39 45 53
8
0
41 46 49 52 53
9
0
57 50 63 44 70
10
0
28 30 62 36 55
11
0
37 56 65 51 57
12
0
58 40 45 48 46
13
0
43 42 68 58 38
14
0
47 41 36 67 63
15
0
50 45 62 66 45
16
0
52 52 51 70 44
17
0
56 54 60 51 51
18
0
68 53 53 49 40
19
0
58 39 40 43 48
20
0
54 54 40 55 59
21
0
48 31 51 54 59
22
0
43 64 42 55 57
23
0
44 57 40 47 51
24
0
54 54 46 48 51
25
0
54 53 55 54 50
26
0
46 37 49 33 52
27
0
62 72 67 44 50
28
0
46 54 51 47 33
29
0
50 41 57 53 55
30
0
51 46 49 34 50
31
0
36 41 44 42 41
32
0
42 42 58 55 35
33
0
56 67 43 48 68
34
0
47 46 55 40 44
35
0
49 44 52 38 33
36
0
59 60 42 52 55
37
0
47 61 48 42 51
38
0
56 57 38 40 52
39
0
45 64 37 46 48
40
0
55 56 50 31 43
41
0
73 45 40 47 51
42
0
68 31 53 41 52
43
0
39 56 43 65 51
44
0
54 57 46 47 34
45
0
49 52 54 59 57
46
0
59 35 39 57 65
47
0
34 41 32 41 57
48
0
43 42 40 55 66
49
0
39 47 61 37 46
50
0
46 58 42 46 49
51
0
58 48 48 50 47
52
0
51 48 42 52 58
53
0
42 40 43 44 49
54
0
63 43 60 51 49
55
0
36 40 37 52 53
56
0
36 51 60 79 37
57
0
57 36 44 53 43
58
0
32 41 54 56 54
59
0
53 71 66 44 65
60
0
45 45 56 55 46
61
0
57 42 40 57 58
62
0
51 51 57 52 48
63
0
75 63 47 55 39
64
0
55 60 49 57 54
65
0
50 47 42 43 45
66
0
45 44 39 70 42
67
0
67 31 47 52 55
68
0
49 40 51 61 50
69
0
43 48 52 61 43
70
0
41 68 72 41 35
71
0
45 54 59 54 55
72
0
53 46 81 48 40
73
0
57 47 57 41 49
74
0
42 53 50 45 55
75
0
50 53 50 42 64
76
0
55 57 56 75 49
77
0
50 51 58 49 47
78
0
39 43 55 47 58
79
0
51 38 44 58 53
80
0
28 50 48 57 52
81
0
64 44 61 61 43
82
0
54 47 41 58 47
83
0
50 46 40 37 57
84
0
41 46 50 46 48
85
0
67 48 35 61 41
86
0
54 34 43 37 67
87
0
57 54 63 48 58
88
0
51 37 42 40 34
89
0
69 37 55 38 64
90
0
44 52 42 48 49
91
0
48 46 63 49 47
92
0
47 49 43 53 55
93
0
52 65 58 51 60
94
0
58 49 54 61 44
95
0
43 51 51 52 41
96
0
51 45 34 55 31
97
0
53 52 27 58 44
98
0
55 51 59 70 46
99
0
67 53 55 50 43
