30
20
835080
0
0
65 56 71 54 46 66 51 55 43 60 48 44 67 53 52 43 54 47 55 42
1
0
44 36 47 60 58 66 33 26 49 47 57 54 34 52 60 58 46 53 60 54
2
0
47 55 66 53 81 56 42 54 45 52 63 38 51 58 41 44 55 36 40 38
3
0
68 50 53 45 54 62 51 71 59 59 33 61 53 42 41 63 43 71 51 54
4
0
43 45 43 39 42 38 69 37 46 69 58 49 55 48 45 36 36 47 58 44
5
0
46 46 48 38 41 38 53 57 46 47 74 59 46 61 64 68 44 60 53 70
6
0
32 55 52 58 58 58 46 56 41 36 36 47 41 58 49 49 52 48 47 56
7
0
72 38 49 43 30 47 51 48 53 46 61 53 58 50 66 64 54 35 45 59
8
0
60 48 66 26 52 59 53 49 50 45 48 52 55 34 55 39 53 43 55 37
9
0
54 41 45 49 56 47 49 52 46 44 46 42 34 48 47 62 40 46 39 66
10
0
48 57 55 49 54 56 45 53 53 51 66 51 52 60 43 53 45 51 43 65
11
0
55 46 36 52 48 40 45 60 89 65 62 66 68 40 49 45 50 49 47 63
12
0
54 50 37 54 51 57 44 51 39 55 43 34 47 49 49 51 62 43 79 41
13
0
61 59 51 49 49 47 69 45 68 45 45 52 60 44 60 51 53 48 43 42
14
0
56 41 60 50 50 48 41 59 35 72 59 46 36 49 41 38 45 45 39 47
15
0
45 34 38 49 59 51 43 44 39 45 57 44 39 56 54 32 43 80 49 40
16
0
41 63 49 40 40 39 52 50 46 32 70 47 59 47 72 58 39 33 48 56
17
0
49 52 45 40 46 29 75 59 54 54 48 61 60 43 47 62 44 46 65 42
18
0
46 57 28 28 42 64 75 55 44 57 52 47 47 66 41 51 52 41 58 33
19
0
50 57 46 57 45 48 40 50 67 39 46 57 49 40 40 45 40 33 57 62
20
0
45 55 48 78 34 56 50 65 56 53 58 36 63 52 55 39 33 49 53 57
21
0
61 42 46 42 48 48 33 47 48 57 66 34 46 58 58 54 25 63 60 44
22
0
50 49 40 62 80 54 40 42 54 45 62 54 45 61 48 51 41 49 56 50
23
0
35 57 38 56 63 34 45 40 42 54 64 36 56 56 37 53 53 48 51 42
24
0
43 60 37 43 60 49 49 46 40 49 40 58 51 35 60 42 55 45 44 57
25
0
52 44 43 58 45 50 19 53 47 48 36 46 41 46 53 58 48 41 35 55
26
0
53 70 41 55 61 57 48 60 68 58 51 49 45 40 33 33 45 60 44 33
27
0
38 54 54 67 70 51 56 56 43 48 47 54 38 52 24 50 39 65 54 35
28
0
49 53 57 44 72 66 46 74 55 54 68 45 48 43 62 38 33 49 38 48
29
0
50 72 64 47 41 45 32 60 52 52 43 41 54 50 56 51 63 55 42 64
