100
20
902186
0
0
52 62 44 57 57 59 42 30 39 59 56 34 36 51 33 73 56 47 82 67
1
0
36 45 42 76 41 38 72 39 66 41 65 43 52 49 54 60 59 56 57 43
2
0
32 61 37 53 57 46 47 40 41 36 58 38 59 49 59 61 56 49 70 50
3
0
50 46 60 39 58 48 40 58 64 59 40 57 51 52 65 52 45 61 29 41
4
0
45 56 55 75 57 49 47 43 61 43 57 43 35 58 50 43 47 37 58 59
5
0
46 44 58 65 36 51 46 58 61 56 36 39 54 68 53 48 44 71 51 44
6
0
62 40 42 59 46 70 37 43 48 40 45 63 51 50 56 68 55 47 49 51
7
0
44 59 44 41 48 43 56 63 51 42 62 54 72 55 36 45 31 58 52 35
8
0
55 33 35 43 37 35 37 42 67 73 45 69 58 55 48 53 52 50 54 48
9
0
60 41 48 51 47 52 42 74 53 65 54 70 55 59 44 54 52 46 51 45
10
0
37 56 47 51 40 69 52 52 43 37 55 58 47 44 47 53 74 42 44 42
11
0
43 40 49 52 51 48 55 60 46 64 59 56 53 33 56 43 40 44 53 35
12
0
59 49 61 38 78 52 48 74 43 56 60 36 66 39 33 46 53 64 52 51
13
0
64 46 46 50 47 53 58 55 37 49 51 49 44 64 71 49 38 63 53 50
14
0
62 49 45 51 38 50 54 51 46 53 53 56 51 41 50 53 38 68 59 51
15
0
32 51 41 50 47 45 52 49 61 39 55 40 30 50 44 52 32 80 48 35
16
0
48 58 54 62 36 64 49 40 54 58 48 54 69 53 37 44 43 55 53 49
17
0
47 55 49 38 40 52 63 47 58 38 49 43 71 47 54 34 44 57 58 42
18
0
46 45 65 64 47 40 42 48 43 55 54 33 47 56 42 47 36 47 58 52
19
0
55 60 47 53 53 49 57 49 55 53 53 54 55 41 36 50 46 46 69 42
20
0
48 53 77 52 49 76 56 34 41 50 41 56 47 57 54 52 49 47 37 54
21
0
47 24 49 32 52 42 63 46 42 64 49 49 52 57 40 35 52 41 58 50
22
0
51 46 43 39 55 60 53 34 49 59 46 36 51 43 51 40 48 65 54 47
23
0
56 36 45 53 39 44 53 64 51 46 43 38 49 50 30 41 63 47 45 49
24
0
56 51 47 48 63 37 57 35 77 43 52 30 33 65 44 35 43 47 44 34
25
0
34 37 41 50 59 54 47 31 45 36 39 53 54 48 43 55 39 49 61 60
26
0
42 51 46 62 42 47 31 40 37 50 61 48 52 58 39 59 63 47 66 41
27
0
36 55 52 42 56 42 61 43 44 63 71 35 41 64 49 58 53 48 46 38
28
0
51 45 52 65 55 43 51 52 51 45 64 61 41 31 40 46 35 65 40 46
29
0
50 54 54 52 54 43 44 37 51 65 40 43 45 44 45 57 48 40 61 62
30
0
60 42 43 41 58 52 54 60 42 40 60 55 51 55 54 32 53 36 69 45
31
0
68 42 55 54 41 59 65 75 43 51 46 40 45 46 55 51 52 52 70 51
32
0
58 43 47 46 33 46 48 59 40 58 47 59 44 58 69 47 41 64 69 62
33
0
56 46 51 44 57 44 41 58 48 49 38 75 40 51 52 57 67 58 53 56
34
0
70 56 43 47 62 70 45 31 61 40 48 37 55 58 37 53 37 57 40 48
35
0
54 66 33 59 60 35 47 62 47 37 38 57 49 71 41 42 39 58 34 37
36
0
45 45 56 56 44 56 35 53 55 38 39 64 31 45 45 55 42 55 43 55
37
0
55 58 46 52 36 52 56 42 42 47 44 49 48 41 62 59 50 53 65 31
38
0
40 41 56 49 57 40 45 45 43 61 62 56 35 38 59 50 41 39 41 67
39
0
51 41 43 65 56 63 77 64 50 49 56 43 46 47 43 49 47 40 61 42
40
0
67 44 53 58 51 69 41 52 47 47 43 64 58 61 51 40 35 40 39 47
41
0
49 57 65 53 62 52 43 38 56 49 49 52 38 35 46 51 33 32 40 56
42
0
49 47 55 54 73 70 53 51 47 67 56 56 49 65 46 66 55 56 39 32
43
0
53 52 62 32 55 49 42 41 35 55 36 45 43 58 47 49 41 55 52 43
44
0
60 71 60 61 54 56 46 57 58 44 59 49 70 34 43 53 40 38 51 57
45
0
47 52 58 42 33 74 51 54 70 50 47 39 45 37 41 53 65 58 47 53
46
0
67 61 41 40 58 63 45 59 39 61 56 68 42 36 51 49 89 49 40 77
47
0
36 52 44 56 36 41 51 32 54 74 34 37 40 45 54 45 63 57 56 59
48
0
43 52 69 59 43 60 43 37 37 40 45 29 70 58 57 67 51 59 58 38
49
0
45 45 66 43 51 53 32 32 45 50 39 39 41 50 41 37 41 47 39 60
50
0
43 55 54 56 45 52 45 54 46 73 44 57 39 58 53 60 56 53 54 49
51
0
62 58 42 69 46 38 44 56 43 44 42 37 54 47 54 59 49 43 55 46
52
0
44 49 56 55 42 32 59 47 48 41 52 59 62 59 46 52 54 60 59 44
53
0
61 54 37 59 52 38 45 49 54 51 50 49 41 44 38 61 54 43 70 65
54
0
44 58 53 53 36 53 60 56 51 63 62 57 42 63 51 46 51 49 51 51
55
0
43 59 53 58 45 87 67 59 57 75 51 45 51 42 54 65 58 48 45 46
56
0
52 45 42 46 52 59 48 42 56 47 53 51 52 43 38 56 51 45 57 43
57
0
45 48 44 60 35 54 44 34 76 34 54 46 45 58 46 37 49 41 41 37
58
0
57 34 53 46 40 57 37 45 50 48 47 52 61 62 65 63 45 56 48 43
59
0
59 42 58 46 45 48 71 46 48 48 44 37 35 49 60 54 68 46 45 49
60
0
65 50 69 33 50 34 27 38 63 52 46 64 54 40 53 41 59 48 73 50
61
0
44 50 53 56 31 53 48 41 31 34 58 47 60 69 40 37 46 56 62 55
62
0
46 34 53 50 34 49 44 67 49 53 47 48 41 56 69 58 52 43 56 41
63
0
43 53 34 56 32 63 46 57 46 41 46 53 62 50 68 56 57 40 31 37
64
0
48 50 49 41 74 52 35 56 51 44 58 64 47 46 61 46 46 53 44 71
65
0
33 44 44 49 47 56 49 58 42 46 54 46 49 42 41 53 56 57 49 68
66
0
40 52 48 56 51 50 61 55 67 44 52 46 34 57 35 57 56 53 51 49
67
0
60 47 54 45 38 44 52 45 59 63 48 62 71 31 53 68 70 39 42 59
68
0
58 44 53 47 52 45 36 61 59 51 40 58 48 44 41 39 49 64 34 32
69
0
55 46 49 43 35 52 38 47 57 36 60 50 36 44 53 42 62 35 38 54
70
0
49 52 46 40 39 40 45 59 41 53 43 71 62 54 50 68 54 56 41 59
71
0
49 47 72 50 53 46 56 70 75 45 43 30 60 56 41 62 68 44 46 51
72
0
49 67 66 46 52 43 58 45 43 67 48 53 43 52 51 36 63 51 53 50
73
0
34 60 44 47 50 45 42 40 54 69 50 51 46 59 51 49 56 43 56 74
74
0
41 49 35 32 45 45 60 48 53 26 64 47 46 59 54 46 70 34 46 48
75
0
42 68 48 49 45 39 38 33 86 51 56 48 39 47 46 89 48 28 30 52
76
0
67 32 54 51 59 62 58 48 40 37 61 50 50 46 45 63 47 45 61 34
77
0
50 36 38 64 55 53 63 44 51 39 42 55 51 55 60 56 30 53 69 36
78
0
40 37 67 38 44 43 59 53 61 56 61 76 19 46 41 57 38 39 28 47
79
0
46 54 31 49 45 40 44 62 48 71 51 34 44 46 67 55 41 57 48 36
80
0
41 49 31 57 45 44 55 40 53 58 57 66 42 63 75 30 40 53 49 57
81
0
35 54 38 46 54 49 51 54 38 53 54 65 42 46 59 50 57 58 46 50
82
0
47 44 63 56 45 41 54 45 61 44 38 41 51 51 45 54 56 68 54 66
83
0
49 50 39 49 37 51 34 66 53 46 69 51 36 76 80 60 50 57 49 39
84
0
62 51 39 59 55 41 68 54 30 60 57 43 66 48 45 47 76 70 50 43
85
0
36 53 32 42 59 38 53 32 50 55 45 39 55 60 31 42 46 41 52 49
86
0
61 45 45 29 61 52 44 55 55 70 48 47 43 49 51 48 38 54 33 43
87
0
58 52 62 56 64 53 43 51 61 43 58 47 57 36 42 33 44 53 38 39
88
0
50 49 53 38 52 70 55 43 50 48 52 58 46 47 49 47 57 51 46 52
89
0
52 38 64 66 58 64 51 42 40 62 48 42 57 52 60 45 30 45 37 55
90
0
56 56 68 43 51 39 50 40 66 52 49 40 62 42 54 53 46 57 40 56
91
0
48 51 40 72 45 41 49 64 48 52 39 41 52 59 55 29 42 41 54 69
92
0
65 48 29 40 64 61 48 53 66 53 54 61 47 52 56 42 49 37 60 63
93
0
49 29 46 74 54 55 37 39 33 60 53 67 51 46 58 49 44 43 54 67
94
0
44 36 58 70 45 47 54 51 51 56 60 64 71 29 58 55 44 32 36 51
95
0
52 55 49 40 45 62 63 36 54 62 64 41 53 51 51 56 50 58 62 47
96
0
79 66 52 59 54 61 33 40 41 54 57 57 48 56 65 78 41 65 50 55
97
0
55 54 42 74 52 60 51 53 36 48 54 60 73 39 68 49 44 51 45 60
98
0
52 41 59 64 38 36 59 53 58 57 35 57 29 33 47 38 50 47 63 70
99
0
55 68 56 44 43 55 75 69 55 51 45 53 71 52 56 63 74 64 35 50
