30
20
835080
0
0
65 67 72 69 67 72 69 70 67 71 68 67 73 70 70 67 70 68 70 67
1
0
44 40 42 45 45 47 40 38 42 42 44 43 39 43 45 44 42 43 45 44
2
0
47 49 52 50 56 52 49 52 50 51 54 48 51 53 49 50 52 48 49 48
3
0
68 67 68 66 68 71 68 73 71 71 64 72 70 67 66 72 67 74 69 70
4
0
43 42 41 40 40 39 45 39 40 45 43 42 43 42 41 39 39 41 43 40
5
0
46 45 46 43 43 42 45 46 44 44 49 47 44 47 48 49 44 48 46 50
6
0
32 34 34 36 36 36 34 36 33 32 32 34 33 36 34 34 35 34 34 35
7
0
72 67 69 67 62 66 67 67 68 66 70 68 69 68 71 71 69 64 67 70
8
0
60 59 64 54 60 62 61 60 60 59 59 60 61 56 61 57 60 58 61 56
9
0
54 51 51 52 53 51 52 52 51 50 51 50 48 51 51 54 49 50 49 54
10
0
48 51 51 50 51 52 49 51 51 51 54 51 51 53 50 52 50 51 49 54
11
0
55 54 51 54 53 51 52 55 61 57 57 58 59 53 55 54 55 55 54 58
12
0
54 54 51 54 54 55 52 54 51 54 52 49 52 53 53 53 56 51 59 51
13
0
61 64 62 62 62 61 67 61 67 62 62 63 65 62 65 63 64 63 61 61
14
0
56 53 57 56 56 55 53 57 52 60 58 55 52 55 53 52 54 54 52 54
15
0
45 41 40 42 44 43 41 42 40 41 44 41 40 43 43 38 40 47 42 40
16
0
41 45 43 40 40 39 42 41 41 38 45 41 43 41 46 43 39 38 41 43
17
0
49 50 48 47 48 43 53 50 49 50 48 51 51 48 48 52 48 48 52 48
18
0
46 48 41 39 42 46 49 46 43 46 45 44 44 48 43 45 45 43 46 41
19
0
50 53 51 53 50 51 49 51 55 49 50 53 51 49 49 50 49 47 52 53
20
0
45 47 46 52 44 48 47 50 49 48 50 45 50 48 49 45 44 47 48 49
21
0
61 58 58 57 58 58 54 57 57 60 62 54 57 60 60 59 52 61 61 57
22
0
50 50 47 52 56 52 49 49 52 50 53 52 50 54 51 51 49 51 52 51
23
0
35 37 34 37 38 33 35 34 34 36 38 33 37 37 33 36 36 35 36 34
24
0
43 46 42 42 46 44 44 43 42 43 41 45 44 40 45 42 44 42 42 45
25
0
52 50 49 52 49 50 42 50 49 49 46 48 47 48 49 50 48 47 45 50
26
0
53 58 53 56 57 57 55 58 60 58 57 56 55 54 52 52 55 58 54 51
27
0
38 40 40 43 44 41 42 42 40 41 41 42 39 42 35 41 39 44 42 38
28
0
49 50 52 49 55 54 51 57 53 53 56 51 52 51 55 50 48 52 49 52
29
0
50 56 57 54 52 53 49 55 54 54 52 51 54 53 55 54 56 55 52 56
