20
20
537966
0
0
47 45 57 53 44 45 76 34 39 36 23 59 33 52 37 58 58 50 46 43
1
0
52 52 69 56 56 39 42 63 69 36 55 39 52 48 57 43 37 49 64 56
2
0
50 43 56 41 48 55 53 52 45 48 57 57 32 59 59 45 53 60 61 82
3
0
55 40 39 44 44 47 34 47 46 44 55 50 42 43 55 53 45 45 41 43
4
0
74 53 44 36 37 52 42 68 38 40 49 37 53 61 51 66 60 45 56 49
5
0
47 61 56 49 40 46 43 48 70 50 47 45 45 37 57 45 53 35 47 45
6
0
60 38 47 38 50 47 56 56 46 45 73 56 48 51 36 41 45 41 56 37
7
0
67 48 28 53 67 56 59 58 40 46 42 49 49 49 41 37 38 44 62 37
8
0
64 51 47 43 57 49 48 43 59 59 48 52 56 52 51 51 34 42 46 43
9
0
54 48 74 60 42 59 62 46 42 62 50 54 42 43 38 69 53 43 61 54
10
0
46 53 47 41 46 50 58 42 55 55 47 36 68 44 60 62 58 40 58 40
11
0
42 40 43 66 66 37 56 36 29 65 47 60 47 48 52 38 39 70 60 49
12
0
32 70 63 34 36 49 47 44 56 52 52 51 54 61 40 45 58 65 29 49
13
0
39 47 56 53 47 66 46 55 38 36 52 47 40 64 58 50 45 63 56 61
14
0
37 46 52 49 28 39 59 68 33 57 41 73 56 49 46 51 41 61 30 48
15
0
36 60 42 57 49 45 61 61 51 54 44 47 72 44 41 46 44 50 45 54
16
0
62 30 59 60 53 64 58 74 37 47 50 49 25 58 57 34 42 37 45 39
17
0
57 45 68 69 42 60 41 46 41 49 49 47 25 52 50 44 50 61 45 58
18
0
51 57 47 49 51 45 59 51 38 57 37 74 54 50 52 56 40 59 42 59
19
0
40 29 44 61 49 67 57 49 39 64 60 53 64 35 49 57 55 44 51 47
