200
10
247486
0
0
44 46 57 42 43 32 48 48 37 63
1
0
61 54 44 53 29 47 44 32 45 48
2
0
47 53 48 35 44 54 65 49 35 55
3
0
42 55 56 37 84 48 64 46 51 65
4
0
48 43 54 59 24 65 57 50 59 59
5
0
31 57 62 46 72 41 40 46 42 37
6
0
63 59 71 65 36 52 55 47 54 44
7
0
52 63 61 55 56 47 56 55 48 56
8
0
43 52 50 53 50 46 61 41 48 44
9
0
50 84 51 43 35 45 35 39 35 40
10
0
52 41 67 65 55 40 63 41 31 42
11
0
53 67 57 57 36 49 68 60 51 101
12
0
41 50 74 56 62 52 53 45 48 51
13
0
50 37 72 47 50 41 47 41 60 50
14
0
51 70 41 40 34 63 52 47 50 57
15
0
49 52 43 42 58 53 41 36 74 41
16
0
31 64 47 42 31 50 73 62 65 45
17
0
46 33 56 35 34 51 67 65 70 52
18
0
58 52 48 55 51 35 51 51 54 50
19
0
57 65 45 39 44 51 57 67 32 42
20
0
53 30 38 37 42 61 48 57 43 56
21
0
66 52 39 44 56 48 51 55 73 54
22
0
51 55 61 54 70 51 41 44 52 45
23
0
33 53 62 40 58 38 59 36 51 45
24
0
58 62 67 51 45 40 53 59 46 60
25
0
47 59 61 50 62 37 68 36 48 37
26
0
49 43 66 48 50 49 63 48 51 46
27
0
49 30 45 40 56 49 58 30 31 48
28
0
59 59 54 54 66 49 45 61 56 65
29
0
49 47 38 48 57 36 43 53 62 37
30
0
60 51 43 49 51 50 54 44 50 43
31
0
55 35 45 50 47 40 33 49 43 80
32
0
52 58 41 32 41 53 39 35 51 72
33
0
43 27 65 47 43 49 48 34 44 49
34
0
73 46 64 53 43 52 63 51 55 51
35
0
35 43 56 38 39 46 54 63 43 43
36
0
41 47 53 56 66 61 58 69 37 38
37
0
50 37 36 54 59 58 63 52 61 56
38
0
47 40 52 61 47 54 42 54 53 57
39
0
52 62 57 53 62 62 37 58 48 53
40
0
45 53 41 48 48 34 56 53 84 54
41
0
46 39 69 55 63 28 46 50 58 53
42
0
55 55 37 62 34 51 57 61 51 67
43
0
41 43 61 56 36 46 46 59 39 44
44
0
61 45 59 41 58 62 38 44 66 59
45
0
52 33 49 51 50 63 45 53 42 47
46
0
48 45 59 47 55 42 51 64 43 57
47
0
53 66 49 82 45 58 49 63 41 46
48
0
42 53 68 43 47 51 55 49 39 58
49
0
64 47 40 46 47 48 66 33 64 63
50
0
59 39 56 43 40 48 57 56 61 43
51
0
43 34 52 54 29 56 49 41 74 73
52
0
61 54 40 50 53 39 47 59 44 48
53
0
48 62 49 83 65 57 40 43 45 56
54
0
53 34 41 57 71 52 65 46 50 46
55
0
61 56 37 76 48 53 62 36 37 48
56
0
46 64 34 60 63 35 42 39 52 45
57
0
40 61 44 43 42 63 58 44 54 65
58
0
44 58 45 68 45 49 58 62 40 60
59
0
50 36 45 52 49 73 64 38 53 55
60
0
47 37 59 53 24 32 51 51 53 43
61
0
47 64 52 39 61 39 44 54 49 54
62
0
59 61 37 48 50 41 40 57 47 49
63
0
57 51 39 50 54 48 51 51 59 51
64
0
42 38 57 52 59 42 59 45 64 68
65
0
48 43 39 50 48 42 37 46 53 32
66
0
58 59 42 47 47 67 39 56 59 44
67
0
56 52 38 63 41 58 44 56 53 47
68
0
36 65 43 48 49 43 46 47 48 49
69
0
50 54 61 31 56 66 38 33 37 38
70
0
47 44 39 58 51 56 47 59 51 60
71
0
54 51 52 53 31 45 47 54 58 41
72
0
59 39 45 55 55 50 82 60 49 47
73
0
59 57 46 45 36 46 41 60 67 38
74
0
51 55 54 43 68 56 56 49 81 52
75
0
46 49 70 48 55 63 56 45 49 64
76
0
66 46 33 48 55 47 51 58 39 71
77
0
33 27 48 41 48 67 49 29 35 61
78
0
51 52 51 55 25 49 51 53 51 49
79
0
60 53 44 62 52 40 47 52 39 49
80
0
64 48 53 49 60 50 47 52 48 35
81
0
42 59 52 66 52 30 53 51 63 41
82
0
68 54 35 39 49 79 45 70 49 53
83
0
68 37 43 55 41 53 52 50 49 40
84
0
75 50 44 50 45 47 49 54 55 37
85
0
42 51 45 45 47 55 48 64 49 60
86
0
39 55 64 50 48 40 72 45 50 35
87
0
58 41 56 43 51 51 39 44 51 56
88
0
48 56 42 47 53 53 56 48 72 49
89
0
48 54 44 46 64 55 57 39 57 36
90
0
58 42 58 72 57 60 51 39 50 46
91
0
46 51 62 58 69 37 35 50 44 40
92
0
53 45 45 41 39 37 44 54 49 52
93
0
57 50 58 36 67 51 49 75 45 50
94
0
54 59 64 47 55 52 52 57 35 37
95
0
45 46 44 58 74 52 52 52 50 50
96
0
25 54 48 51 42 48 51 79 64 43
97
0
73 43 42 54 61 71 40 61 47 37
98
0
50 39 60 55 40 54 58 40 50 46
99
0
55 36 48 75 34 62 46 65 37 40
100
0
46 46 41 43 51 36 62 58 43 53
101
0
51 49 50 44 62 54 44 67 51 59
102
0
67 34 47 50 56 44 36 50 72 53
103
0
46 59 44 53 39 48 49 49 35 54
104
0
38 56 45 52 52 36 53 47 56 47
105
0
42 42 54 40 72 59 56 48 55 38
106
0
39 49 37 33 53 64 64 40 57 65
107
0
67 65 41 46 59 51 37 50 60 25
108
0
36 42 44 48 59 51 38 47 37 34
109
0
38 51 41 74 46 64 48 34 60 38
110
0
56 52 40 48 42 55 64 58 64 41
111
0
47 49 46 44 53 60 40 35 57 41
112
0
53 42 49 61 43 47 46 41 43 59
113
0
45 47 54 49 59 50 42 61 75 30
114
0
53 44 35 40 41 52 52 54 53 59
115
0
46 52 58 51 53 36 60 52 77 62
116
0
59 41 57 42 28 43 56 58 37 40
117
0
53 44 56 43 59 38 57 49 48 45
118
0
55 61 45 38 54 34 48 80 43 60
119
0
71 64 65 39 28 35 59 30 50 47
120
0
45 63 44 65 55 49 38 37 40 39
121
0
48 43 33 53 57 59 32 60 56 30
122
0
51 46 48 36 53 57 59 40 41 54
123
0
48 59 40 36 38 52 48 49 43 40
124
0
39 68 47 64 58 48 44 42 64 56
125
0
48 55 51 68 51 75 60 52 54 63
126
0
35 51 41 45 45 27 68 46 43 54
127
0
48 48 48 41 61 52 49 55 63 43
128
0
47 47 52 49 41 54 39 44 57 38
129
0
50 62 35 59 55 36 61 68 45 42
130
0
41 61 53 46 62 26 54 44 53 40
131
0
49 47 38 51 50 60 53 32 60 50
132
0
44 35 38 36 49 40 43 55 50 64
133
0
60 76 38 73 65 47 59 38 40 53
134
0
55 48 42 52 45 42 51 58 50 61
135
0
47 46 51 77 27 39 42 53 45 47
136
0
55 47 56 49 57 55 40 62 49 65
137
0
74 65 48 51 48 82 58 54 47 60
138
0
45 41 56 44 51 59 59 55 42 38
139
0
44 48 26 51 62 47 59 43 50 64
140
0
63 64 57 52 69 42 53 45 49 38
141
0
44 38 43 67 66 67 72 50 43 60
142
0
56 50 50 34 45 46 46 54 37 46
143
0
57 45 59 48 53 39 44 42 62 60
144
0
46 68 48 44 43 42 44 36 40 46
145
0
46 60 58 38 55 55 51 48 55 39
146
0
27 58 47 52 38 59 66 40 49 63
147
0
53 58 49 52 38 42 43 60 46 41
148
0
46 48 53 45 62 60 46 50 55 49
149
0
47 33 43 50 53 54 69 33 52 40
150
0
53 44 42 39 52 75 47 38 50 50
151
0
59 41 44 45 44 53 33 54 58 47
152
0
51 64 51 37 50 38 58 63 58 33
153
0
58 40 50 61 51 52 41 43 44 48
154
0
57 53 40 58 65 54 43 58 36 65
155
0
49 45 36 54 52 52 49 44 45 68
156
0
58 58 45 38 42 57 69 49 54 46
157
0
39 35 57 66 52 61 41 54 46 64
158
0
53 47 47 77 45 68 45 52 40 46
159
0
56 48 69 47 46 62 53 39 50 63
160
0
67 52 65 50 64 44 49 52 49 41
161
0
34 28 67 46 50 41 37 62 65 68
162
0
44 59 39 73 35 66 43 54 59 63
163
0
53 57 43 55 44 38 34 45 52 54
164
0
36 50 61 54 45 47 63 43 60 54
165
0
54 61 47 43 57 47 32 40 59 51
166
0
57 39 58 48 39 62 56 43 43 37
167
0
69 57 40 53 58 59 68 59 54 59
168
0
55 35 63 62 47 60 44 73 36 57
169
0
73 63 42 63 50 44 39 44 45 68
170
0
46 44 47 49 45 44 52 44 55 36
171
0
43 63 40 42 48 63 59 50 53 27
172
0
60 46 65 57 66 39 55 37 63 56
173
0
50 49 66 43 38 46 50 81 50 52
174
0
55 41 48 72 26 69 40 58 52 43
175
0
32 36 52 61 48 63 55 57 47 44
176
0
39 58 42 49 58 58 34 52 40 42
177
0
36 50 50 43 61 65 52 60 49 54
178
0
36 77 42 56 44 52 63 47 68 41
179
0
62 43 44 48 47 57 36 60 30 37
180
0
52 45 63 35 40 42 39 52 33 50
181
0
61 46 54 44 54 54 55 49 43 44
182
0
47 46 56 65 63 53 48 32 56 44
183
0
40 56 49 46 50 46 51 43 43 71
184
0
47 54 52 39 64 55 54 52 64 52
185
0
58 40 39 55 45 39 58 43 56 53
186
0
40 52 59 53 43 46 57 41 63 44
187
0
50 45 51 54 37 28 42 45 30 36
188
0
37 54 41 55 58 50 69 69 49 52
189
0
55 42 36 59 57 61 55 47 64 51
190
0
42 54 67 52 40 61 64 44 49 47
191
0
44 39 68 38 46 53 46 62 46 40
192
0
65 39 54 61 48 44 67 34 50 31
193
0
49 58 48 38 57 53 25 62 69 57
194
0
38 54 51 44 71 30 44 48 36 46
195
0
54 51 61 53 49 40 65 52 53 45
196
0
47 34 52 40 28 49 53 56 40 34
197
0
54 58 36 39 77 55 57 34 67 62
198
0
47 37 51 61 47 38 49 70 56 59
199
0
36 65 57 45 45 46 75 47 50 35
