20
20
537966
0
0
47 46 48 48 46 46 52 44 45 44 40 48 42 46 43 48 47 46 45 44
1
0
52 53 58 56 56 52 53 57 59 52 56 52 55 54 56 53 52 54 58 56
2
0
50 48 50 47 48 50 50 50 48 49 51 51 45 51 51 48 50 51 52 56
3
0
55 52 50 51 51 51 48 50 50 50 52 51 49 49 52 51 50 49 49 49
4
0
74 74 71 68 68 71 69 75 68 68 70 67 71 73 71 75 73 70 73 71
5
0
47 51 51 50 47 48 48 49 53 49 49 48 48 46 50 48 50 46 48 48
6
0
60 56 57 54 57 56 58 59 56 56 62 59 57 58 54 55 56 55 58 54
7
0
67 66 59 65 68 66 67 67 63 64 63 65 65 65 63 62 62 63 67 61
8
0
64 64 63 61 65 63 63 62 65 66 63 64 65 64 64 64 60 62 62 62
9
0
54 54 60 59 55 58 60 56 55 59 57 58 55 55 54 61 58 55 59 58
10
0
46 47 46 44 45 45 47 44 47 47 45 42 49 44 48 48 48 44 48 44
11
0
42 40 40 44 45 39 43 39 37 44 41 43 41 41 42 39 39 45 43 41
12
0
32 38 38 33 32 35 34 33 36 35 35 35 36 37 33 34 36 37 31 35
13
0
39 39 41 40 39 43 39 41 38 37 40 39 38 42 41 40 39 42 41 42
14
0
37 37 38 37 32 34 38 40 33 38 35 40 38 37 36 37 35 39 33 36
15
0
36 39 36 39 37 36 40 40 38 39 37 37 42 37 36 37 37 38 37 39
16
0
62 55 61 62 61 63 63 67 58 61 61 61 54 62 62 57 59 57 59 58
17
0
57 55 60 62 56 60 56 57 56 58 58 57 51 58 57 56 57 60 56 59
18
0
51 53 51 51 52 50 53 52 49 53 48 56 53 52 52 53 50 54 50 54
19
0
40 34 36 39 38 41 40 38 36 41 40 39 41 36 38 40 40 38 39 38
