100
10
396888
0
0
55 58 67 56 67 55 50 42 58 63
1
0
53 55 62 55 62 57 49 44 52 59
2
0
53 57 66 54 60 52 52 41 51 60
3
0
51 51 64 59 63 53 46 45 56 61
4
0
54 53 63 54 63 52 49 42 53 59
5
0
54 57 66 56 67 54 47 48 58 62
6
0
55 54 65 56 63 49 52 46 59 57
7
0
49 59 63 58 62 50 48 43 56 63
8
0
51 53 68 57 62 56 49 48 53 63
9
0
51 57 66 57 66 52 46 43 59 60
10
0
48 60 64 54 64 50 52 46 61 61
11
0
52 55 66 59 61 52 53 45 56 55
12
0
49 53 69 53 66 48 49 46 57 60
13
0
48 57 67 58 65 52 50 47 56 58
14
0
48 54 66 54 62 51 50 42 56 59
15
0
53 57 63 57 62 48 50 48 54 63
16
0
51 53 64 55 65 52 46 43 57 65
17
0
50 55 66 56 59 53 50 43 58 56
18
0
57 57 69 53 62 55 51 45 55 60
19
0
49 57 65 57 65 54 52 45 54 60
20
0
51 59 67 57 57 56 49 46 54 63
21
0
49 57 64 54 62 55 50 43 60 57
22
0
48 57 66 58 61 53 47 47 58 62
23
0
50 53 66 57 63 55 48 47 58 60
24
0
50 57 62 55 58 49 46 43 54 61
25
0
47 56 60 54 65 54 46 48 58 62
26
0
50 59 64 57 62 56 48 47 58 57
27
0
50 60 66 58 62 52 51 47 57 63
28
0
54 58 67 59 63 52 51 43 55 58
29
0
52 56 62 55 65 57 51 41 58 58
30
0
50 57 67 56 63 52 49 45 58 61
31
0
53 58 59 54 61 52 45 41 58 61
32
0
53 56 65 56 64 48 46 43 56 59
33
0
51 57 65 54 62 55 51 40 53 59
34
0
48 58 69 53 60 58 51 43 59 58
35
0
53 54 65 57 63 55 50 46 53 62
36
0
54 58 66 59 62 52 47 45 54 61
37
0
51 57 67 56 62 57 48 47 56 56
38
0
48 56 66 53 67 54 52 43 53 60
39
0
52 56 64 53 65 55 49 45 58 60
40
0
52 54 65 51 62 54 50 43 56 56
41
0
52 59 67 55 68 53 51 45 55 60
42
0
49 57 66 56 64 55 47 47 58 62
43
0
48 55 67 55 61 53 48 43 55 62
44
0
50 56 61 57 67 53 47 44 56 63
45
0
51 55 61 55 61 55 47 42 55 65
46
0
50 56 63 55 64 53 49 48 57 64
47
0
47 55 63 54 64 55 47 46 52 60
48
0
49 58 61 59 62 52 49 47 60 62
49
0
51 55 70 50 62 51 53 45 56 61
50
0
50 57 69 56 63 54 49 43 51 62
51
0
47 56 69 54 64 54 49 39 61 62
52
0
49 57 70 59 60 54 50 40 58 59
53
0
50 58 68 57 65 55 50 42 56 59
54
0
53 59 64 57 58 52 45 47 59 60
55
0
48 59 67 56 59 53 48 47 57 59
56
0
53 54 66 58 67 52 49 44 58 58
57
0
49 62 67 53 62 50 52 44 58 60
58
0
50 56 67 52 60 54 49 47 56 54
59
0
54 56 67 54 65 52 51 44 57 59
60
0
52 57 62 58 65 53 48 48 55 62
61
0
55 60 61 57 59 57 50 48 58 61
62
0
53 56 63 58 62 52 51 43 56 60
63
0
47 58 63 56 61 51 49 45 54 56
64
0
50 60 64 52 64 52 48 44 57 62
65
0
51 57 65 58 63 54 51 48 56 56
66
0
52 58 64 58 60 53 52 42 61 59
67
0
52 58 68 54 65 49 48 45 54 57
68
0
47 58 67 59 63 52 51 41 54 59
69
0
52 54 64 55 61 57 50 43 57 63
70
0
52 59 64 56 61 51 53 49 54 57
71
0
53 57 64 57 67 55 47 42 60 60
72
0
52 55 69 52 63 54 50 45 61 59
73
0
49 55 62 56 61 53 51 43 59 60
74
0
52 57 65 54 63 59 47 45 56 58
75
0
51 62 65 57 59 54 51 44 59 60
76
0
51 51 66 58 62 53 50 47 54 58
77
0
58 54 67 61 63 52 51 46 57 60
78
0
50 58 61 53 62 51 49 46 59 63
79
0
53 61 64 56 60 57 47 48 55 58
80
0
53 56 66 54 60 55 51 46 59 61
81
0
48 55 63 59 59 55 52 41 57 61
82
0
49 54 60 57 60 51 47 41 55 59
83
0
52 56 68 54 62 55 52 46 59 59
84
0
51 54 62 54 60 52 49 45 58 64
85
0
52 57 66 58 63 53 50 45 57 61
86
0
52 58 66 55 61 50 45 47 61 60
87
0
50 58 67 56 64 53 48 41 54 59
88
0
50 58 66 56 60 56 51 45 57 60
89
0
52 59 65 54 67 54 49 44 56 61
90
0
53 55 63 55 71 58 48 46 56 55
91
0
50 60 64 57 67 52 49 45 58 60
92
0
53 60 66 58 60 51 51 48 58 62
93
0
53 55 64 57 67 55 47 47 54 61
94
0
48 57 65 54 62 52 50 44 60 57
95
0
52 58 65 57 66 59 49 46 55 63
96
0
48 56 65 57 60 53 49 42 59 56
97
0
52 59 62 53 66 50 47 44 57 56
98
0
54 58 61 54 64 56 48 43 61 64
99
0
49 57 63 56 63 53 47 45 57 63
