200
5
807620
0
0
43 53 63 65 44
1
0
43 57 70 62 45
2
0
43 57 64 65 44
3
0
42 53 69 62 48
4
0
42 52 67 65 43
5
0
42 54 65 59 42
6
0
45 55 72 64 49
7
0
44 54 64 62 46
8
0
43 54 66 63 46
9
0
43 61 68 63 44
10
0
42 54 64 57 48
11
0
45 53 68 60 45
12
0
42 56 63 61 44
13
0
44 56 68 61 48
14
0
44 53 62 58 43
15
0
47 56 65 64 43
16
0
40 58 67 59 46
17
0
41 51 66 66 44
18
0
41 57 67 60 45
19
0
44 55 64 60 43
20
0
41 53 65 63 47
21
0
42 52 68 58 49
22
0
45 54 63 62 50
23
0
42 57 65 63 45
24
0
41 57 62 58 49
25
0
47 56 65 59 44
26
0
46 55 69 63 45
27
0
43 56 66 64 43
28
0
44 51 68 60 45
29
0
43 54 63 60 47
30
0
46 53 68 64 45
31
0
45 54 67 63 42
32
0
45 55 66 60 45
33
0
40 53 69 60 44
34
0
42 55 65 63 42
35
0
45 53 63 62 46
36
0
44 57 68 62 46
37
0
40 58 66 65 46
38
0
44 54 66 62 46
39
0
43 54 69 65 44
40
0
42 54 63 62 44
41
0
39 59 68 63 43
42
0
44 54 62 62 44
43
0
45 55 66 61 46
44
0
41 53 65 60 44
45
0
40 57 64 61 45
46
0
43 57 62 64 47
47
0
46 59 66 62 46
48
0
42 56 63 62 43
49
0
44 49 63 62 50
50
0
43 53 65 59 45
51
0
45 56 66 61 44
52
0
45 57 65 62 43
53
0
40 51 64 61 46
54
0
41 53 68 65 48
55
0
41 57 66 62 46
56
0
46 53 59 60 42
57
0
44 50 68 66 45
58
0
42 52 67 60 47
59
0
44 54 68 67 45
60
0
46 54 67 60 45
61
0
45 56 57 63 51
62
0
44 58 66 60 45
63
0
45 57 65 66 43
64
0
42 57 65 57 44
65
0
42 56 69 62 44
66
0
44 53 67 62 43
67
0
46 52 63 59 48
68
0
44 57 71 67 44
69
0
42 57 65 63 47
70
0
42 54 66 59 45
71
0
41 56 62 64 46
72
0
42 54 69 62 41
73
0
46 56 64 63 44
74
0
42 56 66 59 44
75
0
43 52 65 63 47
76
0
44 59 66 60 45
77
0
42 55 64 61 44
78
0
43 52 66 58 44
79
0
42 53 60 60 46
80
0
41 51 67 62 44
81
0
43 55 63 61 47
82
0
43 55 66 62 43
83
0
43 52 65 60 42
84
0
44 54 63 61 46
85
0
45 57 62 64 43
86
0
45 54 66 61 45
87
0
39 56 67 63 49
88
0
46 52 64 63 48
89
0
43 53 62 64 47
90
0
43 54 68 59 44
91
0
46 52 66 66 46
92
0
43 53 61 63 45
93
0
44 51 66 60 44
94
0
39 54 68 64 45
95
0
40 53 63 60 46
96
0
42 52 67 58 45
97
0
47 55 62 60 43
98
0
41 55 67 58 45
99
0
41 56 60 60 48
100
0
42 55 67 61 47
101
0
42 55 67 61 45
102
0
41 53 64 64 43
103
0
44 55 62 58 46
104
0
43 56 65 61 44
105
0
42 53 64 62 47
106
0
41 58 63 63 46
107
0
44 54 62 60 46
108
0
47 56 61 63 49
109
0
42 59 66 63 48
110
0
43 52 73 65 43
111
0
39 58 65 64 46
112
0
43 55 65 65 48
113
0
43 51 63 63 47
114
0
46 58 62 63 44
115
0
42 52 62 61 42
116
0
43 54 62 68 44
117
0
45 54 65 65 43
118
0
46 53 63 63 44
119
0
44 55 64 62 47
120
0
42 53 67 60 47
121
0
43 54 63 62 42
122
0
46 50 64 62 48
123
0
45 55 68 61 48
124
0
43 56 64 64 48
125
0
41 54 66 64 44
126
0
45 56 63 61 45
127
0
44 53 66 58 44
128
0
43 51 68 63 43
129
0
43 53 67 60 44
130
0
42 57 65 65 45
131
0
42 53 66 66 47
132
0
47 59 64 62 47
133
0
44 52 64 60 46
134
0
45 56 64 66 46
135
0
41 58 62 63 51
136
0
43 53 65 59 45
137
0
43 55 65 61 47
138
0
41 52 68 58 43
139
0
44 53 70 60 45
140
0
41 51 68 62 42
141
0
45 51 61 61 46
142
0
44 49 61 61 46
143
0
45 55 66 59 50
144
0
42 53 69 61 46
145
0
42 54 65 62 47
146
0
41 57 68 61 46
147
0
44 54 66 59 49
148
0
43 53 65 63 44
149
0
41 54 65 61 42
150
0
46 54 68 64 46
151
0
41 57 66 62 43
152
0
44 53 67 58 50
153
0
41 56 67 62 45
154
0
45 57 62 61 45
155
0
41 51 65 61 44
156
0
41 53 65 65 44
157
0
44 58 73 64 46
158
0
45 55 65 62 48
159
0
45 55 67 64 43
160
0
43 57 71 63 50
161
0
44 50 65 61 51
162
0
43 56 66 61 46
163
0
42 53 66 65 46
164
0
45 59 68 62 46
165
0
43 53 62 59 43
166
0
46 55 62 65 46
167
0
41 53 67 61 47
168
0
38 50 67 65 43
169
0
43 55 64 64 46
170
0
41 59 64 57 44
171
0
39 57 68 57 45
172
0
46 53 68 63 45
173
0
43 58 66 65 43
174
0
43 51 63 58 46
175
0
42 61 64 62 47
176
0
42 55 65 66 45
177
0
46 52 66 60 44
178
0
44 53 65 64 43
179
0
42 57 68 63 44
180
0
39 57 63 56 45
181
0
44 56 62 64 45
182
0
43 57 65 62 45
183
0
43 54 63 60 48
184
0
43 52 64 61 48
185
0
42 50 67 63 47
186
0
40 54 66 67 42
187
0
43 55 63 63 46
188
0
40 57 66 60 45
189
0
41 54 62 63 44
190
0
45 56 69 58 39
191
0
44 56 68 62 45
192
0
45 56 67 59 45
193
0
42 53 67 63 46
194
0
43 56 65 59 45
195
0
41 53 63 63 43
196
0
47 52 65 62 43
197
0
41 55 65 59 49
198
0
43 53 68 59 49
199
0
43 55 69 62 44
