100
20
475874
0
0
42 43 40 42 40 43 43 44 45 45 42 45 42 44 39 41 48 43 45 47
1
0
48 46 44 44 45 45 43 45 45 45 47 45 43 46 45 44 39 43 44 48
2
0
30 29 30 29 27 28 28 26 30 28 26 26 27 32 27 30 27 30 28 31
3
0
52 56 58 52 54 55 57 54 53 53 55 53 52 55 57 56 56 53 55 57
4
0
38 38 36 41 37 41 38 37 39 39 38 37 38 40 38 41 39 40 37 37
5
0
47 46 49 49 49 49 46 47 50 49 48 49 48 49 52 51 50 49 49 49
6
0
42 42 43 41 44 42 41 43 43 44 45 42 42 43 42 44 45 44 45 45
7
0
83 88 83 83 77 84 80 78 82 85 86 81 84 83 78 82 79 78 84 83
8
0
39 41 41 42 42 41 42 43 41 45 44 42 44 39 39 40 43 43 43 41
9
0
52 50 49 50 45 50 48 52 46 50 48 51 47 47 48 46 51 49 50 49
10
0
32 33 32 32 30 30 33 32 31 31 30 32 33 29 33 33 30 33 30 33
11
0
45 46 47 41 46 40 46 44 42 45 43 46 48 43 44 46 42 44 46 42
12
0
56 57 58 63 59 59 64 56 61 59 58 58 64 60 60 58 61 59 63 62
13
0
52 55 54 53 54 54 54 56 53 56 56 57 57 53 58 60 53 53 53 56
14
0
41 35 36 37 36 41 38 38 35 40 35 38 41 38 37 36 37 38 38 32
15
0
51 47 50 48 50 47 46 48 46 53 46 48 48 47 47 45 48 48 51 51
16
0
55 51 55 56 53 55 59 55 49 53 58 50 48 53 56 52 54 51 52 53
17
0
39 39 42 41 44 45 41 44 43 43 37 39 46 45 42 42 40 40 46 42
18
0
52 53 56 55 55 56 59 53 59 58 54 56 56 53 56 54 53 53 53 60
19
0
56 55 59 53 58 59 55 57 56 58 56 60 56 53 54 54 56 56 54 55
20
0
35 35 37 35 38 31 33 35 37 35 30 37 35 38 34 35 34 34 34 33
21
0
54 50 57 55 48 51 58 53 51 56 52 55 54 52 56 54 56 54 55 58
22
0
64 56 64 62 63 61 64 64 65 65 62 59 68 67 60 63 60 64 63 61
23
0
56 57 57 58 57 59 61 56 57 62 58 58 58 59 57 54 59 59 58 58
24
0
68 63 74 72 70 74 73 73 70 71 72 69 71 65 70 73 73 68 72 69
25
0
37 32 32 31 33 35 33 33 35 32 34 32 36 35 34 33 35 35 33 32
26
0
46 49 50 45 47 46 50 48 49 47 46 44 47 50 48 46 48 50 50 48
27
0
33 36 33 34 35 35 36 38 36 37 34 34 38 37 34 38 33 37 36 34
28
0
40 42 36 43 40 40 39 40 42 43 39 43 38 38 40 38 41 38 44 39
29
0
48 47 46 47 47 44 50 49 45 44 46 47 47 47 45 47 46 47 51 48
30
0
54 55 51 49 52 51 51 48 54 56 50 56 52 51 50 52 51 50 51 53
31
0
57 56 56 50 57 53 50 59 58 54 52 55 50 54 51 53 55 55 50 53
32
0
59 62 57 58 60 58 62 63 59 59 62 60 59 59 56 59 56 60 61 56
33
0
59 54 57 53 57 51 54 55 56 54 52 53 55 57 54 57 55 53 53 55
34
0
40 39 39 39 39 44 36 42 40 39 40 39 39 41 40 40 38 39 39 38
35
0
39 40 38 40 40 41 41 40 43 44 42 41 41 40 43 43 41 45 46 44
36
0
44 42 44 44 43 47 43 43 44 41 49 47 43 45 45 43 43 43 46 43
37
0
39 34 34 35 36 35 37 37 36 35 35 36 37 35 37 35 36 35 35 39
38
0
40 41 45 41 40 44 40 39 38 38 43 45 40 40 43 42 39 41 43 42
39
0
54 50 56 54 52 51 52 50 51 56 54 48 52 55 54 51 50 54 50 49
40
0
51 53 50 49 45 50 45 51 48 48 48 45 50 46 48 50 50 49 50 51
41
0
52 45 50 46 46 49 47 46 49 49 54 52 48 52 47 49 52 54 53 46
42
0
63 60 56 62 60 60 64 65 59 61 62 63 61 59 62 60 60 64 61 62
43
0
49 53 55 53 53 56 53 51 55 50 48 49 55 53 50 52 52 55 53 53
44
0
41 42 42 44 41 44 43 44 44 42 45 47 42 45 45 47 43 43 42 44
45
0
44 41 45 44 46 41 47 41 46 45 42 45 42 45 44 47 41 44 44 42
46
0
53 57 58 56 59 56 54 54 53 51 56 54 57 60 54 51 54 59 54 54
47
0
50 48 51 51 46 51 46 53 49 53 47 48 47 48 47 51 49 51 49 51
48
0
52 51 52 48 50 45 51 52 53 51 52 53 49 53 57 51 52 54 50 51
49
0
41 44 45 43 44 47 40 45 42 44 45 45 47 42 44 44 40 43 42 40
50
0
29 30 27 31 26 31 28 28 30 25 30 28 31 29 29 28 28 27 31 29
51
0
54 55 54 54 55 51 54 54 56 60 53 53 48 56 56 56 57 56 56 58
52
0
45 47 44 45 44 42 48 43 42 44 46 43 42 44 44 42 44 45 44 44
53
0
45 44 49 50 48 47 47 47 47 48 48 47 51 50 47 47 50 49 46 47
54
0
63 55 59 59 59 58 58 63 58 55 59 59 62 61 59 57 64 62 58 59
55
0
54 53 54 54 53 54 54 57 54 54 55 53 56 50 57 52 54 58 54 54
56
0
64 64 59 61 63 61 64 60 57 61 61 60 62 58 64 62 60 64 65 62
57
0
49 43 47 45 44 43 47 51 42 42 45 48 46 48 52 49 45 48 44 44
58
0
55 55 55 58 58 59 58 60 57 57 56 55 59 58 59 58 57 55 60 55
59
0
48 50 50 50 50 48 49 47 47 51 50 50 50 49 50 47 51 51 56 50
60
0
56 52 51 50 52 54 52 53 49 53 55 53 54 58 51 48 54 51 53 50
61
0
61 54 54 60 62 61 60 61 61 63 61 62 59 55 58 65 57 61 60 58
62
0
49 48 49 52 51 50 50 53 51 53 49 51 52 50 51 54 50 48 51 51
63
0
46 41 46 42 41 42 43 40 44 46 44 44 46 44 45 46 42 46 45 45
64
0
40 40 42 41 45 44 41 46 45 43 43 44 47 39 44 45 43 41 40 42
65
0
46 44 43 46 48 46 45 42 45 45 44 44 44 46 46 49 45 44 46 46
66
0
52 50 57 55 51 54 50 51 54 50 51 52 53 51 52 55 52 56 47 51
67
0
41 42 43 42 41 40 43 44 43 46 44 42 40 42 45 41 40 41 43 40
68
0
29 27 31 29 32 30 28 26 27 31 30 29 27 30 28 27 30 29 31 31
69
0
57 60 57 61 59 64 60 57 56 58 56 60 61 56 61 61 57 60 57 62
70
0
41 38 38 38 43 38 40 43 39 39 38 45 41 39 38 39 40 40 42 39
71
0
48 49 48 48 47 45 44 44 46 46 45 42 47 46 49 45 49 46 48 45
72
0
50 49 48 47 49 47 47 47 46 51 47 48 49 46 49 49 46 46 50 47
73
0
51 51 51 46 44 47 46 51 48 50 47 47 50 47 48 49 54 51 49 47
74
0
52 56 52 53 51 49 50 52 50 50 54 52 53 54 50 51 52 51 52 48
75
0
42 43 44 46 43 44 44 43 45 46 48 45 44 48 45 43 45 46 43 41
76
0
59 58 56 58 58 59 58 59 54 60 58 56 57 55 59 58 58 58 58 57
77
0
57 58 59 55 55 55 51 58 61 62 59 56 55 58 60 55 57 57 53 58
78
0
49 48 45 49 41 47 46 46 52 46 44 44 45 45 42 50 47 46 49 46
79
0
54 52 52 49 48 48 52 53 53 52 51 53 52 54 47 49 51 49 49 51
80
0
50 50 45 47 46 44 47 45 42 49 49 48 45 49 46 46 45 48 47 49
81
0
51 47 49 48 47 48 45 46 47 50 50 46 50 48 47 49 48 46 45 50
82
0
44 44 43 42 44 42 42 41 39 43 43 42 43 41 42 43 40 41 45 43
83
0
35 34 36 38 39 36 37 37 38 36 37 40 39 39 34 39 40 36 41 39
84
0
35 34 38 38 34 34 35 35 36 32 35 36 34 35 36 35 37 36 36 39
85
0
57 55 58 53 54 55 57 56 56 53 56 54 54 53 56 55 56 60 61 54
86
0
42 45 43 46 43 42 46 41 44 44 46 44 43 45 42 43 45 44 41 39
87
0
52 55 55 55 54 57 57 50 54 53 58 51 52 50 51 60 53 50 59 52
88
0
44 44 48 45 46 42 43 43 44 45 44 44 47 44 49 46 44 45 44 45
89
0
41 43 40 41 42 39 42 41 39 38 41 42 40 41 39 42 42 44 41 43
90
0
48 44 45 45 47 45 49 45 46 51 49 47 50 46 47 48 46 51 46 46
91
0
47 49 50 45 49 46 48 49 50 46 47 54 45 48 49 52 51 52 48 48
92
0
47 49 48 48 48 47 47 44 45 47 48 46 45 46 47 46 45 45 44 45
93
0
61 64 68 65 66 65 60 61 68 63 62 63 62 63 62 65 65 62 62 67
94
0
47 46 45 46 42 47 42 43 44 46 43 45 45 44 43 44 47 42 46 45
95
0
50 51 53 48 47 51 55 49 54 53 49 46 55 50 52 52 53 52 52 47
96
0
40 47 43 41 47 44 44 43 41 46 45 40 43 43 44 45 44 44 42 43
97
0
41 42 40 41 42 38 43 43 41 41 38 38 42 38 41 41 39 42 38 39
98
0
54 60 56 53 59 52 59 54 54 53 52 54 56 51 57 54 55 58 54 55
99
0
49 53 50 51 52 49 53 48 50 49 50 51 48 50 52 54 54 53 51 53
