30
10
576100
0
0
43 35 47 73 66 41 55 51 41 62
1
0
42 34 48 68 63 43 52 58 39 55
2
0
45 32 49 76 64 40 53 52 36 59
3
0
44 32 45 72 66 37 57 56 38 60
4
0
44 36 46 71 66 40 52 55 38 63
5
0
45 33 46 71 64 39 57 54 38 57
6
0
40 32 48 75 64 37 55 56 37 62
7
0
44 32 47 70 66 39 51 56 37 59
8
0
46 34 46 69 62 39 57 56 34 61
9
0
48 34 47 69 65 38 53 57 34 64
10
0
41 31 44 69 64 40 54 58 38 60
11
0
46 37 46 71 65 42 55 54 39 60
12
0
46 32 51 67 67 44 54 56 36 59
13
0
45 32 49 69 69 40 57 54 37 58
14
0
47 34 50 71 64 38 55 51 37 59
15
0
46 31 51 72 63 38 53 59 38 59
16
0
42 30 47 69 69 39 54 58 38 60
17
0
45 34 46 74 66 35 55 55 36 61
18
0
43 34 49 66 65 44 54 56 40 53
19
0
47 33 47 69 62 44 54 54 38 62
20
0
48 30 47 71 69 39 52 54 38 61
21
0
47 34 47 70 70 36 53 55 36 61
22
0
48 33 50 72 66 41 53 57 38 61
23
0
44 32 49 70 65 42 52 54 35 58
24
0
44 34 49 74 65 39 55 61 37 63
25
0
46 34 48 71 62 38 58 58 37 61
26
0
46 32 51 68 64 42 56 58 37 57
27
0
39 33 52 67 69 40 54 57 38 58
28
0
48 29 48 70 66 39 53 57 35 62
29
0
47 35 48 72 60 37 51 56 34 60
