100
10
375487
0
0
80 43 64 37 48 45 48 61 61 29
1
0
62 52 36 49 78 65 53 48 33 55
2
0
43 41 45 40 48 47 62 38 57 55
3
0
65 39 45 48 46 55 36 35 43 63
4
0
37 48 56 72 43 42 47 50 46 51
5
0
53 46 50 77 55 47 43 47 29 46
6
0
48 51 48 47 63 39 43 49 61 55
7
0
60 44 46 54 53 39 53 48 39 46
8
0
43 40 80 31 45 58 64 71 50 58
9
0
44 38 54 59 47 50 58 52 41 48
10
0
36 42 49 59 58 40 34 74 54 50
11
0
51 35 53 45 49 59 51 41 66 48
12
0
47 47 57 51 63 51 48 51 35 28
13
0
50 50 42 47 50 39 56 39 69 69
14
0
67 75 55 57 55 37 54 71 40 43
15
0
47 57 46 57 52 62 48 52 67 44
16
0
43 51 43 66 40 49 35 56 50 40
17
0
70 56 49 68 55 32 46 48 57 50
18
0
60 41 55 44 71 50 39 54 51 72
19
0
56 44 36 38 57 39 67 70 78 48
20
0
38 55 47 45 44 48 56 61 44 51
21
0
60 31 55 59 52 48 42 33 57 51
22
0
59 29 41 50 55 36 51 68 55 39
23
0
29 39 66 49 40 43 56 45 55 47
24
0
50 56 39 40 48 61 63 53 54 50
25
0
49 45 58 46 39 38 39 83 42 48
26
0
52 44 46 55 57 58 59 53 76 45
27
0
75 46 56 51 49 48 46 66 42 48
28
0
64 42 56 32 51 72 35 56 54 51
29
0
44 66 38 51 57 40 59 52 42 44
30
0
45 45 42 47 51 66 60 54 44 62
31
0
47 32 58 44 64 58 55 37 65 41
32
0
51 76 34 56 38 41 54 59 64 47
33
0
49 38 64 66 42 76 52 60 44 45
34
0
41 44 45 36 33 68 85 36 33 51
35
0
53 56 40 44 47 43 36 53 40 42
36
0
59 55 34 40 47 53 55 46 48 49
37
0
51 38 51 72 47 55 41 51 67 39
38
0
62 50 38 25 46 46 46 44 38 48
39
0
65 55 42 42 56 48 47 56 57 38
40
0
49 43 42 57 40 54 54 57 51 47
41
0
52 56 50 61 47 38 72 42 48 43
42
0
53 31 44 55 49 42 32 47 84 53
43
0
40 41 64 35 57 48 45 63 46 49
44
0
41 41 67 31 43 49 65 50 40 49
45
0
39 43 48 48 60 44 55 46 48 72
46
0
56 61 54 47 62 56 45 38 42 46
47
0
39 46 49 56 40 69 50 34 31 46
48
0
50 48 41 49 45 63 47 36 44 59
49
0
60 48 55 62 46 64 42 50 40 38
50
0
45 52 34 38 46 49 52 67 70 43
51
0
55 51 30 53 49 47 58 52 47 47
52
0
68 56 46 46 64 56 49 41 57 42
53
0
69 50 56 50 58 47 57 42 58 43
54
0
40 52 50 57 53 42 47 40 42 55
55
0
37 47 48 56 32 40 50 51 34 46
56
0
34 65 53 48 50 48 55 40 54 46
57
0
53 51 53 63 61 50 61 42 40 43
58
0
55 44 51 53 62 63 47 38 75 44
59
0
48 54 53 41 54 48 43 43 43 62
60
0
51 55 56 61 50 69 42 44 48 53
61
0
40 42 53 44 36 46 32 56 71 29
62
0
67 44 45 47 49 41 68 51 40 42
63
0
57 47 56 38 50 45 56 45 46 50
64
0
69 41 41 51 56 54 44 47 40 48
65
0
60 51 30 47 45 39 55 43 52 46
66
0
56 42 37 48 64 49 66 55 38 46
67
0
58 46 34 41 52 35 48 42 37 47
68
0
50 55 41 41 59 31 36 62 46 51
69
0
47 65 42 36 38 63 53 46 36 44
70
0
41 35 84 37 45 43 42 39 45 50
71
0
42 78 53 57 46 44 46 38 58 46
72
0
57 63 39 54 49 67 57 34 48 41
73
0
52 53 62 41 55 50 43 43 54 59
74
0
51 40 68 56 54 33 48 49 49 42
75
0
50 35 55 59 44 49 42 48 69 61
76
0
38 58 50 55 61 72 30 40 41 49
77
0
57 34 43 58 54 39 62 40 35 55
78
0
59 51 40 56 46 42 60 61 43 34
79
0
40 72 42 55 58 52 42 49 63 73
80
0
56 42 50 58 73 69 33 55 54 47
81
0
32 50 58 58 50 53 46 62 52 47
82
0
55 58 51 60 57 55 51 52 48 49
83
0
47 53 54 46 38 60 37 46 56 30
84
0
45 51 51 51 58 54 44 45 41 55
85
0
37 62 62 59 61 46 53 68 61 37
86
0
42 55 49 47 47 46 55 50 59 63
87
0
57 43 41 55 65 41 43 54 50 46
88
0
51 51 41 61 40 50 31 67 47 45
89
0
36 54 35 56 42 51 26 47 61 42
90
0
34 47 49 45 49 59 54 44 36 52
91
0
53 64 65 50 47 56 38 50 54 48
92
0
54 54 46 41 36 45 53 50 68 52
93
0
55 54 56 50 40 43 60 41 37 44
94
0
53 58 33 48 50 32 46 49 51 48
95
0
56 31 62 47 53 60 46 43 55 37
96
0
37 38 37 39 32 66 45 50 41 56
97
0
44 38 49 50 70 54 40 44 44 55
98
0
54 41 49 40 66 59 47 57 49 39
99
0
28 47 54 52 51 50 41 52 61 51
