50
10
819059
0
0
61 57 63 58 59 58 55 56 61 56
1
0
29 31 31 32 31 33 29 31 30 30
2
0
42 47 47 49 46 46 49 45 48 45
3
0
51 50 49 51 52 49 48 49 53 55
4
0
60 57 61 56 57 60 61 62 59 63
5
0
44 45 47 43 51 44 48 43 45 47
6
0
53 51 49 49 47 51 51 51 55 51
7
0
57 59 52 55 53 58 53 55 58 57
8
0
43 36 40 40 36 40 42 39 38 41
9
0
53 60 55 56 62 58 59 53 54 53
10
0
45 46 45 43 47 47 46 48 41 46
11
0
56 58 59 58 54 56 59 60 54 57
12
0
59 60 61 60 62 59 64 62 59 62
13
0
40 42 43 39 39 41 43 41 39 44
14
0
48 51 42 50 47 46 50 47 49 51
15
0
47 48 48 43 44 47 52 49 45 47
16
0
63 64 64 65 63 64 66 64 61 59
17
0
38 36 38 34 37 34 37 34 34 35
18
0
33 35 34 34 38 35 38 35 36 33
19
0
39 36 37 38 41 42 37 38 39 39
20
0
35 35 36 34 34 37 35 37 35 33
21
0
52 50 50 48 50 47 51 52 51 50
22
0
37 35 40 35 39 38 39 38 40 37
23
0
44 45 45 45 43 42 45 39 41 46
24
0
48 45 45 47 48 47 47 49 43 45
25
0
56 59 64 63 62 57 57 58 60 63
26
0
45 44 45 43 43 46 42 45 43 44
27
0
58 57 61 56 60 59 57 59 62 59
28
0
56 60 58 60 61 62 62 63 60 61
29
0
49 48 50 49 51 47 47 48 47 48
30
0
60 62 63 64 58 65 64 61 64 63
31
0
58 62 56 59 60 62 59 61 61 59
32
0
51 48 49 50 45 49 48 45 51 50
33
0
50 48 51 46 48 45 48 45 49 42
34
0
34 41 34 37 33 38 35 37 35 34
35
0
39 38 40 39 40 38 41 37 34 39
36
0
57 52 58 57 58 58 60 58 59 52
37
0
43 43 37 42 42 41 40 42 41 41
38
0
56 58 58 63 58 58 61 62 59 57
39
0
48 44 44 47 43 46 47 47 43 47
40
0
55 53 53 52 54 50 54 52 55 50
41
0
53 50 50 53 49 49 49 45 56 48
42
0
49 51 52 48 48 50 49 52 52 55
43
0
65 62 57 63 62 64 61 61 62 62
44
0
52 47 52 51 51 49 53 50 51 50
45
0
48 47 47 45 48 49 51 47 51 51
46
0
54 58 58 55 57 58 61 59 54 54
47
0
87 89 89 94 89 92 89 88 88 90
48
0
41 44 43 43 42 45 43 43 42 47
49
0
46 47 46 49 48 47 45 48 49 48
