200
20
824966
0
0
38 49 28 45 61 47 33 45 55 45 69 40 58 45 56 42 32 44 36 49
1
0
36 45 33 43 62 46 35 47 51 46 67 41 57 48 52 45 30 45 35 48
2
0
34 49 32 47 62 42 35 47 51 47 69 42 63 47 57 44 31 44 35 50
3
0
35 46 33 45 59 46 36 47 56 46 72 41 62 47 54 44 33 42 34 45
4
0
36 52 32 42 57 47 33 41 51 46 71 40 59 48 50 42 29 45 31 44
5
0
36 45 31 45 60 47 34 44 54 43 67 44 59 48 48 48 33 43 34 46
6
0
35 48 30 46 59 47 33 44 56 48 68 41 60 46 57 43 34 40 36 47
7
0
38 48 32 45 58 46 31 43 55 47 71 42 62 49 56 42 31 41 33 49
8
0
36 50 26 45 58 48 31 48 57 42 68 41 60 47 52 44 33 42 34 53
9
0
38 48 31 43 56 48 34 42 54 45 71 42 65 42 54 47 31 47 35 51
10
0
35 49 29 46 58 45 34 43 57 43 65 42 60 49 52 43 31 44 32 48
11
0
36 47 29 41 61 47 32 46 54 42 68 40 62 46 54 43 30 43 32 50
12
0
39 47 32 43 60 46 33 42 56 47 70 43 64 45 56 42 29 43 34 45
13
0
37 46 30 43 58 44 33 49 58 45 69 41 60 47 56 41 30 48 34 46
14
0
36 45 32 42 57 46 30 46 55 45 73 44 59 46 49 42 33 42 34 48
15
0
33 48 32 41 57 44 33 42 55 49 69 41 59 51 51 40 31 46 40 50
16
0
38 48 32 47 53 47 33 41 54 46 72 44 64 48 54 41 32 41 34 48
17
0
38 47 32 43 59 42 33 47 56 46 67 45 62 45 54 40 31 41 33 50
18
0
35 47 31 46 59 45 32 46 52 43 65 44 60 49 54 40 31 41 34 50
19
0
35 47 29 48 61 46 31 43 58 43 69 40 58 48 54 44 31 46 35 48
20
0
35 45 33 44 55 48 32 43 56 44 76 43 61 44 55 37 29 44 35 47
21
0
37 45 32 42 57 45 33 45 60 44 72 44 60 47 55 42 27 45 35 50
22
0
36 47 30 40 56 42 34 49 54 48 65 43 62 46 50 38 31 45 35 48
23
0
35 46 30 45 57 46 34 48 54 45 71 43 63 47 53 41 30 44 36 44
24
0
37 48 32 49 60 44 35 45 56 42 67 45 58 44 51 41 31 43 33 47
25
0
36 49 30 45 60 45 35 47 51 43 68 41 64 44 55 41 29 45 36 49
26
0
34 47 31 44 57 44 33 43 56 46 70 45 59 46 58 45 30 43 35 44
27
0
36 47 29 45 58 46 34 43 52 46 69 43 62 47 53 46 32 43 34 50
28
0
36 41 31 43 59 45 33 50 57 42 71 45 61 47 53 42 34 44 37 46
29
0
36 46 33 43 54 46 34 45 58 46 69 42 61 45 53 44 32 45 34 51
30
0
37 45 32 44 59 46 32 48 57 48 70 41 60 45 53 42 29 42 31 43
31
0
34 50 32 46 65 47 32 44 52 45 66 45 59 43 55 41 33 46 36 49
32
0
36 47 34 45 60 46 32 47 59 46 69 42 61 50 52 43 31 44 35 50
33
0
35 50 30 43 62 44 33 47 58 48 68 42 60 43 55 39 29 45 35 49
34
0
39 46 30 43 62 48 30 47 55 42 67 41 63 48 57 42 30 48 35 48
35
0
39 48 26 45 56 49 34 47 55 44 69 45 61 46 55 45 31 40 33 46
36
0
35 47 28 48 60 49 37 44 53 46 71 39 63 45 56 41 32 46 36 51
37
0
36 46 30 44 58 46 32 46 54 47 68 42 62 47 54 41 34 42 34 47
38
0
35 45 35 42 59 48 33 44 56 45 69 44 59 50 54 41 34 44 37 50
39
0
33 47 29 46 59 45 35 45 56 45 68 42 62 45 52 40 30 44 36 46
40
0
34 45 30 47 58 48 33 44 56 45 69 42 62 49 56 45 30 45 35 48
41
0
35 48 34 42 56 46 33 45 58 45 67 42 60 44 54 42 34 46 33 46
42
0
36 49 30 48 59 46 34 47 56 46 72 41 61 51 57 47 31 48 36 48
43
0
33 47 33 43 55 47 35 45 52 47 70 45 63 50 54 42 31 46 33 47
44
0
34 48 31 45 55 49 32 42 57 46 73 43 57 48 56 42 30 45 35 48
45
0
35 45 31 46 58 45 32 43 58 43 69 44 59 46 53 39 30 46 35 48
46
0
40 48 28 43 60 47 35 46 52 43 70 42 61 46 55 45 32 41 37 50
47
0
37 49 32 43 58 44 32 47 56 46 65 39 58 48 51 39 32 42 32 49
48
0
39 49 33 45 59 46 30 48 54 46 75 43 59 45 56 40 34 45 30 48
49
0
35 47 33 43 59 48 33 43 58 46 72 43 58 43 60 40 32 43 35 49
50
0
33 50 29 47 62 46 33 48 55 43 70 40 61 44 53 43 30 44 36 46
51
0
35 50 31 44 57 45 36 43 52 45 71 40 64 42 53 44 30 42 34 48
52
0
38 49 29 46 61 45 31 47 58 43 66 42 61 46 54 39 30 44 34 50
53
0
35 47 32 45 59 44 32 41 53 42 72 41 66 45 52 42 31 46 35 48
54
0
36 45 31 47 58 46 32 42 51 50 67 47 59 45 55 42 29 43 35 49
55
0
34 48 35 46 57 46 33 44 55 45 66 43 59 47 54 42 32 41 33 48
56
0
34 45 32 43 59 45 34 45 56 42 73 42 63 45 56 43 28 42 36 51
57
0
33 47 34 43 61 48 34 46 59 46 70 43 63 44 54 44 29 46 34 48
58
0
36 47 31 43 57 46 34 42 61 45 71 40 58 45 55 44 33 44 35 52
59
0
36 46 31 48 58 48 34 49 55 44 68 44 64 50 51 43 32 45 37 45
60
0
38 47 32 44 61 45 32 48 58 43 68 45 61 49 53 38 30 40 37 48
61
0
39 46 31 41 57 47 34 45 56 46 68 43 64 45 56 41 29 46 36 49
62
0
34 45 32 46 55 46 37 46 57 46 73 41 59 48 57 38 33 48 35 48
63
0
37 50 31 42 56 45 34 43 54 47 66 43 65 44 50 45 33 41 36 47
64
0
40 49 33 43 60 44 31 44 55 46 69 41 58 45 57 46 33 44 36 49
65
0
35 44 29 43 58 45 33 43 53 47 68 40 61 47 55 43 34 43 32 47
66
0
35 44 33 44 59 45 35 45 53 41 71 42 65 45 56 45 29 45 34 48
67
0
37 46 30 44 63 48 33 45 56 44 71 48 60 45 59 46 30 40 36 50
68
0
36 43 27 45 60 44 32 48 58 47 67 42 59 46 52 44 29 44 34 47
69
0
35 46 32 46 60 46 33 45 56 44 68 44 60 44 55 43 30 44 36 47
70
0
36 46 31 47 62 49 34 47 53 48 65 42 59 45 57 44 32 43 34 48
71
0
36 48 31 48 59 42 32 49 55 46 67 42 63 46 57 44 30 46 38 50
72
0
36 49 32 43 64 47 35 47 52 44 72 40 63 47 54 44 32 45 31 45
73
0
38 46 33 43 60 46 33 46 55 44 66 43 61 45 56 44 32 39 34 51
74
0
37 48 31 44 60 46 32 43 56 40 66 44 64 48 53 39 30 42 36 48
75
0
36 49 33 46 59 45 32 45 54 49 67 42 63 50 54 45 30 44 33 48
76
0
34 46 33 44 59 46 33 50 50 44 71 43 63 50 54 42 30 43 38 46
77
0
36 47 34 40 59 47 34 46 57 46 70 41 62 45 54 41 31 45 34 48
78
0
38 45 32 41 59 42 36 44 55 47 67 43 63 46 49 41 32 44 36 47
79
0
38 48 30 47 60 49 32 45 54 44 71 45 58 47 54 40 32 44 33 49
80
0
35 47 32 45 63 45 31 45 58 44 69 43 63 45 52 41 29 47 35 46
81
0
35 48 35 39 58 45 32 45 56 44 70 45 63 43 54 42 32 42 33 45
82
0
34 47 32 45 59 45 29 45 55 43 65 43 59 47 53 41 32 41 34 41
83
0
37 46 29 45 62 42 35 44 56 45 70 42 62 49 54 43 29 43 37 50
84
0
34 45 31 43 62 46 34 45 55 44 72 40 62 48 54 44 33 45 35 49
85
0
40 48 30 44 53 46 33 45 57 44 69 42 60 42 54 41 32 41 37 46
86
0
36 45 31 49 61 47 32 44 58 46 72 42 61 48 55 43 31 44 34 47
87
0
37 49 32 45 59 44 34 45 54 44 70 44 56 47 57 42 29 43 35 50
88
0
34 48 31 47 57 44 32 43 53 46 68 46 61 46 56 47 33 44 33 49
89
0
38 43 32 46 57 46 34 45 51 46 71 43 58 43 50 41 29 45 35 49
90
0
41 50 32 44 60 47 35 47 54 44 72 45 59 46 50 39 31 42 36 46
91
0
35 47 32 43 57 44 36 47 56 45 70 45 60 48 52 44 29 46 30 50
92
0
39 52 28 43 61 45 31 47 57 46 70 45 62 43 57 43 31 48 36 45
93
0
35 48 34 44 60 46 33 46 53 48 72 42 60 47 52 43 27 42 38 52
94
0
36 49 30 41 60 47 36 46 54 41 68 41 58 43 54 43 32 45 36 46
95
0
36 46 32 45 60 45 34 43 55 46 68 44 59 46 56 44 30 45 35 49
96
0
35 48 32 42 59 44 33 45 53 44 73 43 58 45 49 42 31 44 35 47
97
0
35 49 32 43 59 43 35 46 53 44 66 41 65 47 49 41 32 41 37 46
98
0
35 46 32 45 58 44 32 48 58 45 69 42 60 42 57 43 31 43 34 48
99
0
36 51 33 45 62 43 35 44 57 44 74 44 59 46 52 41 29 42 35 46
100
0
34 47 31 43 63 47 32 44 53 46 69 46 63 45 52 43 31 45 36 49
101
0
32 47 31 43 63 46 31 43 53 46 71 42 62 46 48 42 30 47 38 52
102
0
36 45 30 41 59 43 31 45 57 42 67 42 59 47 54 43 33 43 34 46
103
0
35 45 31 42 57 48 35 44 57 45 74 42 61 46 56 42 32 42 34 50
104
0
33 51 35 45 59 45 34 41 59 48 68 43 60 47 54 44 30 43 35 46
105
0
37 45 27 43 58 43 34 43 54 47 68 45 62 50 51 39 30 44 33 47
106
0
37 50 33 44 63 43 35 42 56 44 67 42 61 49 56 38 29 44 37 48
107
0
34 48 31 44 57 46 35 46 53 40 69 42 63 50 55 42 32 42 36 48
108
0
36 47 26 52 63 42 36 43 55 48 68 46 62 45 50 41 31 46 35 50
109
0
39 45 32 41 61 44 34 46 54 41 70 41 64 45 54 39 31 44 34 43
110
0
35 47 30 43 59 45 34 44 55 47 67 42 61 43 53 41 32 42 34 48
111
0
36 47 32 46 60 43 33 48 54 46 71 42 61 47 54 41 31 44 33 50
112
0
34 47 34 44 56 43 36 42 53 43 70 43 61 48 54 40 28 42 35 45
113
0
36 45 32 47 55 45 33 42 54 44 66 41 59 43 55 44 32 39 37 45
114
0
38 48 29 49 57 49 35 42 51 47 71 43 62 46 53 41 31 40 32 49
115
0
35 45 30 47 63 46 33 43 55 45 67 42 64 50 49 41 32 43 35 46
116
0
36 47 34 46 58 44 37 46 59 44 68 39 61 47 53 45 32 44 34 51
117
0
32 47 31 44 64 41 32 46 58 44 66 43 61 45 52 43 31 48 36 49
118
0
32 47 32 44 63 48 33 44 55 45 67 42 65 47 52 41 28 45 36 48
119
0
35 47 30 46 57 46 33 42 59 41 71 42 59 45 58 43 30 45 38 48
120
0
35 47 34 44 60 42 34 50 56 47 67 42 66 46 52 42 30 39 34 50
121
0
38 44 32 43 61 47 33 46 53 43 70 41 58 48 54 39 31 42 36 51
122
0
36 48 31 45 59 45 32 46 55 42 74 42 61 43 49 43 31 43 35 44
123
0
34 50 30 41 56 46 32 45 54 45 66 42 59 45 52 48 28 43 33 46
124
0
35 49 28 44 58 46 32 50 51 47 66 40 59 47 52 44 29 43 34 48
125
0
33 47 33 44 61 47 34 47 55 47 69 41 59 47 53 42 31 48 32 48
126
0
33 47 32 45 61 47 34 44 56 45 70 41 60 46 55 41 29 43 32 47
127
0
39 46 31 46 63 47 34 48 58 44 70 44 62 45 56 41 29 41 35 49
128
0
35 44 29 46 52 45 36 48 53 46 65 43 56 45 53 39 30 43 35 45
129
0
37 47 31 40 57 44 36 46 55 48 68 45 60 47 57 39 30 46 35 50
130
0
37 43 29 46 61 45 32 44 52 46 69 43 63 46 58 43 31 39 39 46
131
0
36 50 28 47 60 46 33 45 54 43 70 42 59 43 56 42 32 44 33 48
132
0
34 47 32 44 60 45 34 45 54 46 69 45 61 47 55 42 31 46 33 46
133
0
36 45 31 43 60 46 35 43 58 45 65 43 57 47 53 44 29 43 33 44
134
0
39 49 31 44 56 45 31 47 57 44 66 41 61 49 49 41 30 48 37 48
135
0
39 46 30 45 58 45 34 44 53 45 69 42 55 51 50 42 28 47 36 46
136
0
37 47 33 45 59 45 33 46 57 46 70 41 61 48 49 43 31 43 33 47
137
0
38 48 32 47 59 42 32 43 54 46 75 45 57 49 53 45 30 42 32 49
138
0
39 47 31 42 58 45 32 45 54 48 68 40 61 43 50 41 33 45 37 46
139
0
35 47 32 43 59 47 33 46 54 46 67 42 64 47 56 45 31 43 35 55
140
0
36 44 33 47 54 45 34 45 56 43 66 44 61 49 49 40 31 47 35 49
141
0
37 46 30 42 57 42 35 44 56 45 69 44 63 44 56 44 30 42 33 48
142
0
37 48 28 48 57 48 35 44 55 45 67 42 60 49 54 39 32 44 36 46
143
0
36 47 31 42 59 45 33 46 59 41 72 41 60 46 55 39 30 45 35 47
144
0
36 49 31 43 59 46 34 45 56 43 73 41 60 44 52 41 32 44 35 45
145
0
37 49 32 48 58 44 33 45 55 46 70 45 62 49 54 43 31 42 33 48
146
0
36 48 29 44 60 45 32 47 56 44 70 43 62 48 54 41 31 46 33 50
147
0
36 45 31 47 56 47 34 46 56 44 69 44 57 44 57 46 28 45 33 49
148
0
37 50 35 46 55 46 35 46 56 48 67 40 64 47 51 43 30 46 35 49
149
0
36 49 31 44 59 43 32 47 59 42 66 43 56 46 58 41 32 43 37 47
150
0
35 47 30 44 61 48 36 42 57 46 70 42 61 46 52 40 27 44 34 48
151
0
36 48 29 43 55 42 34 46 54 47 70 43 62 47 56 45 30 43 32 52
152
0
34 43 30 44 60 49 32 41 53 48 65 41 60 48 51 44 37 44 31 47
153
0
36 48 29 45 61 43 37 43 51 44 72 42 59 47 56 42 33 48 34 48
154
0
36 49 30 43 57 46 29 45 54 44 69 41 56 46 52 41 34 43 36 46
155
0
35 48 29 44 56 45 36 46 53 46 71 45 62 41 53 42 28 41 35 51
156
0
37 46 30 44 58 47 33 47 55 46 67 45 60 45 54 45 32 42 33 46
157
0
36 50 30 46 61 47 34 43 57 46 69 38 60 50 55 43 32 42 35 51
158
0
36 50 34 47 62 50 32 41 58 48 71 42 62 46 56 44 29 41 35 50
159
0
36 47 33 45 59 48 33 46 55 43 70 42 66 45 55 41 30 43 34 48
160
0
36 44 31 41 63 42 34 49 54 46 64 43 60 48 60 42 32 45 34 49
161
0
37 46 31 45 58 46 32 46 53 42 67 41 63 45 58 42 31 44 35 47
162
0
33 49 30 45 56 47 34 45 54 44 74 43 57 48 55 44 32 48 37 47
163
0
36 44 31 41 57 43 30 46 56 45 70 41 62 42 56 42 30 46 35 50
164
0
38 47 30 41 59 49 33 45 53 42 68 43 62 47 54 42 31 40 35 46
165
0
36 47 33 44 58 45 34 45 53 45 72 45 62 43 56 41 30 45 34 50
166
0
37 49 30 46 63 45 33 41 53 49 69 40 61 46 58 42 34 44 33 47
167
0
36 46 30 46 55 45 33 46 57 44 71 38 63 47 53 40 30 44 35 50
168
0
32 46 30 42 58 46 35 46 55 45 70 43 59 50 57 45 33 45 36 48
169
0
35 48 28 46 54 47 32 46 52 46 68 42 65 46 54 43 30 41 35 48
170
0
34 47 27 44 62 47 33 45 56 42 69 41 60 45 53 44 31 45 31 48
171
0
38 46 28 47 56 43 34 48 54 42 66 43 62 46 54 44 29 38 36 50
172
0
37 42 31 45 60 46 34 45 55 45 71 44 60 44 54 42 32 44 36 50
173
0
33 44 30 45 61 47 33 45 55 44 70 42 63 44 52 40 31 42 38 45
174
0
37 50 30 41 55 49 31 45 54 46 66 42 57 46 52 45 34 45 36 48
175
0
35 48 31 41 60 43 37 46 57 46 69 42 64 44 54 44 30 47 32 46
176
0
37 45 31 45 58 45 35 43 53 47 72 45 60 42 54 43 30 42 37 50
177
0
32 47 33 44 60 47 33 46 60 46 70 39 65 47 53 40 31 45 34 48
178
0
34 46 30 44 59 46 36 44 52 46 69 44 62 46 57 44 31 46 38 50
179
0
35 47 30 46 56 45 37 45 57 47 72 44 55 48 50 41 33 45 35 49
180
0
35 49 30 44 61 44 31 46 57 42 69 42 59 50 54 40 31 43 35 49
181
0
33 44 31 44 56 45 31 48 53 43 66 45 60 48 57 41 29 41 36 47
182
0
33 47 29 46 62 43 34 43 55 44 73 44 63 42 53 40 32 43 34 45
183
0
36 49 30 47 61 45 33 45 56 47 71 43 61 45 51 40 28 48 36 49
184
0
34 47 29 43 55 46 33 49 55 40 70 42 63 43 50 45 28 40 35 50
185
0
36 45 33 43 59 45 34 43 54 42 69 46 60 44 56 42 29 42 38 46
186
0
34 46 32 46 65 42 35 52 58 42 70 45 62 47 47 45 28 41 35 47
187
0
35 49 36 45 59 47 32 44 58 43 67 43 58 50 52 43 34 45 36 48
188
0
38 45 31 45 59 47 32 46 58 44 69 43 59 49 55 44 30 43 33 50
189
0
34 49 32 42 59 47 34 45 56 43 68 42 65 45 53 45 30 45 37 47
190
0
36 48 31 42 58 46 35 44 51 47 65 41 60 47 56 42 31 44 36 47
191
0
38 49 28 43 59 46 35 43 54 43 71 39 59 46 52 44 32 43 34 48
192
0
35 48 32 45 57 47 33 44 54 44 68 43 62 45 55 42 30 45 37 46
193
0
36 44 29 46 60 45 34 45 55 44 67 41 62 47 52 45 32 45 34 50
194
0
36 44 31 43 62 44 37 47 53 42 70 40 64 48 51 44 29 44 34 49
195
0
38 50 28 45 59 47 32 46 61 43 65 44 62 44 57 43 29 47 34 47
196
0
34 48 27 47 59 44 35 45 56 44 72 43 60 49 54 41 30 39 34 50
197
0
34 46 31 46 60 45 34 45 57 42 71 42 64 46 51 42 31 43 34 47
198
0
40 47 30 47 57 48 32 44 57 45 74 40 59 44 53 38 29 44 36 46
199
0
35 47 33 42 60 45 38 44 55 44 70 42 62 46 57 41 29 46 38 50
