200
10
96482
0
0
62 62 64 59 67 62 64 60 66 62
1
0
48 48 48 50 49 50 45 48 48 51
2
0
62 62 55 55 61 61 62 62 64 67
3
0
43 42 42 42 45 47 42 43 42 41
4
0
72 73 71 72 72 70 73 72 72 72
5
0
50 50 51 54 49 50 51 52 51 52
6
0
53 51 56 54 57 58 54 50 52 52
7
0
42 43 40 41 40 39 39 40 43 42
8
0
67 67 62 62 63 66 64 62 69 64
9
0
55 53 54 56 54 54 56 52 51 50
10
0
64 64 65 62 64 63 64 66 64 64
11
0
62 64 65 61 64 63 66 69 61 62
12
0
39 41 40 39 39 39 41 41 38 40
13
0
57 58 52 61 56 60 58 60 57 56
14
0
26 26 27 26 27 25 28 24 31 24
15
0
42 45 45 46 43 40 45 45 43 47
16
0
45 48 44 43 49 45 46 46 48 47
17
0
42 40 40 40 40 38 39 39 35 40
18
0
61 64 65 62 62 58 60 63 61 64
19
0
57 61 54 62 57 58 58 57 58 52
20
0
61 58 58 57 59 64 59 60 65 61
21
0
38 35 35 34 33 37 34 34 35 37
22
0
49 55 48 49 54 52 51 52 49 50
23
0
30 32 35 31 33 34 34 35 30 33
24
0
47 48 50 48 49 48 47 49 50 45
25
0
63 57 60 62 60 66 58 59 64 61
26
0
32 35 36 32 37 34 36 35 35 35
27
0
44 43 45 51 46 44 46 45 46 48
28
0
56 57 58 59 55 56 55 55 56 59
29
0
56 57 58 63 59 58 58 58 58 61
30
0
42 42 40 44 47 48 46 42 47 49
31
0
32 31 32 31 28 32 32 31 35 31
32
0
62 64 62 60 65 61 64 57 63 59
33
0
52 48 51 52 53 50 51 51 47 51
34
0
52 52 52 51 52 52 50 49 53 50
35
0
45 51 45 46 52 48 45 46 46 49
36
0
50 51 53 51 54 54 52 50 51 50
37
0
52 50 50 49 49 51 52 53 51 54
38
0
34 30 32 29 32 32 31 33 30 33
39
0
31 35 32 31 31 34 34 29 33 32
40
0
53 55 54 59 54 54 54 56 55 55
41
0
55 52 53 52 57 53 53 55 51 56
42
0
55 57 54 58 60 54 57 60 60 55
43
0
87 83 90 82 81 91 85 88 87 84
44
0
57 57 62 61 65 62 63 63 63 62
45
0
44 39 44 43 47 43 41 47 39 47
46
0
54 53 49 48 52 53 51 52 51 50
47
0
49 45 48 44 45 46 44 48 47 46
48
0
34 36 34 35 33 34 35 37 37 33
49
0
40 39 38 38 41 41 39 37 39 38
50
0
42 45 44 43 45 48 41 37 42 44
51
0
50 49 46 47 47 48 49 50 46 47
52
0
61 58 58 60 54 57 55 58 56 55
53
0
63 65 66 64 65 61 71 63 66 64
54
0
33 33 31 34 32 32 36 34 32 30
55
0
56 58 56 59 52 57 57 55 56 58
56
0
39 36 38 38 38 34 37 38 36 40
57
0
33 34 33 32 33 35 30 36 30 31
58
0
56 49 48 54 51 54 49 53 48 55
59
0
51 53 54 54 56 53 55 52 55 54
60
0
43 44 38 41 42 42 44 42 40 45
61
0
53 53 53 58 53 55 55 58 54 58
62
0
38 38 38 37 37 37 36 38 39 36
63
0
64 59 61 63 59 61 57 66 61 63
64
0
43 40 44 44 44 45 45 46 46 44
65
0
55 56 50 52 53 55 51 57 51 56
66
0
65 67 68 63 63 67 65 64 65 65
67
0
40 42 39 41 38 39 40 41 42 40
68
0
67 76 75 67 71 70 70 66 66 69
69
0
35 35 35 35 34 34 35 34 32 34
70
0
57 59 58 59 56 59 56 62 58 59
71
0
49 46 48 48 49 47 49 50 49 47
72
0
45 47 45 49 50 50 49 51 48 47
73
0
51 50 49 51 49 47 47 55 47 51
74
0
51 47 48 53 51 54 50 53 48 51
75
0
49 48 48 46 44 47 52 46 45 49
76
0
63 61 65 62 61 66 60 63 59 61
77
0
60 60 58 54 63 60 58 58 61 62
78
0
59 58 59 55 58 58 56 57 60 58
79
0
37 37 39 36 37 36 34 33 36 37
80
0
40 44 35 39 40 38 44 39 40 42
81
0
56 56 50 48 58 56 54 57 54 53
82
0
58 58 63 57 57 55 58 58 55 61
83
0
59 56 58 56 59 62 58 59 55 58
84
0
58 58 56 53 56 56 55 57 54 56
85
0
46 46 50 47 49 45 47 47 49 50
86
0
64 57 63 58 61 54 57 57 61 58
87
0
42 42 41 42 42 40 41 42 45 44
88
0
60 55 55 56 58 56 59 55 58 56
89
0
62 58 61 58 60 65 61 56 62 60
90
0
69 68 70 68 68 75 68 67 74 65
91
0
59 59 63 64 64 64 58 59 63 65
92
0
41 40 40 39 38 38 39 40 35 39
93
0
52 53 51 56 49 53 52 54 54 52
94
0
46 43 47 46 46 45 41 44 47 44
95
0
42 40 38 42 39 38 42 40 41 41
96
0
56 57 56 61 57 59 59 58 61 60
97
0
45 43 44 47 46 41 44 46 46 43
98
0
53 54 50 54 53 50 55 53 54 52
99
0
30 30 30 31 31 28 30 35 30 31
100
0
40 44 40 45 44 41 42 46 48 43
101
0
54 57 49 56 48 54 54 52 51 55
102
0
42 40 43 45 44 46 44 43 44 44
103
0
50 47 49 49 47 47 51 47 48 53
104
0
39 45 42 44 46 42 41 41 44 43
105
0
33 31 36 34 33 34 31 31 37 31
106
0
44 44 41 45 44 42 43 43 43 45
107
0
30 28 29 35 28 33 28 32 30 31
108
0
40 41 42 42 37 41 43 44 39 41
109
0
52 56 55 57 52 54 51 54 54 54
110
0
51 54 56 51 50 50 53 51 52 53
111
0
44 45 45 45 48 47 49 48 48 48
112
0
55 55 54 56 52 54 54 54 57 52
113
0
39 38 41 43 40 44 40 43 42 41
114
0
47 47 48 44 46 46 42 45 46 45
115
0
45 44 44 43 46 42 43 42 44 44
116
0
51 48 51 57 53 54 51 54 55 55
117
0
38 36 41 38 35 40 41 35 38 35
118
0
38 38 37 39 38 36 38 35 38 35
119
0
42 42 41 42 40 36 42 41 39 43
120
0
49 47 42 48 46 47 46 45 46 45
121
0
43 45 42 46 47 41 42 45 43 43
122
0
61 53 53 53 54 56 55 57 57 58
123
0
27 30 30 31 34 30 29 29 31 29
124
0
46 39 45 38 41 41 44 42 41 43
125
0
52 49 53 48 50 50 50 52 50 52
126
0
59 58 60 57 57 56 60 57 58 57
127
0
49 47 51 50 50 48 50 52 49 54
128
0
38 42 39 39 46 43 39 37 38 37
129
0
53 57 53 53 54 57 55 54 58 57
130
0
28 27 30 29 24 30 28 28 25 27
131
0
61 65 64 67 68 64 68 64 62 67
132
0
53 53 55 53 52 56 53 59 55 56
133
0
48 44 47 44 43 44 48 43 43 46
134
0
47 50 54 53 48 48 49 47 48 50
135
0
55 53 55 59 57 56 53 56 57 59
136
0
52 56 61 59 53 56 57 58 58 55
137
0
43 45 44 40 44 43 44 42 43 44
138
0
43 40 41 41 43 42 44 40 40 42
139
0
63 66 60 60 63 58 59 61 60 65
140
0
51 52 47 48 49 51 50 52 51 50
141
0
44 40 41 45 45 40 46 44 42 46
142
0
46 46 46 48 45 48 44 48 47 44
143
0
57 59 57 55 62 59 57 56 61 62
144
0
42 40 43 40 40 41 41 38 44 41
145
0
47 48 48 45 44 47 47 43 47 49
146
0
41 33 40 35 37 35 31 36 35 37
147
0
59 62 67 68 67 66 67 65 68 68
148
0
61 60 60 66 60 60 65 57 63 58
149
0
58 55 62 56 57 59 58 59 61 63
150
0
39 41 46 41 42 45 41 42 41 44
151
0
58 60 57 61 56 60 52 61 58 59
152
0
54 49 50 48 48 49 50 51 53 51
153
0
55 53 57 59 56 55 56 53 56 52
154
0
68 67 69 71 70 68 73 69 72 71
155
0
50 51 48 47 50 47 47 51 53 50
156
0
64 62 60 65 61 62 60 66 64 64
157
0
57 59 58 55 64 59 61 64 59 61
158
0
58 60 59 64 59 61 55 58 58 60
159
0
52 55 56 58 60 56 57 57 56 59
160
0
41 42 41 39 40 40 39 38 42 39
161
0
54 52 54 52 55 54 57 55 58 50
162
0
50 47 47 52 48 50 53 47 47 51
163
0
50 51 52 53 57 48 51 52 50 50
164
0
37 35 37 35 34 35 37 38 35 40
165
0
44 40 41 42 37 42 42 44 41 42
166
0
40 41 43 39 39 36 37 37 37 39
167
0
59 57 60 62 56 55 59 57 59 54
168
0
47 48 48 46 48 45 47 44 48 46
169
0
40 38 40 41 41 42 38 39 39 41
170
0
58 63 57 63 65 58 64 61 60 64
171
0
40 40 39 42 42 42 41 40 38 41
172
0
40 37 41 36 37 41 37 38 40 40
173
0
72 72 71 74 75 72 79 73 73 74
174
0
71 65 63 61 66 65 65 64 64 66
175
0
53 55 54 52 50 49 52 51 57 52
176
0
36 33 34 36 35 34 31 34 36 35
177
0
37 37 37 40 40 39 35 38 38 37
178
0
73 73 69 74 72 73 74 71 70 72
179
0
47 44 45 44 43 44 45 46 45 47
180
0
43 49 50 50 45 48 42 49 44 47
181
0
43 45 43 44 44 44 43 43 46 45
182
0
68 64 69 66 67 65 62 67 69 65
183
0
42 42 42 41 45 45 42 46 44 43
184
0
53 51 53 50 51 52 53 52 51 52
185
0
42 42 44 44 45 42 47 44 47 40
186
0
39 38 38 36 42 42 42 40 42 36
187
0
42 47 41 42 42 41 41 41 39 43
188
0
38 39 41 36 41 37 41 39 39 39
189
0
54 57 49 48 52 54 54 55 57 52
190
0
46 48 46 49 42 51 46 50 45 45
191
0
51 51 51 51 53 53 51 53 53 52
192
0
59 59 59 59 57 60 58 57 61 58
193
0
41 42 38 40 40 42 41 42 40 42
194
0
32 31 34 31 34 32 34 35 34 29
195
0
44 42 42 41 42 40 38 42 43 40
196
0
60 61 66 62 62 65 62 60 61 63
197
0
49 47 44 47 46 44 48 47 45 44
198
0
48 50 46 48 51 47 48 46 46 48
199
0
47 43 40 40 48 43 41 42 44 46
