100
10
520563
0
0
58 61 59 54 46 44 47 46 37 48
1
0
54 48 46 60 53 49 49 40 46 50
2
0
32 49 52 57 60 53 59 60 38 43
3
0
54 44 44 46 32 46 61 46 37 55
4
0
69 35 56 53 43 61 69 41 45 53
5
0
77 47 37 63 47 42 81 59 62 50
6
0
42 66 32 55 61 67 43 47 53 28
7
0
50 34 74 67 48 60 54 47 63 45
8
0
45 36 47 57 49 57 63 53 47 57
9
0
42 42 38 74 51 53 39 31 55 57
10
0
53 47 79 39 55 44 35 51 40 45
11
0
31 42 52 65 53 31 41 32 53 62
12
0
61 51 63 51 50 51 54 59 52 79
13
0
80 56 57 82 38 58 57 30 49 41
14
0
36 46 71 57 46 45 37 48 74 55
15
0
42 48 41 43 45 36 47 37 46 41
16
0
40 26 58 33 72 53 47 57 38 47
17
0
55 41 65 47 61 57 47 57 45 50
18
0
52 38 42 51 52 52 37 38 52 55
19
0
42 59 36 54 43 52 49 44 43 55
20
0
52 46 42 42 47 55 53 71 52 41
21
0
58 61 84 60 54 34 49 36 44 41
22
0
48 40 63 64 45 69 47 51 46 59
23
0
53 39 40 50 61 59 43 56 53 49
24
0
51 39 64 56 43 54 50 64 41 38
25
0
50 57 40 55 51 54 53 37 48 40
26
0
48 54 38 60 39 50 58 43 35 60
27
0
50 54 66 50 58 52 51 35 58 58
28
0
40 52 51 47 62 42 57 36 47 51
29
0
52 48 47 42 49 52 49 49 47 29
30
0
34 41 37 69 42 51 57 58 74 51
31
0
60 46 50 48 53 55 69 51 40 47
32
0
47 67 56 53 38 42 49 33 50 55
33
0
49 58 52 44 59 54 56 42 58 30
34
0
41 61 41 59 41 35 40 53 64 82
35
0
55 52 50 63 42 47 54 60 28 51
36
0
70 43 44 40 49 60 67 57 53 50
37
0
56 45 43 41 50 41 38 51 54 43
38
0
47 45 45 38 66 47 35 45 65 60
39
0
39 67 37 47 72 41 45 43 35 33
40
0
32 40 51 45 61 44 56 41 47 46
41
0
43 62 39 38 38 55 54 63 50 43
42
0
77 47 31 34 47 53 48 43 48 49
43
0
69 39 69 48 54 63 55 69 47 54
44
0
31 30 54 60 73 60 46 72 59 51
45
0
52 40 45 41 44 43 53 44 48 50
46
0
54 57 55 40 42 47 52 44 42 67
47
0
44 50 46 57 54 52 38 40 53 64
48
0
61 42 44 37 51 68 44 49 58 51
49
0
59 38 36 65 50 59 68 60 50 31
50
0
65 51 50 41 55 41 23 48 46 59
51
0
28 47 49 53 54 37 49 42 51 59
52
0
53 50 58 48 47 44 39 49 55 45
53
0
63 54 46 32 42 46 61 52 68 59
54
0
41 39 50 54 50 45 58 49 55 58
55
0
58 54 64 45 49 66 48 62 72 63
56
0
61 47 52 43 60 59 52 48 60 44
57
0
49 60 51 33 66 58 55 23 57 64
58
0
63 47 38 59 55 53 31 47 45 56
59
0
42 48 49 45 63 47 47 54 34 44
60
0
49 41 61 57 70 44 33 48 39 53
61
0
41 58 72 54 59 34 54 69 45 41
62
0
38 37 46 49 51 63 44 26 44 48
63
0
28 57 49 40 47 44 54 49 43 50
64
0
45 39 57 45 56 52 42 45 42 39
65
0
66 45 36 71 43 44 37 53 64 34
66
0
50 28 51 62 54 62 57 44 42 49
67
0
44 66 64 33 48 50 37 65 34 42
68
0
37 36 52 42 54 40 65 62 42 55
69
0
38 59 49 51 50 36 52 54 63 62
70
0
43 49 77 49 41 55 41 59 36 58
71
0
66 67 46 44 63 41 46 49 58 46
72
0
40 41 47 57 45 40 57 39 68 53
73
0
63 44 40 48 52 65 54 50 65 56
74
0
60 43 49 53 50 55 46 72 68 55
75
0
59 51 62 52 45 45 46 44 53 65
76
0
42 49 36 51 62 46 42 42 82 60
77
0
42 54 57 45 46 60 65 54 47 66
78
0
49 52 58 44 49 54 36 60 55 49
79
0
51 52 58 55 67 61 38 41 58 46
80
0
46 41 39 50 53 32 52 64 45 38
81
0
48 65 73 39 72 46 52 69 41 53
82
0
69 71 62 56 41 57 47 43 33 60
83
0
40 42 54 41 63 43 37 55 52 68
84
0
43 40 53 71 28 50 42 64 33 38
85
0
48 48 42 54 39 59 41 40 38 32
86
0
56 58 38 46 41 53 52 53 56 54
87
0
44 47 35 59 39 61 61 47 55 60
88
0
45 47 51 39 49 48 52 51 50 55
89
0
50 43 55 72 54 38 55 43 54 47
90
0
55 62 47 61 37 51 38 52 51 47
91
0
46 36 56 50 40 59 48 29 55 52
92
0
37 53 33 62 46 61 46 64 58 47
93
0
55 60 52 58 36 44 44 46 56 33
94
0
44 46 57 65 44 51 42 69 38 54
95
0
57 28 51 78 59 48 45 40 36 58
96
0
51 51 49 53 54 60 38 73 42 43
97
0
62 47 65 52 61 43 58 37 51 65
98
0
47 47 46 37 40 53 45 53 53 43
99
0
53 32 44 48 47 45 59 45 60 44
