50
20
755856
0
0
55 63 44 55 44 32 62 52 66 23 49 50 53 44 42 35 52 58 55 55
1
0
34 35 37 44 33 49 44 47 45 44 44 57 50 71 43 67 35 46 50 56
2
0
43 60 52 67 60 74 60 63 63 64 52 37 46 62 43 43 60 38 48 53
3
0
68 44 41 59 49 47 52 43 44 73 39 65 51 36 57 35 40 49 67 38
4
0
50 28 57 48 62 41 45 45 55 39 45 50 47 50 52 51 47 47 63 37
5
0
35 43 64 54 45 55 42 56 65 59 48 51 43 47 52 55 50 38 61 56
6
0
43 58 61 42 34 44 39 50 23 45 47 29 46 49 69 50 58 53 50 54
7
0
52 53 56 51 44 59 67 46 34 49 45 47 49 47 47 47 49 58 57 40
8
0
43 54 30 47 68 59 55 30 47 54 47 51 50 56 47 61 60 54 44 48
9
0
36 32 38 69 36 44 46 45 42 57 50 47 56 48 59 59 51 46 54 53
10
0
62 36 58 51 37 46 44 47 50 57 37 41 67 48 58 51 56 42 51 47
11
0
33 42 40 45 56 60 49 55 39 52 50 43 54 51 30 38 42 61 57 34
12
0
43 59 51 56 43 65 46 54 52 42 61 37 58 57 58 49 46 56 62 39
13
0
56 50 48 66 65 54 67 54 43 52 40 51 62 43 45 43 56 47 40 53
14
0
51 70 73 48 44 45 82 41 56 50 47 64 54 62 42 56 55 47 46 36
15
0
55 43 53 56 54 36 51 53 42 49 57 62 55 42 60 61 47 49 64 57
16
0
48 48 49 49 40 56 55 60 60 43 56 54 34 52 41 55 57 60 51 37
17
0
49 63 30 47 47 67 40 38 46 43 47 30 62 65 68 52 72 47 35 47
18
0
43 48 89 74 30 37 45 50 55 59 39 75 52 64 31 54 65 58 56 50
19
0
55 35 40 58 43 56 39 62 49 49 63 55 50 50 36 48 54 43 37 59
20
0
67 43 52 48 71 49 45 63 49 39 54 42 66 50 70 70 35 42 53 68
21
0
44 51 64 36 56 53 61 50 59 58 41 62 60 50 69 61 38 36 33 47
22
0
56 64 56 34 43 46 44 42 40 53 67 45 55 48 38 39 50 42 55 48
23
0
40 59 37 60 60 62 50 57 35 77 44 60 51 64 29 47 70 60 54 46
24
0
42 49 54 50 43 45 55 34 54 44 48 40 43 26 41 60 42 47 49 44
25
0
49 62 33 54 52 69 64 44 65 52 51 39 65 72 32 62 57 42 41 63
26
0
42 37 48 57 46 66 64 51 24 54 43 55 58 53 63 46 45 60 54 58
27
0
45 60 62 49 54 52 54 43 53 56 64 57 38 50 49 58 59 42 34 47
28
0
38 54 65 42 53 80 69 49 33 43 50 55 46 45 53 44 51 58 41 39
29
0
47 51 39 60 58 42 47 47 40 52 36 37 53 62 49 57 52 42 52 52
30
0
55 49 36 43 55 56 57 75 49 43 29 41 51 29 42 70 50 48 44 50
31
0
50 53 49 37 48 61 44 37 43 56 48 45 58 40 55 53 54 56 36 48
32
0
48 33 38 44 52 46 46 55 49 64 36 40 49 30 39 43 42 39 27 36
33
0
63 43 43 41 49 41 47 47 46 39 58 56 45 31 73 62 59 54 47 69
34
0
47 47 41 63 52 58 55 57 49 40 61 55 55 51 56 38 60 50 49 39
35
0
47 52 45 52 54 51 38 49 45 40 39 54 42 49 41 72 62 55 39 57
36
0
42 39 52 45 58 62 57 40 45 37 54 53 49 67 37 34 52 29 40 41
37
0
31 47 54 56 44 49 38 37 50 49 69 47 59 46 49 44 46 40 40 42
38
0
57 46 48 34 68 49 52 52 66 57 57 50 64 51 57 37 50 55 27 31
39
0
49 45 46 46 48 58 59 41 46 56 53 40 40 53 46 48 50 34 31 58
40
0
31 45 60 48 30 55 50 42 49 57 37 76 35 55 56 45 41 47 62 45
41
0
54 36 24 39 68 46 49 49 42 61 60 50 49 44 48 31 61 43 54 44
42
0
50 36 39 42 48 54 57 44 42 50 41 59 67 64 50 58 38 49 34 50
43
0
52 50 45 49 54 46 48 28 47 50 59 45 47 50 57 52 78 60 35 68
44
0
49 39 54 59 61 61 40 61 55 52 55 35 55 56 45 55 50 51 49 52
45
0
51 59 46 59 42 45 42 38 52 41 36 42 46 56 42 39 43 83 55 43
46
0
38 53 44 39 45 29 44 67 38 68 39 44 41 64 57 64 47 48 48 43
47
0
48 52 55 59 45 45 68 50 41 45 46 45 41 54 39 52 50 58 62 51
48
0
55 59 50 48 52 46 60 60 53 47 64 58 50 54 59 41 44 38 55 47
49
0
64 66 48 51 52 69 61 56 42 36 62 40 53 65 53 50 70 43 35 68
