100
20
576475
0
0
39 42 43 41 42 44 44 42 41 42 42 42 40 43 43 43 43 46 40 44
1
0
48 53 52 46 50 48 49 50 48 49 49 48 48 47 48 47 48 52 52 49
2
0
46 48 46 49 48 46 43 47 48 45 46 46 47 47 46 51 46 45 49 46
3
0
52 51 51 48 52 50 49 48 53 50 51 50 54 50 51 48 51 49 50 56
4
0
46 44 46 48 51 49 45 47 47 46 42 47 43 45 47 47 47 46 49 44
5
0
42 44 43 42 42 42 46 44 41 39 45 42 45 39 41 39 41 41 42 40
6
0
38 36 38 37 37 41 39 43 35 39 38 36 40 42 39 36 38 37 40 37
7
0
38 39 36 41 40 38 39 37 38 37 39 35 37 39 41 37 38 38 38 39
8
0
48 56 47 49 49 48 47 48 52 49 52 49 51 55 48 51 53 51 49 52
9
0
43 46 45 43 41 46 45 48 47 44 47 44 46 42 46 44 41 44 45 41
10
0
47 49 51 50 48 48 49 49 47 50 49 47 56 47 47 48 48 48 46 48
11
0
59 54 56 57 57 55 54 57 56 57 49 54 58 57 57 56 61 56 54 60
12
0
42 45 47 43 43 43 45 44 44 42 45 46 43 46 43 45 44 44 41 45
13
0
62 63 61 58 61 58 62 61 62 63 60 65 65 63 62 60 65 59 55 62
14
0
67 67 65 67 62 64 66 69 64 70 62 65 63 67 66 68 68 65 65 65
15
0
26 23 27 26 26 26 23 24 27 25 23 24 22 25 26 27 25 29 26 26
16
0
60 61 58 58 63 63 63 60 59 61 59 64 60 61 63 64 62 61 61 58
17
0
43 48 47 48 46 44 49 46 45 49 47 48 48 48 47 48 48 50 48 49
18
0
69 68 70 67 64 69 68 71 69 69 69 70 67 70 71 71 68 68 70 72
19
0
59 58 56 60 57 62 60 62 57 61 63 59 57 59 60 57 58 60 58 60
20
0
44 46 46 44 44 42 47 46 46 45 43 41 46 47 43 45 46 46 49 46
21
0
83 78 79 75 76 79 82 81 85 82 76 84 78 82 79 76 78 76 85 83
22
0
44 46 47 48 45 47 47 43 48 47 50 47 43 47 47 47 49 44 47 48
23
0
43 43 42 37 39 42 37 39 42 39 35 42 37 39 37 40 38 38 40 36
24
0
82 78 83 76 73 79 77 82 77 76 81 76 76 81 82 79 77 83 75 77
25
0
47 49 50 48 47 47 47 49 48 52 49 47 49 44 51 49 46 50 49 52
26
0
43 40 42 44 43 45 41 43 42 45 42 44 41 40 44 47 41 45 41 40
27
0
53 53 52 50 53 54 54 52 55 52 56 53 54 53 54 52 52 47 54 52
28
0
47 47 49 48 46 49 44 48 45 46 47 51 46 46 49 43 49 49 49 46
29
0
54 55 54 54 55 53 59 53 53 52 58 56 55 54 57 49 58 53 56 56
30
0
41 41 44 41 43 43 45 41 44 45 43 43 41 43 42 41 39 42 41 46
31
0
53 52 50 52 50 50 52 48 53 56 48 49 52 51 50 51 52 52 51 54
32
0
49 50 51 47 45 47 47 48 47 44 46 46 46 48 47 51 51 46 48 47
33
0
42 40 42 40 41 44 44 42 44 39 41 42 43 37 40 42 38 42 39 39
34
0
42 43 43 47 42 45 47 48 44 42 43 41 44 48 46 46 42 44 42 47
35
0
44 46 46 47 45 42 41 45 43 44 47 45 45 46 45 48 42 43 49 46
36
0
41 42 40 48 43 40 36 38 40 39 43 39 43 40 43 42 43 47 42 40
37
0
50 50 47 54 50 49 52 54 49 52 48 50 49 52 51 48 49 50 48 51
38
0
45 42 43 40 42 40 42 41 41 41 48 41 46 39 42 41 43 45 40 41
39
0
45 46 48 47 43 47 44 46 43 44 48 47 52 47 48 48 43 48 43 48
40
0
44 47 43 41 43 44 40 42 43 45 47 45 45 46 42 42 40 42 40 45
41
0
42 38 37 39 41 39 42 39 36 42 40 39 40 41 41 41 41 40 40 40
42
0
46 41 44 46 44 42 44 43 43 43 44 47 42 43 44 43 42 44 46 44
43
0
78 75 74 70 74 72 73 74 74 71 73 72 75 75 73 72 76 78 74 76
44
0
35 35 37 35 33 38 30 38 34 35 35 35 36 36 35 36 36 35 36 35
45
0
52 53 50 47 50 50 48 51 49 50 50 48 51 51 50 47 50 49 52 48
46
0
68 66 66 65 66 65 68 69 67 66 62 64 64 65 64 64 66 66 64 62
47
0
40 41 42 40 40 42 42 40 44 40 41 41 42 40 39 41 44 41 38 45
48
0
62 59 55 59 62 57 62 61 60 59 58 60 58 57 61 62 59 58 64 62
49
0
58 53 52 55 56 53 54 51 50 56 54 57 53 50 54 57 57 54 58 55
50
0
54 55 51 54 54 55 53 52 53 52 51 55 51 53 56 56 57 57 61 59
51
0
62 61 58 60 57 61 59 61 62 62 60 62 59 59 59 62 62 58 61 64
52
0
38 40 40 42 40 39 38 39 37 42 41 40 40 40 39 42 37 38 40 37
53
0
43 40 41 40 41 38 40 43 43 39 41 40 40 43 40 42 38 44 42 43
54
0
46 47 48 49 48 46 51 47 54 50 50 49 46 51 43 51 50 50 49 51
55
0
60 64 59 58 59 59 59 56 54 61 59 60 59 59 64 57 65 57 62 60
56
0
61 66 61 60 59 62 64 58 64 63 58 64 60 61 60 61 61 64 65 60
57
0
43 40 43 45 44 44 41 44 45 45 40 41 43 43 42 43 45 41 42 40
58
0
60 61 57 63 62 62 62 63 60 59 65 60 63 56 59 60 62 62 62 62
59
0
61 63 60 60 59 60 61 63 62 60 59 59 60 60 58 61 59 59 59 60
60
0
59 51 57 50 55 51 53 54 50 52 52 54 53 57 55 54 56 50 58 55
61
0
49 50 46 45 48 53 48 48 48 51 50 48 47 47 48 50 49 47 47 42
62
0
48 48 47 50 46 50 50 50 46 41 51 49 47 48 47 46 46 45 47 48
63
0
52 53 50 44 49 51 50 48 52 50 46 51 48 50 54 48 50 50 52 52
64
0
41 46 41 42 41 43 44 42 42 44 42 46 46 41 45 45 43 39 44 43
65
0
43 44 46 42 42 40 43 42 42 43 45 43 46 42 45 43 42 43 44 43
66
0
53 52 54 55 54 52 52 56 56 55 54 53 56 53 57 58 53 54 54 51
67
0
39 38 39 40 37 40 37 36 40 38 39 39 40 39 38 39 38 37 36 37
68
0
53 55 56 55 56 54 55 52 60 53 60 56 54 55 55 57 54 52 53 54
69
0
52 57 53 54 54 55 52 57 52 55 52 54 57 55 54 52 51 52 54 52
70
0
33 33 33 32 35 35 33 34 33 36 32 34 31 32 32 35 33 32 34 35
71
0
48 49 47 49 50 48 49 48 51 45 45 48 52 50 45 49 52 49 49 51
72
0
58 53 59 54 54 57 58 57 59 59 59 53 52 55 56 59 57 58 56 56
73
0
49 55 55 55 55 56 54 50 53 56 54 54 58 53 49 53 51 51 53 53
74
0
62 57 60 62 62 61 63 58 60 61 64 58 64 61 60 63 67 60 60 63
75
0
36 37 41 41 39 39 40 39 39 39 39 39 40 38 37 38 38 40 37 42
76
0
51 50 49 49 49 43 51 48 48 50 46 50 53 49 55 49 46 52 51 48
77
0
70 67 66 71 70 68 70 68 66 65 66 65 72 68 71 69 67 72 70 70
78
0
63 58 57 58 58 59 56 62 54 62 58 59 60 57 59 59 56 57 56 59
79
0
49 49 50 48 51 52 49 46 47 48 47 49 44 49 45 51 54 49 50 49
80
0
69 67 73 71 70 73 71 66 62 71 66 68 69 69 68 70 71 63 72 68
81
0
58 62 60 60 62 59 59 63 60 62 54 62 64 59 60 60 57 58 60 61
82
0
55 58 57 57 54 57 60 60 59 60 60 53 55 57 57 56 56 54 60 50
83
0
56 54 53 54 51 50 49 49 49 50 52 50 54 52 51 53 53 54 54 51
84
0
44 48 49 45 47 46 45 44 44 45 44 48 46 48 49 49 50 50 50 46
85
0
63 63 63 60 61 64 64 61 64 66 63 62 63 63 64 58 62 65 66 62
86
0
58 63 66 62 65 59 64 61 64 64 65 65 62 59 59 62 61 62 65 65
87
0
56 59 55 56 55 58 59 62 57 60 59 60 56 56 59 54 58 57 57 59
88
0
44 46 43 45 44 43 43 44 43 46 45 46 44 41 43 45 42 40 43 46
89
0
55 57 56 56 54 56 58 58 54 54 60 56 61 61 57 54 55 61 59 56
90
0
56 57 54 51 54 56 52 55 53 55 53 50 52 53 53 55 54 54 54 55
91
0
50 51 53 48 47 51 54 46 48 46 51 51 47 50 55 53 47 47 48 48
92
0
51 54 51 53 57 55 56 54 53 54 53 57 55 54 51 54 52 52 54 58
93
0
54 51 53 52 49 51 49 48 51 49 49 52 52 50 48 49 48 54 50 49
94
0
55 61 56 58 57 57 60 58 60 56 58 57 58 59 59 56 58 58 59 58
95
0
28 27 26 28 28 32 27 29 26 28 30 27 27 29 29 28 29 27 29 27
96
0
44 46 46 46 49 43 52 43 45 48 44 46 49 47 46 49 50 49 46 47
97
0
57 55 54 54 57 55 56 55 56 56 56 54 55 50 55 57 53 54 54 56
98
0
61 61 62 65 64 59 63 65 66 59 63 57 58 67 61 62 61 62 64 64
99
0
51 47 49 50 52 48 50 49 47 52 49 48 53 47 47 47 49 50 48 45
