200
20
546263
0
0
62 51 52 40 38 48 68 43 65 36 38 54 50 47 46 49 55 42 53 47
1
0
44 44 54 55 57 53 54 50 61 52 61 36 44 66 64 67 53 76 53 39
2
0
41 46 55 71 54 38 60 49 52 64 55 58 73 49 53 56 65 43 52 58
3
0
47 49 65 40 53 44 45 55 61 54 48 56 46 53 63 45 48 57 48 43
4
0
41 41 46 59 48 53 46 65 52 49 56 58 56 40 38 47 39 43 46 46
5
0
45 51 43 32 45 46 35 45 51 31 44 48 37 38 47 62 40 45 64 51
6
0
47 37 39 39 50 46 47 32 46 54 43 46 38 48 56 44 58 38 64 52
7
0
44 55 36 40 35 59 51 49 43 53 46 60 64 57 49 46 41 54 61 52
8
0
51 49 62 51 35 48 67 70 59 46 67 58 45 48 55 40 41 52 67 65
9
0
47 44 65 58 52 43 63 66 40 36 47 44 49 60 49 51 54 42 60 22
10
0
46 49 44 40 49 45 56 30 60 57 59 52 43 37 62 60 34 48 48 56
11
0
50 48 53 51 46 40 53 45 37 52 41 43 44 35 41 55 40 52 45 35
12
0
43 57 30 36 62 58 48 36 49 64 36 49 36 50 52 47 44 51 50 50
13
0
41 55 43 57 82 46 50 64 34 57 50 64 31 49 32 41 41 43 39 43
14
0
59 52 55 43 43 45 44 43 61 48 52 39 62 24 51 54 50 45 45 38
15
0
47 38 35 48 62 61 41 50 35 27 44 52 53 55 53 57 62 56 60 49
16
0
42 56 42 59 34 47 46 49 65 50 53 49 60 38 24 52 29 50 42 53
17
0
50 65 47 41 51 57 58 62 49 51 46 32 30 50 33 50 46 56 36 64
18
0
52 68 51 43 33 60 52 53 40 57 67 52 63 39 52 56 29 48 55 46
19
0
41 48 47 62 54 48 51 51 42 64 41 43 40 44 39 46 48 43 47 45
20
0
68 52 53 31 54 54 46 49 53 65 62 64 47 43 47 36 38 41 54 54
21
0
58 63 65 62 62 50 41 52 44 58 58 47 51 57 55 56 50 41 51 52
22
0
61 55 55 63 60 60 66 60 40 56 63 61 43 49 60 72 54 69 53 28
23
0
49 40 62 33 41 63 48 51 46 28 51 41 60 64 43 42 47 48 45 49
24
0
44 87 44 56 54 50 40 47 41 43 45 61 43 49 41 62 43 46 44 41
25
0
67 43 48 51 51 46 37 40 40 55 52 46 62 47 38 54 46 69 51 43
26
0
50 61 63 50 36 52 45 42 51 63 63 68 37 68 32 47 46 56 42 59
27
0
54 49 51 47 42 42 60 43 67 42 37 55 54 51 40 68 65 46 71 46
28
0
52 37 46 50 54 41 38 56 58 38 56 65 45 49 64 51 45 60 70 56
29
0
34 49 48 49 32 59 54 54 41 77 58 61 50 57 44 68 55 63 49 56
30
0
40 46 42 37 50 39 55 49 56 56 27 50 66 56 65 53 43 43 56 31
31
0
43 51 61 37 52 44 47 44 41 47 39 36 56 57 53 55 49 46 34 65
32
0
81 52 44 52 44 50 42 51 53 33 47 61 37 43 48 46 29 44 49 63
33
0
51 49 54 58 33 69 51 48 50 62 66 54 65 43 53 39 56 48 33 47
34
0
48 41 38 80 48 49 65 52 66 39 55 70 56 57 56 58 45 37 48 64
35
0
51 78 53 45 60 62 53 41 57 47 63 56 41 36 53 57 42 60 61 59
36
0
62 45 34 55 61 46 36 38 48 48 48 58 53 39 40 67 48 55 43 40
37
0
60 55 70 34 51 45 41 44 58 38 46 34 50 46 44 49 51 38 51 46
38
0
40 33 40 43 37 49 49 40 50 58 54 67 57 46 45 39 63 41 72 59
39
0
42 42 36 56 65 50 63 64 63 40 39 57 41 43 53 52 59 63 41 46
40
0
38 43 35 41 42 49 50 51 42 56 44 62 63 75 38 53 39 45 50 45
41
0
46 48 43 62 38 59 49 43 47 46 60 44 68 57 44 54 46 44 46 51
42
0
36 41 41 74 48 58 50 53 42 53 37 48 60 68 65 65 51 62 58 70
43
0
50 47 59 59 78 43 43 58 56 50 32 44 44 44 46 57 62 47 59 60
44
0
53 40 37 52 51 53 63 53 33 47 40 59 56 33 43 47 39 59 71 61
45
0
69 54 58 48 53 52 44 38 37 54 72 60 65 44 53 49 51 40 59 32
46
0
43 62 50 60 43 53 59 61 43 65 54 60 54 47 40 45 53 41 53 39
47
0
53 41 47 78 35 70 36 39 69 59 61 42 44 56 57 49 33 50 36 41
48
0
56 55 50 63 58 38 53 64 46 60 44 54 54 54 63 60 48 67 54 50
49
0
48 44 57 52 39 51 52 60 45 46 59 63 33 40 48 47 44 47 62 44
50
0
43 58 37 68 42 44 49 49 46 62 68 72 52 50 65 40 42 46 40 40
51
0
55 44 56 64 59 45 39 44 46 48 40 64 50 49 58 50 51 54 51 55
52
0
54 45 33 55 61 66 48 47 40 55 51 59 40 42 34 77 42 53 35 27
53
0
51 52 45 63 47 47 49 64 38 47 59 39 55 56 43 42 44 82 59 54
54
0
41 41 48 34 60 59 40 55 37 33 56 38 42 63 46 52 53 46 46 48
55
0
50 59 42 48 43 48 57 64 38 44 43 33 45 58 68 51 57 42 54 22
56
0
56 51 42 52 51 48 47 51 61 44 56 37 55 49 44 45 55 41 46 61
57
0
52 52 47 56 47 50 54 47 62 45 66 55 43 53 52 49 54 59 74 55
58
0
60 46 62 51 40 55 30 50 34 47 62 40 32 52 56 53 64 50 57 77
59
0
39 53 41 74 46 67 57 35 56 49 38 54 43 61 38 45 26 64 51 29
60
0
57 40 45 45 49 41 58 52 47 48 41 37 46 54 48 48 51 41 46 39
61
0
52 55 40 71 49 30 49 40 52 45 64 31 38 53 66 48 52 53 39 73
62
0
60 29 41 58 39 35 55 28 38 33 50 50 40 64 46 46 62 43 59 53
63
0
46 42 46 34 43 49 65 45 43 39 36 73 46 60 49 54 43 48 48 43
64
0
50 60 41 47 62 42 36 40 57 46 49 98 35 47 70 41 53 39 52 57
65
0
33 41 54 58 59 58 60 46 65 48 54 38 68 47 50 52 54 54 79 40
66
0
58 45 61 49 61 51 55 49 39 33 68 65 45 74 50 58 75 49 54 48
67
0
59 46 24 54 29 67 39 42 56 58 55 48 46 25 71 46 51 57 42 48
68
0
32 53 58 58 68 39 49 52 46 35 61 42 68 77 34 72 58 64 46 63
69
0
41 58 68 44 47 46 49 47 42 46 54 41 56 58 50 38 38 52 39 34
70
0
63 59 57 58 39 50 50 66 37 24 37 41 64 58 62 39 62 54 66 47
71
0
47 51 66 54 56 50 47 52 53 36 54 44 46 39 47 50 45 54 57 60
72
0
60 33 45 49 40 30 61 50 39 52 56 63 52 44 59 50 40 64 31 43
73
0
46 55 63 46 41 47 46 56 59 53 55 64 52 33 50 54 42 45 30 36
74
0
40 63 63 33 25 51 45 43 49 54 54 38 46 44 65 58 53 38 47 40
75
0
37 57 51 56 51 35 57 46 55 59 47 43 59 38 49 37 60 61 59 49
76
0
48 52 28 63 41 64 46 57 59 59 50 48 49 43 37 55 47 32 45 52
77
0
45 58 46 42 62 49 57 34 28 47 33 50 49 55 70 66 51 49 85 53
78
0
46 44 60 39 54 61 44 38 42 51 40 66 36 42 52 64 52 64 67 41
79
0
48 64 47 40 38 41 48 59 43 38 39 42 47 51 65 67 66 54 53 31
80
0
42 38 49 50 50 48 38 56 40 62 46 45 40 41 59 45 46 44 61 36
81
0
43 35 69 60 54 55 61 46 71 38 57 59 45 55 55 45 26 58 46 61
82
0
40 46 42 62 51 46 27 73 44 33 52 61 84 42 47 50 52 49 52 46
83
0
46 50 52 66 44 55 66 76 45 51 71 42 42 68 68 64 53 46 63 48
84
0
45 37 55 44 46 49 34 56 50 45 33 32 47 56 37 58 45 36 52 80
85
0
81 49 56 59 59 73 42 64 34 39 71 49 48 56 32 67 47 61 48 48
86
0
69 55 48 54 58 63 74 44 43 57 56 68 43 48 38 56 54 51 46 55
87
0
41 49 44 50 46 61 71 48 42 42 52 38 52 56 45 46 32 53 50 60
88
0
60 69 59 41 49 60 56 54 43 42 59 43 42 51 50 61 45 60 65 46
89
0
51 48 54 55 44 36 52 43 45 49 46 36 40 42 42 56 48 54 43 35
90
0
49 62 48 40 50 48 42 50 46 43 44 62 58 55 56 35 40 50 33 47
91
0
52 45 44 47 48 51 51 42 56 68 50 56 39 62 48 43 45 51 39 42
92
0
42 55 51 43 51 50 54 51 33 44 38 48 52 55 39 41 41 47 54 66
93
0
48 73 49 52 40 48 34 66 60 42 38 41 48 47 59 50 57 47 43 36
94
0
45 70 38 48 25 49 44 58 34 38 49 63 44 41 39 58 39 59 52 60
95
0
52 51 42 60 71 47 48 37 40 52 42 63 66 36 57 50 48 62 62 55
96
0
49 46 58 49 45 44 61 38 43 48 38 51 64 32 52 56 42 44 59 57
97
0
43 65 54 48 53 44 49 31 38 46 67 42 56 60 47 64 56 55 66 52
98
0
49 60 51 54 42 50 35 59 53 43 52 56 45 57 38 36 43 35 36 49
99
0
64 60 46 51 37 48 37 37 47 47 50 54 35 43 59 42 40 54 48 49
100
0
44 51 31 49 43 61 35 54 50 56 53 52 43 37 58 59 31 53 40 35
101
0
47 45 52 37 46 52 36 58 49 42 62 46 61 51 49 48 46 40 41 66
102
0
48 48 50 24 53 42 53 45 63 42 52 52 72 60 38 39 62 48 56 51
103
0
56 74 56 35 44 39 37 63 56 36 44 42 39 42 67 41 63 49 51 59
104
0
39 46 52 55 53 50 60 42 47 53 66 53 58 47 56 59 43 56 49 56
105
0
62 56 61 43 36 40 42 41 56 50 46 38 35 55 40 38 54 48 35 34
106
0
40 60 57 33 60 53 49 42 44 44 36 72 54 43 43 40 38 43 34 47
107
0
46 32 46 41 44 58 69 58 31 66 52 60 56 37 48 48 35 43 60 38
108
0
67 57 34 45 62 49 43 70 59 51 49 45 51 52 62 54 63 42 47 57
109
0
53 51 55 47 36 38 67 48 60 59 51 59 37 41 61 65 63 58 46 37
110
0
60 52 49 55 47 39 47 52 36 54 55 56 36 52 47 56 54 44 51 54
111
0
53 43 44 54 55 47 67 33 45 36 64 44 53 35 39 74 82 40 58 52
112
0
36 41 35 71 52 60 59 66 42 52 39 56 52 52 46 55 39 49 56 45
113
0
45 40 46 60 56 48 41 41 71 40 55 35 49 49 55 55 62 50 56 69
114
0
44 57 54 36 50 50 66 46 34 48 41 57 40 38 54 29 44 51 54 45
115
0
44 49 37 62 29 51 51 41 43 56 37 68 39 48 62 45 40 47 50 54
116
0
56 59 54 58 57 55 39 51 42 40 64 52 41 54 57 58 38 43 47 57
117
0
46 55 53 49 37 48 51 61 61 50 71 43 39 41 55 29 51 33 55 42
118
0
44 56 67 63 46 52 40 54 50 54 41 40 59 38 45 39 39 46 34 53
119
0
64 51 39 45 55 62 75 46 57 60 39 71 39 48 44 53 46 46 58 43
120
0
57 39 56 62 62 37 41 47 67 43 54 51 42 45 37 45 57 53 42 46
121
0
55 65 46 74 38 55 65 48 37 58 53 47 55 42 53 45 43 43 47 61
122
0
48 58 54 67 44 57 54 45 49 64 52 50 40 36 50 46 55 57 53 50
123
0
46 71 69 47 62 52 59 43 42 47 73 46 49 50 45 33 50 37 60 60
124
0
57 38 60 58 73 50 70 47 48 70 51 59 44 57 64 53 50 59 38 56
125
0
43 63 69 29 38 45 59 56 52 53 45 56 48 50 39 55 63 39 45 43
126
0
51 39 63 41 58 42 27 55 51 55 58 56 42 52 43 55 30 23 46 81
127
0
28 54 46 51 33 57 30 49 42 43 37 56 54 45 64 34 54 53 31 48
128
0
50 40 49 43 43 46 33 37 41 47 57 50 62 44 42 33 52 43 47 49
129
0
63 43 42 51 56 50 46 52 49 54 45 51 39 68 46 39 57 41 56 47
130
0
31 36 38 63 37 56 59 59 46 53 46 60 62 47 44 48 65 42 66 52
131
0
64 40 19 59 61 64 52 22 53 32 44 36 43 52 51 44 60 55 36 74
132
0
62 77 44 44 59 54 61 31 42 53 56 44 46 53 45 41 48 45 42 66
133
0
72 43 44 69 38 50 44 63 64 46 44 59 44 66 45 57 51 55 53 39
134
0
41 52 43 57 48 33 48 50 44 48 53 61 60 56 48 52 62 42 72 43
135
0
46 54 58 56 79 74 37 59 54 40 67 45 40 45 47 55 58 77 45 51
136
0
48 48 41 55 26 53 54 68 61 56 55 45 70 47 42 45 62 51 63 43
137
0
40 40 37 49 52 48 39 60 56 64 62 51 43 52 55 35 42 48 46 43
138
0
39 45 59 51 43 60 65 46 58 54 66 55 37 63 61 48 52 52 60 61
139
0
50 47 46 47 41 58 34 58 38 40 53 33 48 44 57 76 63 62 67 42
140
0
69 47 40 46 39 49 46 39 65 48 48 39 58 38 64 39 43 39 51 56
141
0
48 55 44 54 59 54 49 51 54 47 40 59 54 72 61 42 59 72 48 55
142
0
43 54 48 64 53 57 71 49 60 51 42 65 47 42 62 57 48 53 54 45
143
0
48 39 45 47 40 42 59 64 31 37 67 52 51 29 43 58 40 68 32 47
144
0
38 46 53 53 63 50 43 48 33 26 56 43 51 42 56 46 46 64 45 51
145
0
52 49 66 48 38 55 66 49 30 44 58 69 48 37 49 37 50 43 45 51
146
0
48 45 45 42 52 61 52 58 41 39 44 59 45 37 31 51 61 36 48 45
147
0
76 38 39 56 62 46 59 56 49 75 41 56 54 52 47 54 37 45 46 47
148
0
62 50 52 57 59 64 53 42 52 66 43 36 68 58 49 59 47 47 60 47
149
0
54 37 41 44 41 41 66 51 39 62 50 52 45 50 32 67 44 40 49 46
150
0
40 60 48 63 58 38 56 39 46 46 35 57 34 61 53 60 26 38 59 42
151
0
46 34 44 25 48 35 39 61 48 38 39 52 57 46 28 53 52 48 78 55
152
0
41 45 35 57 39 49 67 60 61 47 39 30 61 54 36 71 62 46 43 45
153
0
50 56 68 48 69 60 70 52 62 51 48 56 39 52 40 49 48 37 57 56
154
0
48 47 43 53 56 44 37 74 52 46 46 59 60 44 56 50 59 49 35 56
155
0
47 34 50 64 46 61 60 44 54 54 43 39 37 58 56 57 38 45 60 52
156
0
61 51 65 46 51 34 39 55 65 43 26 49 52 33 60 64 47 40 41 36
157
0
64 68 55 38 47 44 54 53 45 39 48 36 39 47 45 56 33 45 50 58
158
0
62 78 58 64 53 50 43 49 60 42 44 36 57 30 37 39 40 32 37 43
159
0
39 42 61 36 49 53 59 52 57 57 46 58 63 44 43 49 52 54 67 42
160
0
49 49 37 43 59 52 55 44 62 58 46 32 55 55 43 41 45 52 35 39
161
0
58 47 63 61 42 42 71 45 55 45 54 52 42 58 44 45 82 61 56 38
162
0
45 43 47 54 55 47 56 52 53 55 44 55 48 58 45 51 55 54 46 67
163
0
45 48 50 53 48 59 53 52 47 44 62 46 54 38 48 55 42 69 40 58
164
0
47 42 38 44 37 73 61 47 50 43 57 61 29 55 44 54 43 58 52 51
165
0
56 53 46 35 54 62 61 50 50 53 42 59 42 46 59 54 61 46 28 63
166
0
28 44 59 45 41 38 57 45 57 55 51 53 41 58 51 49 39 56 48 50
167
0
58 48 45 38 44 43 56 53 53 56 51 43 52 48 49 53 53 47 47 40
168
0
34 58 46 54 49 51 58 50 62 59 42 47 48 42 54 45 86 42 48 60
169
0
58 43 82 51 64 35 38 53 29 44 45 36 53 42 48 35 48 30 43 36
170
0
47 37 32 56 53 38 43 37 40 46 61 48 58 53 40 45 45 60 58 53
171
0
52 40 46 27 56 54 50 42 46 50 63 55 47 57 72 40 37 39 51 41
172
0
54 32 39 50 37 41 61 48 50 47 50 41 46 54 47 57 44 39 38 45
173
0
73 44 48 47 51 58 51 52 69 49 74 51 51 36 52 64 43 50 49 36
174
0
50 58 35 40 32 48 66 59 49 59 41 55 42 40 49 66 41 50 45 50
175
0
29 56 42 31 60 58 40 45 51 64 50 44 43 56 47 47 46 44 49 48
176
0
66 35 35 70 45 46 65 30 55 60 43 54 51 48 39 39 33 42 57 55
177
0
61 49 67 37 41 52 51 47 48 39 42 53 63 60 46 47 50 23 48 66
178
0
54 56 55 59 45 41 34 46 62 42 36 36 72 48 36 55 40 54 56 41
179
0
57 71 47 43 52 61 51 44 47 61 50 68 33 48 56 59 57 40 33 45
180
0
35 52 67 50 47 45 48 43 39 69 55 53 45 40 64 69 39 41 45 51
181
0
36 71 54 48 30 51 52 43 51 43 34 45 45 40 47 34 38 58 48 45
182
0
59 42 51 46 48 50 66 73 44 49 68 42 49 41 46 63 38 49 55 33
183
0
51 53 57 47 70 31 47 47 53 58 46 47 49 73 45 74 66 41 47 46
184
0
59 53 66 63 57 34 55 45 42 46 65 60 39 55 52 46 44 65 40 41
185
0
59 58 43 59 51 42 50 46 51 47 48 36 57 70 63 62 54 42 59 61
186
0
47 55 56 54 58 38 38 74 37 40 70 65 53 44 46 50 59 66 56 48
187
0
54 50 48 50 53 55 55 41 42 37 65 34 56 41 71 66 52 62 54 60
188
0
46 51 38 48 68 51 33 52 53 57 51 43 43 57 53 62 52 50 45 55
189
0
55 44 54 36 29 64 50 50 59 49 57 68 41 54 36 37 57 58 50 49
190
0
73 63 61 43 33 56 59 35 41 56 56 55 35 39 44 48 50 38 68 54
191
0
67 43 45 45 59 49 32 61 63 70 61 47 56 41 56 57 52 42 52 35
192
0
53 50 31 49 51 41 44 54 60 62 54 40 48 57 51 62 53 55 23 46
193
0
43 53 50 46 54 47 31 52 64 35 40 62 54 44 56 49 42 32 73 48
194
0
37 48 64 41 54 41 57 49 71 42 47 53 36 46 55 48 43 42 49 59
195
0
66 55 40 60 66 59 64 62 43 40 45 53 40 58 55 46 63 52 46 49
196
0
56 59 78 41 39 42 60 58 60 44 49 68 61 52 54 45 57 50 38 48
197
0
53 73 64 57 56 40 57 36 31 64 40 50 49 30 59 48 35 42 41 39
198
0
51 56 61 47 45 57 52 42 79 59 48 64 70 57 52 52 47 44 33 57
199
0
37 48 50 45 50 52 47 46 45 47 59 58 67 52 66 61 32 37 29 35
