50
10
622408
0
0
44 43 41 45 44 46 42 42 45 43
1
0
66 62 67 69 67 63 66 66 67 60
2
0
74 68 71 75 74 71 72 71 71 74
3
0
51 46 52 49 47 48 51 47 48 45
4
0
51 51 49 50 49 52 49 51 50 50
5
0
56 50 56 55 53 51 54 52 54 53
6
0
56 55 58 58 51 53 56 52 60 53
7
0
74 74 75 77 70 74 76 71 71 74
8
0
46 47 53 49 48 47 51 47 48 51
9
0
37 36 36 36 31 35 36 34 40 33
10
0
55 50 53 51 50 53 54 50 58 55
11
0
55 54 54 59 55 61 56 57 59 58
12
0
57 60 56 58 61 56 60 61 60 60
13
0
57 55 56 57 52 61 56 60 56 61
14
0
43 39 42 41 39 42 44 40 41 42
15
0
65 68 61 65 61 59 65 64 60 63
16
0
55 55 55 52 60 54 56 57 52 51
17
0
36 36 34 36 35 36 38 35 36 37
18
0
46 46 48 44 44 44 44 44 50 44
19
0
58 56 59 57 60 59 55 59 56 55
20
0
48 48 50 48 49 47 48 45 45 47
21
0
34 33 33 36 34 32 34 38 32 31
22
0
36 38 42 33 34 38 38 35 37 36
23
0
59 60 55 57 54 55 59 58 58 55
24
0
53 56 51 56 54 56 50 55 58 57
25
0
47 49 46 43 48 44 45 49 45 45
26
0
58 58 61 59 61 62 61 62 60 56
27
0
51 48 46 50 49 47 48 49 47 46
28
0
56 52 49 47 53 56 53 52 54 52
29
0
56 50 52 53 52 53 51 50 49 56
30
0
52 51 50 52 51 50 52 50 52 49
31
0
48 48 46 51 48 49 47 49 53 48
32
0
39 39 42 38 36 35 37 39 37 37
33
0
55 57 63 56 59 58 57 57 59 59
34
0
43 46 46 45 48 45 45 46 48 46
35
0
50 49 55 55 51 52 55 54 50 50
36
0
42 41 41 42 40 41 40 43 41 41
37
0
64 68 66 66 67 64 67 64 66 65
38
0
39 37 40 43 41 39 39 39 40 43
39
0
51 56 55 53 55 55 54 56 53 53
40
0
48 49 50 52 49 49 49 49 52 48
41
0
57 57 60 59 60 59 56 61 55 58
42
0
51 47 46 44 46 44 46 46 43 47
43
0
38 39 42 40 42 37 39 40 39 43
44
0
55 58 59 57 58 59 56 62 59 57
45
0
48 44 44 43 47 48 43 45 47 47
46
0
52 59 55 53 49 56 51 53 56 55
47
0
38 39 33 42 41 37 37 37 41 36
48
0
43 35 42 43 36 38 39 43 37 39
49
0
45 46 46 48 45 49 48 46 49 49
