20
20
864156
0
0
37 54 42 52 54 32 35 49 66 47 55 55 51 52 35 41 51 43 49 37
1
0
63 44 53 50 53 50 43 27 67 47 70 43 46 64 44 35 67 51 54 55
2
0
53 43 46 53 49 50 30 47 50 52 65 54 65 55 52 43 48 56 68 36
3
0
38 45 48 45 36 56 70 42 48 41 52 41 45 43 43 44 44 50 42 54
4
0
41 40 34 56 42 61 53 50 48 49 65 57 38 44 53 52 56 37 55 32
5
0
55 47 44 34 39 43 69 40 45 57 47 58 60 54 42 46 58 33 52 54
6
0
34 46 40 48 34 49 39 61 74 57 53 57 59 47 58 55 62 36 44 66
7
0
63 50 50 37 61 28 36 67 40 46 47 40 56 48 58 38 44 47 54 61
8
0
61 55 60 51 53 48 30 60 42 44 52 73 50 53 36 39 47 27 29 44
9
0
56 54 38 44 50 42 54 32 40 60 59 53 45 73 27 53 48 48 57 68
10
0
59 54 43 38 62 49 29 58 48 37 40 43 34 48 36 32 33 42 48 50
11
0
25 54 51 36 42 59 55 59 50 51 55 33 32 47 41 49 42 39 59 46
12
0
46 36 44 45 48 51 64 58 82 69 37 53 33 43 34 36 42 45 39 55
13
0
59 76 49 39 47 68 44 57 45 37 36 58 48 50 34 46 51 45 43 33
14
0
68 52 42 57 51 57 53 51 44 54 59 51 37 43 35 49 50 46 27 39
15
0
62 96 49 45 50 54 43 50 42 65 62 54 50 68 51 51 51 59 49 63
16
0
42 41 38 59 36 52 41 57 48 56 44 40 39 67 73 56 43 30 46 49
17
0
58 54 57 52 71 34 40 42 46 47 63 52 30 48 47 67 44 47 49 39
18
0
47 53 51 41 46 54 39 42 44 49 82 47 56 45 67 32 37 25 59 61
19
0
67 40 32 68 64 51 70 53 69 42 32 40 54 56 45 69 26 42 64 45
