100
10
404905
0
0
64 66 68 66 65 65 63 70 66 64
1
0
62 58 59 57 58 61 56 59 59 57
2
0
62 58 61 57 62 64 63 62 63 63
3
0
69 65 63 69 63 62 62 64 61 62
4
0
52 51 47 52 52 45 47 49 50 49
5
0
42 42 43 40 40 43 41 43 41 44
6
0
53 51 49 54 52 51 50 44 48 49
7
0
43 44 45 47 46 44 46 44 46 48
8
0
53 50 53 47 52 48 52 50 57 50
9
0
65 60 63 68 64 66 67 65 61 64
10
0
54 63 57 60 62 62 58 60 62 61
11
0
50 49 50 48 49 49 48 48 47 50
12
0
46 45 42 43 46 46 49 46 44 43
13
0
54 48 51 48 47 50 53 46 55 51
14
0
65 68 70 66 70 69 64 62 67 66
15
0
54 52 54 54 57 52 57 54 56 52
16
0
48 47 47 43 49 47 46 47 48 47
17
0
55 52 53 53 53 50 55 53 56 49
18
0
48 42 47 40 44 42 44 40 42 41
19
0
57 52 60 59 60 60 64 59 55 57
20
0
49 47 42 47 44 52 46 45 46 47
21
0
64 62 64 64 64 60 62 62 63 63
22
0
44 48 46 48 43 50 51 46 48 50
23
0
42 39 41 42 41 44 41 44 44 41
24
0
57 56 57 56 58 59 60 63 57 60
25
0
67 66 68 65 66 73 64 67 70 70
26
0
47 47 47 47 50 49 48 48 47 42
27
0
50 52 53 51 53 50 51 50 52 51
28
0
53 56 55 52 56 53 57 55 55 55
29
0
38 38 39 43 36 38 39 38 41 42
30
0
49 52 48 52 47 51 52 47 47 49
31
0
59 59 63 58 55 60 62 59 60 58
32
0
56 59 60 62 62 60 54 57 58 59
33
0
37 40 36 40 44 39 37 42 38 40
34
0
58 58 59 56 57 54 56 54 58 59
35
0
44 48 42 47 48 46 49 46 47 50
36
0
42 41 43 44 43 44 44 44 45 43
37
0
43 46 42 43 44 44 44 45 42 44
38
0
68 69 67 66 69 65 67 69 70 68
39
0
74 68 65 65 66 65 71 70 66 67
40
0
64 61 58 62 65 61 62 59 66 63
41
0
56 58 55 57 57 51 54 60 55 55
42
0
47 46 43 46 50 44 47 50 45 43
43
0
44 40 44 42 41 44 36 40 38 38
44
0
55 50 53 56 52 54 54 56 53 53
45
0
59 59 54 58 59 61 55 59 58 56
46
0
35 31 35 33 33 35 36 31 31 33
47
0
60 58 61 55 56 60 57 54 59 62
48
0
35 37 33 34 36 33 32 33 34 33
49
0
58 54 56 58 57 62 58 56 58 63
50
0
46 46 48 44 42 48 45 42 48 48
51
0
55 55 55 59 58 60 57 60 57 56
52
0
59 55 62 60 59 59 62 58 57 58
53
0
43 43 47 44 44 45 41 50 44 45
54
0
52 50 51 53 49 51 49 52 53 52
55
0
48 54 52 50 52 50 48 47 48 46
56
0
77 73 74 71 77 77 73 71 77 78
57
0
46 43 44 48 45 43 46 48 45 44
58
0
34 34 35 35 34 33 33 34 34 37
59
0
50 46 48 50 48 48 46 43 48 48
60
0
51 52 56 54 52 51 53 51 54 55
61
0
54 55 50 57 52 52 55 52 51 53
62
0
44 46 45 47 46 44 45 42 45 47
63
0
44 44 45 46 46 44 46 40 44 43
64
0
57 58 59 59 55 55 56 59 57 55
65
0
33 33 30 31 31 29 31 30 31 33
66
0
51 52 51 52 54 50 49 53 51 49
67
0
47 48 45 46 44 46 43 44 46 46
68
0
41 43 43 41 41 41 40 42 44 37
69
0
76 75 73 78 76 76 75 73 71 76
70
0
35 35 34 33 32 34 36 32 36 34
71
0
32 38 33 32 32 35 32 38 36 35
72
0
48 50 51 52 57 52 57 49 51 57
73
0
45 49 50 50 48 45 46 47 54 47
74
0
35 35 33 36 33 37 34 33 36 34
75
0
45 48 49 46 49 49 46 45 51 46
76
0
44 43 43 43 46 45 43 44 45 44
77
0
46 49 46 49 47 51 48 49 47 48
78
0
46 44 48 46 45 45 43 46 44 43
79
0
38 40 42 39 39 42 36 42 42 39
80
0
50 46 49 47 52 49 51 50 49 49
81
0
51 53 49 51 52 53 53 51 51 48
82
0
62 68 63 63 66 63 68 64 68 62
83
0
50 49 49 46 52 47 49 52 50 45
84
0
66 64 60 62 62 64 64 58 66 62
85
0
59 60 63 59 55 55 57 59 55 59
86
0
44 46 46 43 45 47 45 50 49 47
87
0
64 63 64 65 63 63 63 63 64 66
88
0
47 46 50 46 46 47 47 46 45 46
89
0
73 75 69 73 71 73 76 67 73 74
90
0
41 41 41 41 37 39 40 39 41 38
91
0
74 80 74 77 75 77 75 77 77 73
92
0
51 49 55 58 50 52 56 52 50 52
93
0
56 57 55 57 59 63 54 57 52 59
94
0
70 69 73 67 66 71 68 70 72 68
95
0
40 42 42 38 42 39 42 43 43 40
96
0
53 49 54 55 50 54 56 54 56 52
97
0
38 36 37 37 35 37 37 38 38 38
98
0
57 58 57 63 58 59 61 60 60 61
99
0
55 54 53 60 55 60 54 58 57 57
