50
20
511301
0
0
37 66 64 32 47 43 58 58 69 53 71 40 65 38 56 49 54 61 66 70
1
0
33 62 65 33 48 41 60 53 67 54 70 34 68 36 60 50 54 64 68 71
2
0
34 65 64 34 52 45 62 51 63 55 68 38 66 39 62 48 59 59 71 70
3
0
33 69 64 34 49 47 55 54 65 51 71 37 63 40 58 53 55 66 66 64
4
0
29 62 62 35 47 43 52 50 69 53 66 36 66 42 62 50 56 64 67 70
5
0
30 61 58 34 46 41 61 56 64 55 66 35 69 41 59 50 49 60 65 70
6
0
31 65 67 35 44 42 60 53 65 55 68 34 62 36 62 52 56 63 71 67
7
0
35 64 66 31 49 42 60 56 69 53 65 36 66 39 59 52 58 64 64 65
8
0
32 61 60 30 45 44 58 52 66 59 70 36 64 38 60 51 53 60 66 69
9
0
32 59 63 32 48 45 58 58 66 55 68 38 68 40 62 53 57 63 69 66
10
0
33 61 63 34 47 38 55 56 66 53 73 42 68 37 64 51 55 58 67 66
11
0
34 63 62 34 50 45 57 51 68 52 65 39 66 36 59 50 54 64 69 68
12
0
33 61 64 36 49 43 58 55 64 55 64 37 68 41 59 52 56 63 63 61
13
0
31 62 63 35 47 42 58 52 70 50 70 40 68 38 59 50 57 60 68 70
14
0
33 62 66 34 47 44 60 57 73 54 68 35 70 41 58 50 56 62 68 69
15
0
31 62 65 37 43 43 57 53 66 49 71 34 72 38 57 52 55 60 66 63
16
0
31 65 66 32 47 43 58 52 61 57 70 38 68 40 60 53 59 63 69 71
17
0
31 63 64 33 47 44 58 52 66 50 68 35 65 40 61 53 51 59 70 64
18
0
32 61 62 39 48 40 56 55 63 54 70 37 70 37 60 53 57 65 66 70
19
0
37 63 64 32 45 43 62 52 70 58 67 39 69 37 63 54 58 59 70 61
20
0
28 63 63 36 50 40 62 57 67 52 74 37 63 42 60 52 55 59 65 69
21
0
34 63 63 33 48 43 57 53 67 57 64 38 68 38 64 51 56 63 68 67
22
0
33 58 60 34 49 42 57 55 62 52 68 37 69 35 60 49 53 62 67 69
23
0
28 66 57 38 46 45 55 56 68 53 70 37 63 39 62 47 53 65 70 67
24
0
32 61 62 31 48 44 57 53 65 53 65 35 66 40 58 52 55 60 63 69
25
0
34 62 62 36 47 44 63 55 65 53 66 36 66 38 61 49 55 63 70 68
26
0
33 62 64 34 51 43 60 50 63 53 69 37 69 39 62 49 57 60 67 69
27
0
33 60 61 35 48 45 60 55 66 57 74 34 70 39 56 50 55 57 67 70
28
0
30 64 63 34 45 44 56 57 64 56 73 36 68 38 62 52 54 63 64 69
29
0
31 64 60 33 47 37 58 56 67 56 71 32 69 35 60 50 53 55 65 65
30
0
35 65 60 32 47 39 55 55 67 55 65 38 69 43 62 47 59 61 69 70
31
0
32 63 58 32 47 40 55 55 62 56 68 40 66 43 63 53 57 61 73 70
32
0
32 60 61 33 45 40 59 49 67 56 69 36 69 40 60 49 57 62 70 67
33
0
34 65 62 34 47 43 58 52 71 52 68 38 66 38 60 51 55 65 71 64
34
0
32 62 64 33 49 40 66 54 67 53 68 35 63 40 60 51 53 67 70 64
35
0
35 65 64 35 51 40 57 54 62 54 71 37 67 41 59 47 50 59 68 69
36
0
32 64 64 34 44 39 56 53 64 53 66 36 70 36 59 53 54 60 71 70
37
0
31 62 59 35 45 36 55 50 62 55 72 36 67 38 58 50 54 58 66 66
38
0
31 69 65 36 49 40 63 57 69 53 70 38 68 40 60 49 51 59 66 68
39
0
33 61 70 36 47 40 61 53 64 54 66 33 67 43 63 47 60 64 68 69
40
0
35 63 66 35 46 42 58 54 66 54 68 38 67 43 55 51 50 60 65 64
41
0
30 63 64 32 49 39 58 52 66 53 67 36 70 38 58 51 57 64 69 65
42
0
33 62 61 35 47 43 59 52 66 53 69 34 69 38 62 47 52 57 71 69
43
0
31 62 64 37 47 42 60 55 60 52 68 36 65 38 58 50 56 62 66 70
44
0
32 62 66 36 48 42 59 55 65 57 68 37 67 39 63 49 54 60 64 65
45
0
32 64 62 35 45 42 57 49 64 55 68 38 68 40 63 49 54 62 71 71
46
0
31 65 64 34 51 44 60 54 63 54 67 39 71 38 60 52 49 63 68 63
47
0
31 67 65 36 48 43 61 55 61 51 75 36 62 38 62 50 56 63 63 68
48
0
33 61 63 33 47 43 63 55 62 54 65 39 68 38 60 49 55 62 67 69
49
0
31 69 61 35 47 38 57 56 64 51 72 37 66 35 59 51 57 60 67 69
