50
5
929480
0
0
42 44 39 41 39
1
0
27 28 27 24 26
2
0
62 55 62 57 65
3
0
49 52 51 49 48
4
0
53 55 55 54 55
5
0
45 44 44 43 44
6
0
62 62 61 64 67
7
0
52 50 50 47 52
8
0
68 65 66 66 64
9
0
44 44 47 40 44
10
0
64 59 63 60 63
11
0
53 49 55 54 55
12
0
61 66 62 64 61
13
0
74 72 69 77 75
14
0
51 53 54 50 55
15
0
39 37 38 39 34
16
0
35 35 31 35 35
17
0
72 72 77 75 73
18
0
41 38 41 39 39
19
0
51 50 52 52 49
20
0
67 72 66 63 65
21
0
48 47 47 45 44
22
0
62 63 63 60 65
23
0
54 54 60 58 56
24
0
45 49 47 46 47
25
0
30 28 29 28 34
26
0
43 38 39 43 42
27
0
38 43 42 38 41
28
0
69 65 69 65 66
29
0
54 55 55 56 49
30
0
56 53 56 56 54
31
0
64 68 60 62 69
32
0
44 49 42 45 43
33
0
76 69 74 75 66
34
0
44 45 41 44 41
35
0
48 44 44 45 46
36
0
49 49 51 44 49
37
0
30 29 31 29 30
38
0
58 60 57 63 59
39
0
52 53 51 53 53
40
0
61 62 63 61 65
41
0
55 58 60 56 55
42
0
40 38 36 37 38
43
0
40 45 45 46 43
44
0
62 60 60 59 59
45
0
53 53 48 48 50
46
0
52 50 52 51 51
47
0
52 52 53 57 52
48
0
34 34 33 35 37
49
0
59 61 61 61 59
