200
10
406141
0
0
40 44 51 35 53 33 52 52 43 47
1
0
33 45 57 41 60 33 46 55 46 51
2
0
34 44 56 40 61 37 49 51 42 50
3
0
38 46 51 43 59 37 48 54 44 50
4
0
36 43 54 39 59 32 47 54 45 52
5
0
38 44 58 39 56 39 51 50 46 44
6
0
33 44 55 38 60 36 51 49 45 51
7
0
35 42 52 40 62 35 45 47 46 50
8
0
38 45 54 42 55 32 50 51 42 47
9
0
40 46 55 39 58 38 46 49 43 50
10
0
37 42 54 42 58 34 48 55 45 51
11
0
39 43 56 42 59 36 49 51 43 52
12
0
37 43 49 40 62 36 50 54 43 51
13
0
36 42 50 37 59 36 50 55 41 48
14
0
37 40 57 39 57 36 49 53 46 50
15
0
39 43 52 40 62 32 48 54 42 50
16
0
38 44 55 45 62 34 51 50 42 44
17
0
37 45 54 42 58 33 48 53 44 49
18
0
38 43 55 42 61 36 49 50 43 50
19
0
35 45 52 41 60 35 50 54 46 46
20
0
37 43 55 43 59 37 52 52 43 51
21
0
35 43 51 42 59 36 49 51 42 47
22
0
36 41 55 40 63 38 51 50 45 51
23
0
37 40 55 40 56 33 51 54 43 49
24
0
36 43 50 42 54 37 50 51 43 52
25
0
37 45 55 39 60 37 48 49 43 49
26
0
36 40 50 39 58 34 48 54 44 48
27
0
38 43 51 39 62 35 51 48 43 50
28
0
39 47 55 41 54 35 49 55 43 53
29
0
36 46 52 40 62 36 49 52 48 47
30
0
38 42 54 42 58 38 53 52 50 46
31
0
37 47 54 38 58 40 48 47 44 47
32
0
35 42 55 38 58 36 51 53 42 52
33
0
34 45 53 43 57 36 50 50 46 47
34
0
37 42 52 42 57 33 48 52 43 48
35
0
37 43 56 41 54 34 51 56 44 48
36
0
34 47 53 40 61 37 50 54 48 48
37
0
35 44 54 41 55 32 53 49 42 49
38
0
36 46 54 41 62 37 50 53 45 51
39
0
38 42 52 42 53 34 54 55 44 49
40
0
37 47 50 43 59 37 47 50 47 51
41
0
34 42 54 40 56 35 48 49 46 48
42
0
37 45 54 37 57 37 48 50 44 51
43
0
38 43 52 42 58 33 48 54 45 49
44
0
39 43 52 43 58 35 52 51 42 49
45
0
37 45 57 42 60 33 49 49 43 51
46
0
40 42 51 40 59 38 47 51 42 52
47
0
38 47 55 41 59 34 48 51 43 49
48
0
37 44 53 40 57 32 53 51 43 52
49
0
38 42 56 40 59 36 48 51 43 52
50
0
37 44 57 41 55 34 50 54 42 46
51
0
36 43 56 40 58 36 50 48 43 45
52
0
40 44 56 44 52 37 46 52 47 49
53
0
33 44 52 41 56 40 50 51 46 49
54
0
33 44 55 43 54 31 50 52 42 46
55
0
36 41 52 39 59 39 49 51 44 48
56
0
37 46 53 42 57 31 51 49 42 50
57
0
39 41 52 38 59 35 51 51 41 48
58
0
35 44 58 41 58 36 47 50 44 49
59
0
36 42 51 42 59 37 48 52 44 48
60
0
36 46 52 38 56 34 45 53 43 46
61
0
38 43 55 38 56 35 51 53 41 46
62
0
40 45 50 41 56 35 50 51 46 46
63
0
36 49 61 38 59 39 49 47 43 49
64
0
36 47 51 40 59 37 49 52 40 49
65
0
35 42 50 37 55 37 47 53 45 50
66
0
36 44 54 43 62 36 54 52 43 49
67
0
36 46 54 39 57 38 47 52 42 48
68
0
34 42 54 42 53 35 46 50 46 49
69
0
37 44 57 40 60 36 46 55 41 48
70
0
36 45 53 42 58 39 47 44 46 53
71
0
36 45 55 41 58 35 47 52 43 46
72
0
37 43 54 40 56 36 54 49 45 48
73
0
37 45 56 38 57 33 48 51 43 46
74
0
34 44 57 39 57 35 49 56 44 49
75
0
38 43 54 38 59 37 52 51 47 50
76
0
35 48 56 42 57 33 50 53 43 47
77
0
36 42 59 43 57 36 51 52 42 47
78
0
40 46 55 36 55 33 49 49 46 49
79
0
41 44 58 40 53 33 48 53 45 50
80
0
34 46 54 41 61 35 49 50 43 48
81
0
38 44 50 39 58 35 48 51 46 50
82
0
38 47 54 41 58 34 46 49 45 49
83
0
36 42 55 42 60 36 50 50 44 52
84
0
34 39 53 40 56 37 50 50 44 48
85
0
39 44 53 40 58 34 51 52 45 49
86
0
37 41 53 42 54 37 50 51 44 49
87
0
36 47 55 43 58 35 51 51 43 53
88
0
36 45 53 38 61 34 52 52 42 49
89
0
38 43 52 42 55 33 52 53 45 46
90
0
38 44 53 37 59 36 45 50 45 45
91
0
36 44 55 38 56 35 47 51 45 49
92
0
35 44 54 41 59 33 51 54 46 47
93
0
37 45 55 40 59 35 45 53 43 46
94
0
34 42 55 41 57 35 51 51 45 52
95
0
37 46 53 42 57 35 50 50 45 54
96
0
34 44 56 41 53 38 54 48 40 48
97
0
38 44 55 38 57 36 49 51 42 47
98
0
36 45 54 37 57 37 48 50 43 49
99
0
38 39 54 38 57 37 47 49 42 44
100
0
35 48 55 40 56 33 47 52 46 49
101
0
37 44 54 38 63 36 52 53 42 47
102
0
41 43 53 36 61 32 51 52 43 46
103
0
44 46 54 39 55 36 51 54 45 50
104
0
38 47 56 44 58 34 50 52 43 48
105
0
37 44 53 40 60 33 53 53 51 53
106
0
36 43 53 39 62 32 48 55 42 53
107
0
37 48 54 38 57 34 50 54 44 48
108
0
37 48 53 38 58 34 46 55 40 51
109
0
37 44 51 42 56 34 49 51 43 51
110
0
39 42 54 43 57 34 55 51 45 48
111
0
37 48 52 42 57 33 47 46 45 52
112
0
38 48 56 39 55 32 52 52 44 50
113
0
36 46 55 42 62 33 48 54 43 51
114
0
37 43 54 42 58 33 47 54 41 49
115
0
33 45 56 36 56 36 50 49 46 51
116
0
38 42 56 38 56 33 51 51 45 50
117
0
40 46 49 39 61 36 52 52 47 54
118
0
37 42 52 41 57 34 50 51 44 52
119
0
38 47 56 38 56 35 47 53 47 49
120
0
37 46 51 40 58 34 49 51 44 50
121
0
37 43 56 42 56 35 53 52 42 53
122
0
41 46 53 39 61 37 51 51 41 51
123
0
39 45 56 40 58 36 48 52 47 50
124
0
37 44 53 41 58 38 51 54 39 48
125
0
38 42 52 40 60 34 52 50 41 50
126
0
38 43 55 39 60 31 46 52 47 51
127
0
38 44 55 40 55 37 52 49 45 47
128
0
39 44 56 40 55 38 49 53 45 47
129
0
38 44 53 39 60 38 50 53 44 45
130
0
36 43 55 41 59 38 48 45 44 48
131
0
38 44 53 42 56 36 49 56 47 48
132
0
38 45 52 43 58 39 48 53 49 50
133
0
37 43 55 38 60 34 48 52 40 46
134
0
37 45 56 41 57 38 53 53 44 50
135
0
37 45 53 40 61 33 50 49 46 47
136
0
35 46 54 40 58 36 48 50 43 50
137
0
36 43 52 45 58 39 49 51 45 52
138
0
38 45 53 41 59 37 48 56 43 48
139
0
35 46 54 41 58 34 50 51 43 50
140
0
38 43 57 40 58 38 49 49 42 49
141
0
34 44 52 41 55 37 51 51 47 49
142
0
40 44 51 38 57 37 53 53 45 45
143
0
38 46 53 40 57 37 51 54 42 47
144
0
35 43 57 41 56 34 54 54 42 48
145
0
38 41 51 42 55 37 54 50 44 49
146
0
39 46 54 40 58 35 46 54 44 54
147
0
39 44 54 39 60 34 51 49 43 50
148
0
36 43 53 37 62 37 49 55 42 46
149
0
40 45 55 42 60 36 51 55 44 52
150
0
37 41 56 41 61 37 52 52 43 52
151
0
36 44 52 40 62 37 52 52 42 51
152
0
38 42 57 38 60 33 48 51 45 52
153
0
38 41 55 39 58 35 52 54 44 52
154
0
36 40 53 38 59 35 52 54 43 52
155
0
36 43 56 38 61 36 50 55 42 49
156
0
36 47 55 40 56 35 46 53 43 48
157
0
36 40 53 36 57 33 51 48 42 52
158
0
41 47 51 41 58 36 42 49 46 51
159
0
39 45 49 35 60 35 50 50 43 49
160
0
38 46 55 42 57 33 50 52 44 51
161
0
36 44 57 37 58 36 52 50 43 48
162
0
36 44 57 41 60 36 49 50 44 50
163
0
37 44 56 39 61 35 51 49 43 51
164
0
34 43 57 39 59 37 45 51 44 49
165
0
38 43 51 42 58 33 50 52 42 51
166
0
37 44 58 39 54 36 50 52 44 47
167
0
39 46 56 43 57 36 46 53 40 51
168
0
38 45 54 37 58 35 49 52 42 48
169
0
33 44 54 40 57 34 51 54 41 47
170
0
38 48 52 39 58 37 50 50 42 49
171
0
39 41 54 40 60 37 48 49 43 49
172
0
39 40 56 42 53 33 50 51 44 50
173
0
38 46 56 40 58 35 45 53 43 43
174
0
38 47 55 40 57 38 51 54 48 52
175
0
36 49 54 38 63 33 46 52 43 48
176
0
34 44 53 36 57 37 50 49 44 51
177
0
38 43 56 39 59 36 51 51 44 51
178
0
34 41 52 39 61 35 49 49 44 49
179
0
40 43 58 42 59 36 51 49 43 50
180
0
37 45 57 42 53 32 52 53 42 50
181
0
39 42 55 43 58 38 52 56 43 49
182
0
40 43 57 38 55 35 49 53 45 50
183
0
39 45 57 39 58 35 49 50 46 48
184
0
35 45 54 40 59 35 48 52 47 49
185
0
35 47 54 41 55 35 53 54 41 48
186
0
38 44 50 42 56 34 48 52 45 48
187
0
35 47 56 42 61 35 51 52 43 45
188
0
39 42 55 40 57 38 49 52 45 48
189
0
37 45 53 39 54 37 52 49 47 51
190
0
36 42 55 38 61 34 52 54 44 47
191
0
41 47 54 41 60 33 53 54 46 50
192
0
36 41 53 39 55 36 49 53 43 53
193
0
36 46 53 41 55 36 46 51 44 49
194
0
36 40 51 39 57 33 49 53 42 48
195
0
39 44 60 42 59 38 49 50 42 48
196
0
35 45 58 38 57 34 54 55 45 47
197
0
37 45 56 39 60 37 45 46 42 51
198
0
36 43 51 40 61 35 47 49 44 50
199
0
38 47 51 40 61 37 50 52 45 44
