30
10
73116
0
0
44 51 64 61 49 56 50 30 42 57
1
0
48 50 62 61 49 59 52 30 42 65
2
0
50 49 65 61 44 56 54 33 44 64
3
0
46 49 66 58 51 55 52 32 44 61
4
0
48 48 67 65 45 61 56 31 44 63
5
0
45 52 65 58 50 55 52 35 42 60
6
0
47 46 66 62 47 55 51 33 44 58
7
0
41 49 65 57 54 55 52 32 43 63
8
0
47 51 63 61 50 53 53 33 41 64
9
0
52 49 65 64 47 58 52 34 40 64
10
0
44 50 69 65 49 56 53 31 45 59
11
0
48 52 70 68 47 52 52 30 42 63
12
0
46 51 68 62 50 54 47 33 43 64
13
0
52 48 66 61 48 53 49 31 43 59
14
0
44 49 69 59 48 58 50 30 38 59
15
0
54 50 68 59 50 59 57 30 43 61
16
0
45 49 68 63 46 54 50 30 42 63
17
0
47 46 64 58 52 56 49 31 42 59
18
0
49 46 70 62 47 53 55 33 45 61
19
0
43 53 68 62 50 58 53 31 43 60
20
0
44 53 67 58 48 56 56 34 42 65
21
0
48 51 67 67 47 58 54 35 39 62
22
0
49 52 66 66 49 58 52 32 45 60
23
0
49 52 63 59 47 55 56 34 41 60
24
0
47 50 62 63 46 60 52 31 41 61
25
0
48 49 66 62 49 59 52 33 44 62
26
0
44 49 64 62 53 56 53 31 42 60
27
0
47 50 63 59 50 54 54 32 43 61
28
0
46 52 66 63 51 55 53 31 44 61
29
0
43 49 70 62 52 52 54 30 42 62
