200
20
405216
0
0
46 46 45 51 44 46 46 46 45 47 46 42 49 45 47 44 51 46 45 50
1
0
38 37 40 38 42 40 40 39 39 37 37 41 43 41 40 39 37 39 38 41
2
0
50 49 48 48 48 51 52 49 49 49 43 51 49 52 50 49 50 49 50 50
3
0
53 51 52 53 47 54 49 53 52 50 53 52 50 51 51 56 47 53 56 49
4
0
58 57 54 57 53 57 52 55 53 52 55 52 51 55 53 57 54 53 56 53
5
0
53 54 55 56 49 53 55 51 53 56 57 54 53 51 57 55 54 59 55 54
6
0
57 65 62 60 61 60 54 62 59 57 60 59 64 60 60 61 60 60 60 60
7
0
45 46 50 48 42 43 44 43 44 53 47 43 45 45 43 43 45 46 47 45
8
0
50 48 49 57 53 49 53 52 52 50 52 54 49 53 50 53 52 49 51 50
9
0
32 34 33 31 35 31 33 30 34 30 35 34 30 31 30 30 32 32 28 35
10
0
45 44 41 40 45 42 46 44 43 41 41 45 41 41 45 40 44 42 43 42
11
0
50 45 44 45 44 44 41 44 46 45 40 44 48 46 41 48 43 45 47 41
12
0
48 49 45 44 47 46 43 45 47 45 43 45 41 47 47 45 43 46 47 48
13
0
55 47 52 55 50 50 54 55 53 51 52 54 54 54 54 52 55 53 54 54
14
0
57 55 55 58 59 57 55 56 57 54 57 56 54 60 61 58 56 54 58 58
15
0
54 57 55 55 54 55 53 55 55 55 57 55 53 51 51 56 57 55 57 53
16
0
53 56 55 52 57 56 55 56 57 57 57 54 55 56 57 60 57 54 60 57
17
0
49 50 50 51 50 48 53 52 54 52 52 49 47 54 50 47 51 50 51 49
18
0
58 55 59 55 61 56 58 57 58 62 53 55 62 58 58 56 61 57 57 60
19
0
48 48 51 50 48 49 51 50 50 51 50 50 49 52 52 56 54 51 54 52
20
0
52 49 50 50 57 53 54 51 54 50 50 53 53 56 54 56 57 55 55 53
21
0
51 48 53 49 49 53 55 53 56 52 53 52 50 54 50 52 56 56 52 47
22
0
53 55 54 54 51 57 55 53 53 54 58 54 54 55 53 54 55 50 54 53
23
0
50 46 49 50 48 48 51 50 54 50 48 51 51 45 49 51 50 49 50 46
24
0
43 41 42 43 43 44 43 43 44 40 46 44 40 44 41 44 43 40 44 45
25
0
51 51 49 51 52 49 52 47 51 52 54 48 50 48 49 50 49 49 53 47
26
0
50 50 51 50 47 52 47 47 51 51 52 50 44 51 50 48 53 49 46 52
27
0
56 55 58 58 58 58 58 57 56 57 60 56 61 56 52 53 57 60 55 55
28
0
38 37 41 40 38 40 38 39 38 41 40 40 41 38 37 39 42 38 40 40
29
0
54 60 59 60 59 59 58 62 62 61 58 57 61 64 58 59 60 56 57 61
30
0
43 50 51 50 47 47 48 46 51 51 50 50 45 48 48 50 48 46 47 48
31
0
65 62 61 62 60 56 62 62 63 62 59 61 65 62 66 62 60 62 64 60
32
0
45 46 46 45 49 46 47 47 48 44 46 45 43 47 46 49 45 45 46 48
33
0
48 40 42 45 41 43 44 44 43 42 44 47 44 48 44 44 44 41 45 43
34
0
48 49 50 50 54 49 49 47 50 50 53 53 51 50 50 50 54 50 51 51
35
0
52 48 52 51 50 50 46 49 51 53 49 52 46 53 53 50 48 58 50 51
36
0
55 51 55 52 54 53 51 55 55 55 53 55 51 54 53 59 51 53 51 51
37
0
50 50 45 50 46 44 49 46 49 48 50 45 50 45 47 46 47 48 50 48
38
0
45 43 40 40 41 44 41 39 47 39 41 42 42 39 40 45 42 40 41 45
39
0
45 46 48 46 45 44 47 45 41 44 41 46 44 46 43 42 46 43 42 45
40
0
67 66 65 66 71 65 67 66 69 65 65 63 68 65 66 66 64 72 62 68
41
0
42 47 46 45 44 44 43 42 43 45 44 47 42 42 46 43 43 42 43 42
42
0
61 61 60 57 62 58 64 59 61 68 60 57 60 60 59 62 60 61 57 61
43
0
48 47 45 49 52 47 53 48 48 46 49 50 46 50 50 47 48 50 45 48
44
0
43 45 47 45 47 41 42 47 46 41 44 48 43 49 47 47 44 44 44 49
45
0
39 39 42 43 42 41 40 42 38 47 42 40 40 40 40 43 40 42 42 42
46
0
65 65 61 63 67 70 63 61 65 63 63 64 62 64 69 68 64 64 66 63
47
0
49 55 49 49 48 55 51 48 48 45 49 44 52 50 48 47 50 47 47 49
48
0
42 44 43 46 43 44 41 44 45 45 41 45 42 40 45 46 45 42 45 49
49
0
57 64 60 64 69 60 61 59 59 63 60 57 59 60 61 60 58 61 60 63
50
0
46 43 40 42 50 42 43 45 42 43 42 45 44 46 47 42 46 46 45 43
51
0
60 64 57 62 62 60 62 62 57 60 66 58 61 61 61 63 61 60 58 59
52
0
56 52 54 55 54 52 55 53 56 52 53 52 50 57 50 56 54 56 52 53
53
0
42 41 41 44 42 44 46 46 41 44 44 42 45 42 42 47 43 44 41 44
54
0
42 44 45 45 46 44 46 43 46 45 48 42 44 45 45 46 42 47 44 48
55
0
30 34 30 32 30 33 31 33 33 32 29 31 33 33 31 32 30 29 33 32
56
0
39 37 39 39 34 42 40 40 36 39 41 43 39 40 38 41 42 39 38 40
57
0
72 75 68 70 71 67 67 72 68 69 70 67 70 68 66 69 64 73 70 70
58
0
40 37 36 35 40 38 38 36 35 37 38 37 40 37 35 40 37 36 36 40
59
0
56 56 53 52 52 53 53 56 56 55 55 55 54 53 53 52 56 52 58 54
60
0
45 44 44 47 46 41 41 43 44 45 42 43 46 42 44 41 43 45 43 41
61
0
34 31 32 31 32 31 29 29 30 31 31 33 30 31 29 30 35 31 34 31
62
0
46 47 47 45 49 43 48 49 45 45 42 44 44 45 44 46 47 47 47 43
63
0
59 57 64 61 59 61 60 64 63 61 60 60 61 59 58 61 57 55 58 61
64
0
35 34 35 33 36 36 38 36 37 39 37 34 36 35 35 35 38 39 36 34
65
0
68 71 68 68 72 69 78 74 71 69 69 75 69 68 65 72 73 69 71 71
66
0
51 48 49 53 47 53 52 53 52 50 48 52 52 50 51 51 49 49 50 46
67
0
41 42 39 40 39 38 40 43 39 40 42 42 43 37 39 40 38 40 40 39
68
0
49 51 48 48 49 50 53 50 52 52 50 51 49 52 53 49 50 50 53 48
69
0
33 33 34 33 35 32 35 34 34 33 34 32 35 33 36 35 32 33 35 34
70
0
58 61 60 63 60 57 61 59 54 61 57 62 58 58 56 59 59 59 60 58
71
0
63 63 60 60 66 58 63 62 63 64 61 60 64 62 64 61 61 60 62 62
72
0
59 65 59 63 62 66 65 64 65 62 59 66 63 62 62 61 64 61 61 62
73
0
42 41 44 42 45 44 46 43 43 44 41 40 41 43 43 41 43 42 43 45
74
0
57 57 58 54 58 61 59 62 57 62 62 59 59 56 56 58 57 57 58 59
75
0
39 47 45 46 43 43 44 46 47 43 41 44 46 47 42 45 46 44 45 45
76
0
58 55 51 56 58 55 57 56 59 59 56 60 58 54 54 59 57 56 56 57
77
0
40 41 45 39 42 38 42 41 41 42 43 42 41 41 42 39 43 37 43 41
78
0
31 30 31 31 30 35 32 33 31 31 31 32 32 30 34 31 29 31 33 33
79
0
42 40 43 41 41 40 41 42 42 43 43 42 43 40 43 42 42 43 43 40
80
0
37 42 42 41 38 40 41 41 43 40 39 38 40 39 44 42 40 41 42 44
81
0
53 54 52 60 57 51 52 54 58 51 54 51 49 53 55 58 57 55 56 54
82
0
55 57 55 51 55 57 58 54 58 53 55 60 54 56 54 51 53 58 59 54
83
0
63 59 63 60 61 59 62 57 61 60 61 65 57 62 57 55 58 60 60 57
84
0
50 53 49 51 47 48 50 48 47 49 52 48 46 47 50 48 47 50 45 50
85
0
48 46 47 45 46 45 44 44 44 41 45 44 43 48 44 46 49 45 46 46
86
0
67 67 72 62 62 63 64 61 62 68 65 68 65 60 63 64 64 66 64 64
87
0
72 69 65 69 66 66 71 71 69 68 65 64 68 65 69 69 67 67 68 64
88
0
49 46 50 52 49 52 46 51 54 51 57 52 48 50 49 49 52 46 48 53
89
0
42 42 43 41 44 41 38 41 40 45 43 40 39 43 42 39 40 40 45 36
90
0
44 47 48 45 43 48 47 46 49 45 45 44 46 45 44 48 45 47 47 44
91
0
33 31 34 33 32 34 32 32 29 29 33 33 34 34 31 32 32 33 32 31
92
0
57 58 59 58 59 57 58 58 55 58 58 57 57 58 59 60 57 57 57 58
93
0
61 58 57 55 57 57 59 55 54 54 59 58 56 59 59 60 58 57 61 60
94
0
51 48 45 52 49 53 50 49 48 47 53 52 53 51 50 50 46 51 49 49
95
0
64 62 62 58 59 57 63 67 62 63 59 62 61 60 61 62 62 62 64 65
96
0
38 38 38 39 40 36 41 37 35 40 37 38 40 37 35 39 37 36 42 35
97
0
61 63 64 57 60 61 58 63 60 59 62 62 59 58 61 63 64 61 65 59
98
0
44 47 50 48 49 51 53 48 47 46 50 50 50 50 52 55 49 48 50 51
99
0
38 36 37 40 37 40 36 39 35 39 39 38 35 36 36 33 40 35 38 34
100
0
41 42 41 42 42 41 42 40 39 42 46 44 41 42 41 43 41 41 44 46
101
0
40 41 40 39 40 37 37 40 42 40 39 40 39 38 41 39 42 43 39 38
102
0
50 57 53 55 56 56 56 53 53 52 51 55 56 55 54 58 57 54 52 58
103
0
59 60 60 59 56 61 63 57 56 58 59 62 60 56 63 61 59 62 62 57
104
0
45 40 43 41 43 46 46 41 46 40 42 44 44 45 46 46 45 47 45 47
105
0
33 35 35 35 34 34 35 34 36 32 31 33 32 35 35 37 39 34 35 35
106
0
43 40 44 44 40 42 46 38 44 43 44 40 44 42 40 44 42 39 41 41
107
0
51 51 49 52 52 54 53 56 52 53 51 54 47 50 54 48 49 54 51 49
108
0
53 50 51 54 50 51 49 53 53 48 51 51 47 54 54 50 51 49 52 55
109
0
62 67 54 62 63 60 58 62 60 64 63 62 56 63 57 62 61 58 58 61
110
0
35 35 36 38 36 31 33 33 33 33 34 32 35 33 31 36 34 36 35 32
111
0
50 51 48 48 51 49 49 49 46 48 49 47 48 51 51 51 52 47 49 46
112
0
65 65 66 64 67 64 61 62 70 66 66 62 63 59 64 64 66 68 69 68
113
0
53 51 56 51 55 56 51 53 56 59 54 53 55 53 56 53 54 54 55 52
114
0
40 40 41 38 43 46 41 46 41 39 39 43 47 41 40 39 43 42 43 41
115
0
53 54 54 52 54 54 57 54 52 48 51 59 53 53 57 56 55 56 51 52
116
0
55 48 50 49 48 45 50 47 48 47 51 47 53 51 51 49 49 48 49 46
117
0
41 43 43 43 43 42 44 43 41 45 45 43 40 43 42 39 46 43 46 43
118
0
76 76 74 76 76 70 75 76 75 74 76 75 79 77 79 77 79 77 77 80
119
0
60 62 61 63 62 57 57 59 60 59 54 55 59 56 56 58 58 58 58 63
120
0
38 44 42 44 37 39 43 44 47 38 43 40 42 42 42 46 43 41 43 42
121
0
23 23 24 24 24 25 24 25 25 25 25 26 26 22 28 29 21 26 27 26
122
0
56 56 53 54 54 55 57 54 55 59 54 56 57 48 55 51 56 50 51 57
123
0
64 63 61 62 63 63 61 63 64 63 63 64 63 61 60 64 63 60 62 67
124
0
32 34 31 32 31 31 30 31 34 33 32 33 32 35 35 29 34 32 31 33
125
0
38 41 35 40 36 37 43 39 38 40 36 38 37 38 38 41 45 38 36 38
126
0
50 49 50 50 46 53 53 52 50 52 49 48 49 51 49 50 50 50 53 51
127
0
47 46 45 45 42 42 44 43 43 44 46 43 41 44 39 41 43 47 48 49
128
0
49 50 50 54 49 53 49 49 50 50 52 49 51 52 51 52 50 47 49 49
129
0
37 40 41 40 41 41 42 37 45 41 37 40 39 39 38 37 43 41 42 42
130
0
46 42 40 44 39 45 48 41 42 45 43 44 43 42 44 45 43 40 46 45
131
0
57 60 49 57 55 55 61 58 57 60 52 58 59 54 55 59 57 55 55 54
132
0
36 34 39 37 35 39 38 40 35 35 35 36 38 39 36 33 37 39 34 35
133
0
39 43 39 40 42 44 41 41 43 41 39 42 44 44 41 41 40 39 39 42
134
0
74 71 73 73 74 69 69 71 69 68 69 70 73 74 69 65 72 74 69 67
135
0
44 47 47 46 47 44 48 45 49 47 48 45 50 49 42 55 51 51 49 49
136
0
48 54 53 50 49 51 51 48 48 48 50 53 48 51 50 53 54 54 50 48
137
0
54 56 55 57 58 53 52 50 56 54 55 51 54 54 55 55 56 50 52 54
138
0
44 47 47 48 46 46 48 46 46 50 47 52 45 44 48 45 45 49 52 48
139
0
37 40 38 39 38 40 40 40 37 41 41 40 40 40 38 37 40 39 42 39
140
0
50 49 49 51 51 52 49 47 53 48 47 47 50 49 50 49 48 51 54 49
141
0
48 49 51 49 49 51 48 51 51 52 51 46 51 49 46 52 50 47 49 46
142
0
55 55 58 60 52 54 55 55 57 58 56 53 57 59 57 58 55 60 58 59
143
0
37 38 37 36 39 36 37 38 38 37 36 38 37 39 39 37 40 38 41 39
144
0
61 57 54 62 58 64 61 61 58 57 56 63 59 60 57 62 57 59 63 58
145
0
55 54 53 61 53 56 57 56 54 57 56 57 55 53 58 53 54 54 60 57
146
0
50 46 49 50 48 48 47 49 50 47 48 46 45 50 49 50 47 46 47 50
147
0
52 55 49 51 53 48 52 51 51 54 50 49 54 48 50 51 46 51 54 53
148
0
47 44 45 48 45 49 48 47 47 44 49 46 47 46 43 46 44 47 46 46
149
0
41 43 40 39 43 42 42 41 43 46 47 43 41 39 42 39 42 41 44 39
150
0
44 44 43 44 46 46 47 48 43 48 45 45 44 46 44 48 44 46 45 46
151
0
56 55 60 60 54 52 57 57 56 55 55 53 57 56 59 55 58 56 57 55
152
0
44 47 49 46 47 44 47 47 43 45 46 43 46 43 49 44 46 46 48 45
153
0
42 44 42 42 43 42 44 41 46 41 43 47 43 40 43 45 42 44 47 41
154
0
42 41 44 43 40 41 40 42 40 41 40 41 41 43 43 41 42 39 43 43
155
0
57 59 59 54 60 59 52 58 59 58 54 57 56 54 55 56 58 57 53 59
156
0
40 44 42 38 40 39 41 41 39 40 40 37 45 40 38 40 43 42 40 42
157
0
55 47 47 52 55 48 51 56 53 48 54 49 52 54 51 52 49 47 53 49
158
0
38 41 40 42 42 43 42 38 42 38 42 40 40 38 41 44 43 38 44 39
159
0
70 68 68 69 69 69 68 70 66 68 66 65 67 63 66 65 69 65 64 65
160
0
40 38 39 40 39 41 41 42 36 37 39 38 40 36 43 38 41 42 40 39
161
0
34 36 34 35 36 35 35 39 32 36 36 37 36 34 35 35 36 36 38 36
162
0
43 42 46 45 44 40 44 43 41 45 45 45 45 45 42 42 46 45 45 45
163
0
37 40 39 43 40 42 37 40 39 41 41 39 38 41 36 40 42 39 42 40
164
0
49 45 46 46 48 46 45 48 47 46 45 45 46 46 47 47 43 48 52 45
165
0
47 45 46 46 49 46 44 45 48 48 47 46 49 47 45 47 46 46 47 50
166
0
56 55 56 57 51 54 58 56 59 58 57 54 59 57 58 63 58 56 58 58
167
0
46 49 46 47 45 43 48 48 46 47 51 47 49 47 44 43 50 47 47 47
168
0
43 44 45 44 43 44 43 42 45 41 41 42 45 42 43 42 42 40 42 42
169
0
53 50 54 52 51 53 52 52 50 49 47 55 51 52 52 51 51 52 48 52
170
0
45 42 40 41 44 42 44 47 40 47 47 46 47 46 43 43 41 46 43 43
171
0
55 55 51 53 57 56 51 53 56 53 53 57 58 57 53 53 51 55 61 54
172
0
61 62 57 61 62 54 53 59 57 63 63 58 59 62 59 59 58 59 59 62
173
0
39 43 42 39 37 42 42 40 40 37 41 40 43 42 35 38 40 41 38 42
174
0
53 54 52 52 49 50 55 53 52 51 53 49 53 52 53 49 49 50 54 51
175
0
44 42 42 43 45 40 43 41 42 48 46 45 45 47 42 45 44 41 44 45
176
0
39 40 40 40 37 38 40 39 38 38 42 38 41 40 40 39 42 38 44 37
177
0
47 48 51 45 48 50 50 47 51 49 48 45 50 50 49 51 51 51 50 51
178
0
49 46 51 48 49 47 46 51 44 45 45 47 50 47 49 46 48 48 44 49
179
0
59 54 57 55 60 57 60 55 54 57 56 59 54 58 56 54 55 54 58 57
180
0
58 61 58 60 61 54 57 61 59 57 54 63 60 56 57 58 57 57 61 58
181
0
65 75 72 72 69 74 69 75 76 72 76 77 72 72 73 73 72 69 73 70
182
0
64 56 64 58 58 57 57 58 60 60 59 61 64 61 55 59 62 59 58 60
183
0
49 45 48 42 45 43 45 48 47 46 50 47 47 45 48 43 44 47 45 44
184
0
48 48 48 46 49 52 55 49 48 51 48 53 52 56 50 54 53 48 49 48
185
0
32 34 35 37 36 31 34 35 35 30 33 36 34 32 31 35 30 37 33 36
186
0
40 41 40 44 43 45 44 42 44 45 40 41 40 42 43 46 43 44 42 39
187
0
66 63 62 65 63 56 65 60 63 60 61 62 60 60 59 64 59 63 63 62
188
0
47 47 49 48 48 49 46 50 52 51 48 47 51 51 48 45 50 49 49 47
189
0
40 37 38 39 39 39 40 39 35 38 39 45 41 38 36 36 39 39 36 39
190
0
54 50 53 52 52 48 52 52 48 51 51 53 52 51 57 53 52 53 52 54
191
0
46 43 43 42 44 46 47 43 43 44 44 42 45 47 47 44 42 43 45 44
192
0
66 66 68 67 61 71 68 70 69 68 68 65 67 70 67 64 68 66 70 69
193
0
65 65 61 63 67 64 61 68 68 68 68 63 69 61 62 64 65 63 72 61
194
0
50 45 47 49 42 46 44 46 47 43 42 45 49 47 45 46 46 49 45 42
195
0
42 47 48 47 46 46 48 48 49 46 46 45 47 48 48 48 45 48 44 47
196
0
50 52 54 52 54 49 51 49 51 48 54 49 55 55 52 50 47 47 50 51
197
0
49 52 51 49 53 48 51 51 49 52 47 50 51 47 49 53 50 50 48 53
198
0
52 51 50 51 55 51 52 49 53 51 52 49 50 54 52 52 49 52 53 50
199
0
52 51 52 55 48 52 51 55 52 50 47 49 49 50 53 50 52 52 55 50
