30
20
13274
0
0
38 41 44 43 43 40 41 36 39 42 38 43 44 46 40 39 39 44 39 41
1
0
44 42 42 42 47 42 44 43 43 45 46 43 45 46 47 41 45 42 45 43
2
0
64 62 64 62 66 59 61 59 60 64 63 62 64 62 62 62 66 65 61 65
3
0
52 48 50 51 49 53 53 49 49 49 48 49 50 52 50 51 48 48 50 49
4
0
48 54 53 53 56 52 52 52 50 54 57 54 54 51 54 55 49 55 55 54
5
0
45 45 45 42 43 44 42 43 46 45 47 43 49 45 42 44 44 47 46 44
6
0
32 29 32 30 27 27 31 32 28 32 32 32 33 32 29 30 34 28 31 31
7
0
44 49 40 45 45 46 47 46 46 45 46 42 46 45 41 48 44 43 43 45
8
0
67 70 64 71 70 70 74 70 70 72 74 71 74 71 75 72 71 66 73 72
9
0
58 57 61 61 57 60 62 64 60 59 62 62 59 56 56 55 59 60 60 62
10
0
57 57 61 59 61 61 57 61 61 59 64 62 62 61 61 60 60 62 60 64
11
0
37 32 33 35 33 34 31 34 36 34 33 36 34 31 33 36 32 34 33 32
12
0
58 59 59 58 59 55 53 58 62 59 57 58 56 54 54 59 59 59 59 55
13
0
57 60 60 64 54 59 61 58 59 58 57 59 61 56 60 60 63 60 55 56
14
0
44 40 47 38 45 44 45 45 41 45 44 42 41 45 44 45 43 41 44 44
15
0
34 28 34 31 32 34 33 36 33 33 36 36 32 32 32 34 32 32 36 33
16
0
45 53 52 49 54 52 50 52 54 49 52 50 49 49 50 48 49 51 55 50
17
0
41 39 37 39 38 37 40 36 42 38 44 39 41 41 41 42 40 38 40 39
18
0
43 50 48 44 47 46 45 48 47 41 43 46 45 47 46 42 45 48 44 47
19
0
50 45 47 46 48 44 47 45 46 51 45 48 49 48 46 49 48 48 51 51
20
0
45 47 44 43 42 47 48 43 44 41 44 49 49 42 43 45 43 43 47 41
21
0
46 42 40 41 39 39 38 39 41 41 40 45 39 37 40 37 38 37 38 43
22
0
66 61 64 67 66 70 67 68 60 72 70 69 70 65 65 70 65 65 66 66
23
0
86 87 83 84 85 85 83 85 88 86 91 87 86 87 87 86 82 82 85 79
24
0
48 48 52 50 48 49 48 49 49 46 45 50 51 47 47 49 50 47 46 48
25
0
38 38 37 39 32 37 38 35 38 38 39 37 38 35 40 37 36 35 36 39
26
0
44 53 51 46 48 47 47 49 47 48 47 48 47 47 52 46 48 50 50 45
27
0
54 59 56 57 53 55 59 56 59 53 59 59 55 56 55 61 56 56 58 60
28
0
44 45 46 47 46 48 43 48 42 44 46 44 45 45 45 45 46 48 47 48
29
0
51 52 55 54 51 52 54 55 53 55 55 50 52 48 53 52 53 49 52 54
