20
20
303251
0
0
61 51 37 40 42 42 48 43 48 44 52 44 48 69 40 64 45 57 65 49
1
0
60 54 34 36 37 38 49 44 49 42 55 47 46 70 38 66 44 57 64 54
2
0
65 53 42 38 39 38 51 43 53 43 51 45 45 67 39 59 42 59 67 54
3
0
64 53 38 37 39 35 49 42 57 46 52 42 49 67 38 55 39 58 67 53
4
0
61 50 36 40 38 39 51 43 53 47 50 50 43 72 39 56 46 59 62 50
5
0
61 55 36 36 37 40 48 42 55 43 54 46 45 69 39 57 46 62 68 57
6
0
64 51 38 36 39 42 53 45 51 47 51 46 41 68 36 65 40 59 60 50
7
0
64 53 39 41 39 41 53 43 54 43 51 43 45 71 37 54 48 60 63 55
8
0
59 54 36 39 39 42 57 42 48 47 52 48 50 70 38 59 43 61 66 55
9
0
61 50 37 37 42 41 50 43 52 46 57 42 45 62 41 56 42 61 65 50
10
0
59 50 40 37 40 41 50 39 50 44 51 47 47 71 38 59 48 62 64 52
11
0
59 49 36 38 39 42 50 42 53 45 49 46 47 73 35 60 47 61 64 51
12
0
63 52 38 40 36 38 51 46 53 43 53 44 45 69 37 59 45 61 64 51
13
0
64 53 38 38 41 40 48 41 54 48 51 46 46 73 36 61 45 58 63 55
14
0
65 59 38 36 39 39 50 48 53 44 53 46 46 69 38 60 44 58 61 47
15
0
62 52 39 40 39 39 48 45 52 42 52 43 42 72 40 64 41 60 64 52
16
0
58 49 37 42 36 39 50 40 50 45 53 48 43 69 36 60 45 60 64 53
17
0
62 51 36 39 41 41 49 42 49 44 55 46 47 65 37 60 42 59 65 52
18
0
62 52 40 38 36 39 51 40 54 45 48 47 44 66 35 58 45 61 65 50
19
0
61 53 35 36 39 37 50 44 51 42 50 46 47 70 37 62 40 63 64 56
