30
5
993438
0
0
50 63 44 57 53
1
0
47 64 45 56 53
2
0
46 61 44 51 51
3
0
52 58 44 56 54
4
0
48 56 42 57 54
5
0
49 62 46 53 49
6
0
46 60 48 55 53
7
0
47 67 44 62 51
8
0
49 63 46 60 50
9
0
46 60 45 58 56
10
0
51 61 43 55 51
11
0
47 59 41 60 50
12
0
46 59 40 56 50
13
0
48 62 45 55 52
14
0
48 60 44 51 49
15
0
51 63 47 58 54
16
0
49 65 42 55 53
17
0
50 61 45 57 48
18
0
50 59 43 56 50
19
0
52 64 43 60 53
20
0
49 62 43 54 50
21
0
48 58 46 55 51
22
0
50 64 43 59 52
23
0
55 59 44 56 50
24
0
45 62 41 56 47
25
0
47 59 43 60 52
26
0
53 64 46 55 50
27
0
46 64 43 57 51
28
0
48 61 46 55 50
29
0
46 61 43 58 52
