50
10
692467
0
0
53 39 51 71 58 36 54 41 47 68
1
0
60 55 44 66 49 42 41 40 35 37
2
0
25 47 53 54 52 44 58 45 51 51
3
0
46 50 48 39 56 54 51 34 41 55
4
0
51 39 51 46 42 39 42 71 45 34
5
0
36 55 55 60 49 49 44 73 32 43
6
0
34 38 55 41 56 55 33 55 70 65
7
0
41 64 50 56 45 63 36 39 49 53
8
0
70 40 53 54 66 30 29 52 45 56
9
0
54 57 39 54 44 51 36 52 37 36
10
0
28 55 67 38 57 48 53 38 65 36
11
0
69 52 39 49 47 38 46 56 47 50
12
0
48 47 37 54 53 43 53 42 31 47
13
0
42 51 32 41 36 60 45 49 52 53
14
0
49 33 34 37 40 61 39 36 48 52
15
0
52 61 48 42 47 43 54 60 51 57
16
0
60 59 35 35 44 41 64 46 59 52
17
0
39 46 59 63 41 48 71 49 64 50
18
0
42 55 44 81 61 62 47 50 59 55
19
0
58 71 48 48 65 57 57 39 31 57
20
0
59 59 55 48 36 63 43 43 52 52
21
0
36 75 55 51 57 51 65 32 51 56
22
0
52 44 43 56 33 39 64 64 35 54
23
0
46 51 43 43 49 61 41 43 41 45
24
0
54 54 74 57 40 51 42 57 53 45
25
0
35 67 47 43 50 64 69 55 64 48
26
0
68 44 54 64 59 62 58 56 50 57
27
0
40 51 54 48 42 49 39 44 52 55
28
0
61 47 34 51 57 59 69 51 58 49
29
0
62 48 61 46 46 47 41 49 53 53
30
0
57 61 68 40 62 52 78 66 34 59
31
0
36 41 55 39 43 37 31 40 42 55
32
0
63 44 55 43 51 41 46 50 37 63
33
0
64 49 64 49 53 62 54 34 43 45
34
0
53 50 51 63 74 77 60 59 44 41
35
0
56 58 47 59 42 61 42 52 59 52
36
0
52 41 38 50 80 40 49 38 54 49
37
0
50 64 43 64 40 45 39 58 63 49
38
0
56 75 50 85 49 60 48 56 50 46
39
0
52 58 53 54 43 36 54 44 36 70
40
0
42 56 66 57 48 57 48 59 39 61
41
0
58 36 57 36 49 47 60 46 39 62
42
0
51 42 43 51 60 57 40 58 46 47
43
0
46 54 25 48 50 59 52 49 47 43
44
0
44 51 33 49 40 57 38 49 77 46
45
0
41 34 75 63 52 46 43 43 45 60
46
0
44 42 51 52 48 45 61 59 51 42
47
0
48 31 78 47 57 58 49 30 88 50
48
0
51 54 39 42 43 65 60 52 53 54
49
0
38 30 41 58 47 47 51 51 47 55
