200
20
995512
0
0
49 52 45 48 49 46 43 44 43 48 45 45 44 50 51 44 47 49 46 46
1
0
39 38 41 38 35 36 38 36 37 37 36 38 36 37 36 35 37 37 40 37
2
0
33 33 34 34 36 33 31 31 36 35 36 33 35 31 36 34 35 34 35 36
3
0
55 55 54 54 56 55 50 55 51 55 55 56 55 50 53 55 49 53 54 50
4
0
39 41 45 39 43 40 44 43 44 38 41 40 41 42 39 40 43 44 43 42
5
0
54 47 48 51 50 49 50 48 49 49 49 52 48 54 47 47 54 52 49 49
6
0
28 27 26 28 28 28 29 26 28 27 29 27 29 28 28 25 28 26 27 27
7
0
45 51 44 47 48 50 47 44 45 47 49 49 48 48 47 44 46 48 49 47
8
0
52 50 51 50 52 53 53 51 51 47 55 51 53 50 55 50 51 53 54 56
9
0
43 42 45 40 45 39 44 39 42 45 45 46 44 45 45 43 42 46 43 43
10
0
47 43 47 44 47 47 48 43 47 48 46 45 43 48 48 50 44 48 49 45
11
0
66 70 69 64 68 69 65 71 66 67 67 66 70 72 74 65 69 68 68 68
12
0
56 54 54 54 54 57 59 54 51 61 55 54 52 51 57 55 58 55 58 60
13
0
49 46 47 48 48 49 52 48 50 47 48 47 48 49 50 50 48 46 50 48
14
0
39 42 40 41 40 42 40 40 39 41 39 43 40 42 40 41 43 39 42 39
15
0
51 49 47 50 45 43 46 51 47 51 48 46 50 50 48 48 50 50 46 48
16
0
54 55 56 54 61 57 57 55 60 60 56 54 57 55 55 56 56 56 59 55
17
0
49 44 47 44 50 46 43 48 50 48 49 47 50 49 49 48 50 45 46 44
18
0
42 48 46 47 49 40 48 45 45 47 43 46 46 44 47 46 50 44 47 47
19
0
53 50 55 53 52 53 53 52 54 51 49 54 54 50 48 49 52 55 49 50
20
0
53 57 55 52 51 57 52 56 55 52 52 50 55 53 56 50 56 54 52 52
21
0
36 42 34 34 38 39 36 37 36 35 38 36 38 39 37 32 34 37 36 40
22
0
39 37 43 41 42 38 44 43 41 40 38 44 40 41 39 41 42 37 42 41
23
0
55 55 54 53 54 54 54 52 51 47 51 50 55 57 53 54 55 53 54 55
24
0
48 51 48 48 47 45 43 49 49 46 45 47 46 51 50 50 50 48 48 46
25
0
55 55 53 49 53 53 48 52 50 54 51 51 50 52 50 53 54 48 54 49
26
0
52 50 46 50 46 50 50 52 49 51 48 52 45 49 51 47 49 55 48 50
27
0
47 49 45 45 45 44 43 42 43 46 45 42 42 46 47 43 42 41 46 43
28
0
32 34 36 34 36 37 37 35 38 36 35 34 31 32 31 30 33 32 33 34
29
0
28 24 27 24 26 26 26 28 27 26 27 26 27 23 27 24 27 25 25 28
30
0
49 53 53 55 52 54 53 50 54 53 53 51 49 51 51 56 51 58 52 49
31
0
45 47 44 44 45 46 44 43 48 41 44 46 43 45 47 41 43 43 47 45
32
0
31 30 29 28 32 31 31 30 31 28 30 31 31 33 29 29 32 30 31 33
33
0
33 30 31 33 33 32 33 35 32 31 32 32 33 32 31 33 30 31 31 31
34
0
45 45 46 48 49 43 46 46 47 43 43 45 43 46 48 46 42 44 45 43
35
0
46 50 50 52 50 53 49 47 48 47 51 50 48 53 54 50 52 47 43 48
36
0
41 39 37 38 35 38 37 42 39 39 34 36 39 40 38 41 39 39 39 37
37
0
50 54 52 53 51 50 57 47 49 54 55 54 52 53 53 54 50 52 56 52
38
0
68 63 63 67 64 66 67 63 69 61 67 66 62 64 69 66 63 66 65 68
39
0
36 31 31 29 31 34 29 33 32 30 33 32 33 31 34 33 33 31 28 29
40
0
64 65 62 61 60 65 61 63 62 63 62 61 58 58 60 64 65 61 63 60
41
0
56 54 58 49 55 57 56 56 54 53 54 57 53 56 54 59 51 54 52 57
42
0
43 42 44 44 44 40 42 46 45 44 44 44 44 47 43 42 47 47 45 46
43
0
37 38 37 37 34 36 36 34 38 35 36 38 40 37 42 34 39 37 38 38
44
0
40 45 40 40 42 44 43 43 46 42 40 40 43 43 44 42 42 41 42 42
45
0
61 62 60 60 60 58 56 57 59 52 58 62 59 59 61 64 62 61 60 60
46
0
49 48 50 44 49 49 50 48 51 51 50 45 47 48 49 49 51 50 50 51
47
0
66 67 69 70 69 71 70 66 74 64 70 66 72 71 70 72 70 71 67 68
48
0
60 58 55 56 56 58 55 55 54 53 55 57 56 52 53 60 52 59 52 54
49
0
46 48 46 47 48 48 50 48 49 49 45 44 49 48 48 49 50 47 48 50
50
0
58 58 64 57 56 61 57 60 62 60 61 61 60 62 56 57 61 63 64 59
51
0
53 57 53 54 52 58 58 52 53 54 55 57 57 51 53 56 52 51 52 51
52
0
57 58 58 59 57 58 59 60 55 59 59 55 56 60 58 61 57 62 59 57
53
0
53 57 54 54 54 55 58 55 57 55 53 51 56 51 55 51 56 53 52 53
54
0
47 45 44 48 44 43 44 50 40 49 43 44 47 48 47 46 45 48 45 45
55
0
55 55 55 57 55 59 56 51 57 54 55 56 54 56 60 55 53 56 52 55
56
0
47 50 49 49 44 49 48 48 48 47 45 48 52 48 47 49 49 46 49 49
57
0
41 38 39 37 36 36 36 39 38 39 39 39 38 43 36 40 39 38 36 41
58
0
45 43 41 41 43 39 42 43 39 45 46 43 39 44 39 44 39 42 42 43
59
0
48 51 51 49 53 46 51 48 48 47 51 49 48 49 50 48 47 52 47 50
60
0
44 50 48 42 49 50 48 46 48 47 49 44 51 47 46 49 44 46 44 47
61
0
55 58 58 60 55 62 61 58 56 61 57 55 58 57 58 56 60 61 57 57
62
0
74 72 74 71 71 69 74 72 71 75 66 70 74 73 71 72 71 68 71 74
63
0
35 33 35 33 36 34 34 34 35 34 34 35 33 34 34 35 37 33 36 32
64
0
43 43 47 43 43 45 44 43 47 44 44 44 42 44 40 41 42 44 44 44
65
0
60 58 52 57 56 60 57 57 58 54 56 58 57 56 56 57 58 58 59 62
66
0
60 57 59 61 57 58 60 57 63 58 57 59 56 61 61 57 55 57 58 58
67
0
58 62 65 57 63 64 57 60 61 63 57 63 57 62 63 57 61 62 62 64
68
0
48 52 46 45 45 45 47 45 47 44 46 46 45 47 45 43 43 46 44 46
69
0
64 67 67 68 70 68 65 66 68 66 61 65 63 67 64 65 63 63 61 65
70
0
38 40 41 43 43 40 40 44 42 38 41 38 41 40 43 42 41 41 38 41
71
0
60 58 59 56 61 61 59 58 61 56 61 58 62 56 61 58 60 59 55 60
72
0
53 52 48 52 49 52 50 54 49 46 52 56 52 51 50 50 53 52 53 51
73
0
44 45 48 45 46 45 47 49 46 47 49 42 47 48 45 44 46 44 44 48
74
0
56 53 54 54 54 56 60 57 57 58 54 51 52 55 53 56 57 56 56 54
75
0
35 40 37 36 33 34 36 33 34 36 34 37 33 33 34 35 33 37 32 36
76
0
34 28 28 29 32 30 33 31 32 31 33 32 33 32 29 32 34 34 32 30
77
0
35 36 35 36 37 36 32 33 36 36 35 33 36 36 37 33 35 41 38 32
78
0
45 49 47 46 49 47 48 50 48 51 45 46 46 47 50 48 48 50 46 47
79
0
55 54 51 53 57 49 52 52 53 56 55 52 50 53 55 53 50 50 51 54
80
0
49 52 49 50 51 53 46 56 51 47 49 50 54 49 46 50 50 51 51 46
81
0
50 49 52 49 50 53 48 49 50 45 54 49 49 49 51 48 48 51 52 50
82
0
56 58 63 60 59 64 59 60 61 60 58 57 62 59 60 57 61 55 57 58
83
0
64 61 64 63 63 64 64 63 63 65 65 63 69 68 64 64 61 64 65 68
84
0
55 51 54 54 55 53 54 49 53 50 53 50 52 51 56 53 50 51 54 57
85
0
38 37 38 37 39 39 40 39 38 37 37 40 37 38 36 39 39 39 36 38
86
0
51 52 52 55 53 58 56 53 50 54 55 59 57 53 54 61 52 52 55 53
87
0
55 57 59 58 54 57 53 59 59 59 60 57 59 60 59 57 58 62 57 56
88
0
64 65 69 65 65 64 61 64 62 62 66 62 64 63 66 62 66 63 63 65
89
0
44 46 42 44 47 44 47 44 48 44 42 41 40 45 44 44 45 43 44 44
90
0
54 55 50 54 53 54 54 57 53 56 56 55 57 55 55 55 51 55 53 58
91
0
40 37 36 40 40 36 39 39 39 44 42 43 37 43 39 39 39 45 40 37
92
0
41 46 45 48 40 48 42 46 44 48 42 46 43 47 44 46 45 45 45 45
93
0
33 34 32 30 33 33 33 29 31 36 34 32 36 33 33 31 35 36 32 32
94
0
46 42 40 41 40 44 41 44 40 42 42 39 43 40 40 40 44 38 43 39
95
0
45 46 46 47 45 45 44 46 46 46 46 45 48 47 45 44 43 49 48 48
96
0
39 39 40 35 34 37 37 36 36 36 36 37 37 35 38 37 35 36 35 39
97
0
59 57 50 58 59 58 55 58 53 54 57 55 52 55 53 56 59 56 57 57
98
0
42 41 39 40 42 42 41 43 39 42 42 39 42 40 42 38 42 38 39 40
99
0
73 72 72 72 78 70 75 69 74 72 72 74 74 74 69 69 73 74 73 72
100
0
43 44 42 42 39 46 45 40 43 41 45 42 47 42 45 42 41 48 43 44
101
0
56 47 50 52 48 48 51 51 51 51 52 52 48 53 50 50 50 51 47 50
102
0
55 56 57 53 55 53 50 54 55 52 55 55 53 54 55 54 59 56 56 54
103
0
44 36 41 38 39 39 39 39 38 41 40 40 40 38 34 40 37 37 39 39
104
0
62 60 62 65 57 57 62 63 60 61 58 59 66 64 63 65 63 67 59 57
105
0
57 59 58 57 57 57 58 61 58 59 59 57 56 54 60 62 57 56 58 54
106
0
57 57 60 64 58 59 60 63 62 61 61 58 60 63 59 56 63 64 61 61
107
0
35 31 37 34 34 33 31 35 35 34 36 39 34 35 36 37 34 36 35 32
108
0
52 48 54 50 50 52 50 52 52 47 51 54 56 51 52 49 55 51 53 53
109
0
37 41 36 35 37 37 39 38 39 37 37 35 36 37 39 39 36 37 39 38
110
0
40 41 39 42 41 39 41 38 42 40 41 41 39 39 41 40 38 41 39 35
111
0
41 40 40 40 43 41 43 38 40 41 36 40 43 41 41 39 45 40 38 42
112
0
29 31 32 31 35 31 33 32 29 31 28 36 33 31 34 32 34 29 34 32
113
0
41 41 41 42 41 44 42 46 41 42 40 46 38 43 41 40 38 38 39 40
114
0
62 65 65 57 62 61 62 59 60 60 61 63 61 59 61 65 62 61 63 60
115
0
42 39 38 40 41 41 40 38 39 40 41 40 38 40 42 41 40 42 43 39
116
0
50 43 46 49 48 46 45 45 46 48 47 47 47 51 45 45 43 45 46 49
117
0
48 47 45 44 48 44 47 51 51 51 50 54 51 50 46 52 53 53 49 47
118
0
38 44 42 41 43 42 42 38 43 43 40 38 41 40 45 42 42 42 38 45
119
0
41 44 40 44 41 43 37 43 40 41 39 39 41 41 42 41 41 41 43 39
120
0
37 42 42 44 43 44 41 43 39 42 40 38 41 43 42 41 43 39 41 37
121
0
55 52 50 54 53 56 56 51 52 57 52 59 54 52 57 55 47 54 53 56
122
0
43 44 44 45 43 44 43 42 45 41 48 43 45 45 43 47 42 45 46 43
123
0
41 43 51 45 44 49 45 48 52 47 49 44 45 48 50 47 45 44 50 47
124
0
57 52 53 55 53 55 52 55 51 53 57 55 51 54 51 57 57 55 57 55
125
0
60 55 53 60 56 53 58 51 58 55 53 59 54 58 56 58 51 56 57 58
126
0
60 63 63 61 63 62 63 61 59 62 58 65 61 64 64 62 60 57 58 60
127
0
42 46 43 46 42 44 44 47 44 41 43 44 47 45 47 43 46 44 44 46
128
0
40 42 44 41 43 39 46 42 45 44 43 38 41 40 41 41 46 44 41 42
129
0
55 54 52 49 49 51 49 50 55 52 57 53 52 55 51 51 50 52 55 52
130
0
50 51 52 51 48 49 49 50 49 46 49 48 51 49 48 48 50 48 48 46
131
0
45 44 43 45 45 41 42 42 44 47 46 44 40 47 42 45 45 43 44 41
132
0
72 71 69 69 68 73 72 72 71 68 70 71 71 72 73 71 78 70 69 68
133
0
35 35 38 39 36 34 34 36 36 36 33 35 33 36 36 32 35 37 33 38
134
0
27 32 28 27 28 31 29 31 29 30 27 27 27 30 29 28 30 28 29 29
135
0
41 43 45 39 45 44 45 46 42 47 43 45 42 46 42 44 43 42 44 43
136
0
47 46 45 45 45 47 44 44 50 45 45 50 46 44 48 46 47 47 44 48
137
0
64 65 68 67 71 65 67 67 66 69 65 66 65 65 69 64 63 65 69 66
138
0
39 40 41 42 39 39 40 44 42 40 41 41 39 39 42 42 35 39 38 40
139
0
60 61 60 62 60 60 57 62 60 58 56 62 65 59 59 63 64 63 56 58
140
0
52 49 50 55 52 52 56 53 53 54 52 53 56 51 53 53 50 48 53 56
141
0
43 43 39 41 40 40 37 39 37 42 38 38 42 38 39 39 41 42 41 42
142
0
40 37 37 40 34 38 35 39 35 38 37 36 37 38 41 37 39 39 38 40
143
0
79 78 80 80 78 73 83 80 78 83 77 77 79 85 73 84 83 82 79 78
144
0
50 51 49 51 53 49 50 51 54 54 52 47 49 48 51 51 52 47 52 49
145
0
55 55 51 54 52 56 50 60 53 54 56 56 60 49 58 53 51 57 57 52
146
0
61 62 63 63 58 64 59 58 61 61 59 59 57 59 59 56 63 63 61 63
147
0
52 46 46 47 48 50 48 46 48 46 46 45 47 50 48 45 47 48 44 49
148
0
46 39 41 40 40 40 44 44 40 43 43 43 39 43 44 43 44 44 43 45
149
0
37 36 37 36 35 36 38 34 38 38 36 39 39 37 39 35 34 38 36 40
150
0
48 49 48 50 50 49 53 51 49 45 51 50 48 50 55 50 50 54 52 50
151
0
53 54 55 49 54 56 54 52 52 51 51 55 49 49 52 51 49 50 49 50
152
0
28 24 26 25 25 25 26 27 23 25 24 24 23 24 28 27 24 25 26 25
153
0
69 71 71 67 66 71 71 67 68 70 70 69 65 71 71 65 67 66 68 66
154
0
32 35 37 36 35 36 32 32 32 34 33 34 33 36 32 32 36 34 37 34
155
0
39 43 43 43 42 46 42 45 44 41 44 44 44 41 41 42 45 44 44 41
156
0
51 48 52 53 50 46 47 48 47 45 49 51 47 47 48 47 45 51 45 49
157
0
49 45 50 50 50 52 50 48 49 46 48 46 53 52 48 49 50 50 50 51
158
0
39 42 43 41 41 44 41 42 38 43 44 42 40 43 41 44 44 40 38 40
159
0
33 29 31 31 32 31 28 33 33 30 34 32 34 32 32 30 31 31 34 31
160
0
55 58 56 59 60 60 55 58 59 56 53 63 59 55 60 57 58 55 61 56
161
0
69 69 72 70 69 68 65 64 67 68 75 71 69 71 72 71 72 67 68 65
162
0
34 33 34 36 37 31 32 35 31 32 36 35 32 32 34 35 36 36 36 36
163
0
61 61 61 59 61 59 64 60 61 62 59 60 70 61 60 62 59 60 61 61
164
0
40 40 39 39 40 39 44 42 39 41 40 41 41 42 40 38 45 40 39 40
165
0
59 61 62 64 61 57 60 63 62 56 58 59 62 61 59 58 58 67 62 61
166
0
53 54 57 54 57 57 52 55 55 55 53 53 59 55 58 55 56 56 56 57
167
0
56 60 62 57 58 56 56 62 58 57 56 56 56 58 58 58 52 60 58 58
168
0
65 70 64 65 67 69 69 68 67 69 73 65 67 63 61 64 66 64 66 71
169
0
52 48 51 51 52 49 50 54 52 52 51 49 49 50 52 51 53 49 53 50
170
0
68 67 67 72 66 68 70 71 69 65 69 67 65 65 69 66 71 65 68 69
171
0
65 60 62 61 60 62 57 62 60 57 60 59 58 59 59 62 58 59 56 56
172
0
59 62 58 61 63 61 54 54 58 55 57 58 53 57 58 52 57 57 56 52
173
0
48 47 47 47 50 50 49 49 53 50 52 51 51 51 51 49 48 51 52 51
174
0
82 85 81 85 81 90 89 89 81 81 88 82 89 78 84 82 86 86 84 86
175
0
59 53 51 52 50 50 52 56 56 50 53 50 52 53 53 52 52 53 54 50
176
0
33 32 35 34 37 32 35 37 35 33 32 34 34 32 34 34 38 32 32 32
177
0
63 62 59 57 61 57 64 62 61 57 58 60 59 59 59 57 62 60 56 55
178
0
52 48 50 52 51 52 50 50 46 57 55 51 54 53 48 49 54 51 50 56
179
0
50 54 52 54 53 52 52 52 54 53 55 54 52 53 51 54 53 48 51 53
180
0
56 56 62 58 61 61 56 58 58 59 59 59 61 60 53 55 56 62 60 58
181
0
42 44 44 45 43 41 43 45 42 39 41 45 44 40 41 47 46 41 45 44
182
0
64 66 62 62 62 64 59 57 67 60 62 63 62 61 63 61 64 59 58 57
183
0
68 64 70 68 69 75 65 67 66 66 69 67 70 65 64 72 66 67 70 66
184
0
54 50 50 47 50 51 54 51 53 53 53 54 54 50 57 50 54 51 52 51
185
0
57 58 55 55 54 54 53 55 55 54 54 52 59 56 54 53 57 58 51 55
186
0
80 82 77 83 83 81 81 80 78 80 82 81 79 77 78 82 75 78 76 81
187
0
50 48 49 48 49 51 49 47 51 46 51 49 47 50 48 51 51 49 48 50
188
0
39 40 39 38 40 40 36 38 40 38 37 41 38 38 37 40 39 35 40 38
189
0
32 32 32 35 34 33 32 33 32 32 31 35 32 35 30 29 32 34 35 32
190
0
54 54 56 54 55 55 54 54 54 52 55 54 56 53 53 53 57 52 55 56
191
0
41 40 38 41 42 42 40 37 42 41 39 40 39 40 44 42 41 42 38 40
192
0
43 46 45 45 44 46 49 45 47 50 46 50 49 47 48 44 46 50 46 49
193
0
38 35 40 38 39 41 39 39 40 41 39 38 37 36 35 36 41 36 39 42
194
0
43 42 42 45 41 44 44 44 36 44 47 46 45 42 46 43 42 47 41 43
195
0
47 40 42 37 38 43 42 41 44 41 41 41 42 41 42 44 42 42 42 41
196
0
53 57 57 55 50 54 54 53 50 48 54 57 52 54 53 57 55 55 48 55
197
0
49 45 41 47 44 43 45 47 52 46 47 45 43 47 47 45 47 45 46 48
198
0
54 53 57 57 53 53 53 53 56 51 51 51 53 52 55 53 57 52 54 54
199
0
45 44 47 42 44 41 44 43 44 46 41 48 47 43 44 44 48 46 45 43
