200
10
685941
0
0
51 52 52 53 55 52 52 54 54 56
1
0
36 37 39 36 37 36 36 33 36 40
2
0
55 57 58 58 58 57 59 58 58 61
3
0
40 41 41 38 37 42 39 39 37 39
4
0
52 52 54 50 51 56 54 48 53 55
5
0
31 31 34 32 32 31 33 34 32 33
6
0
34 34 33 34 35 36 34 37 32 34
7
0
58 53 56 60 58 62 58 53 54 53
8
0
52 49 49 48 51 50 54 52 51 50
9
0
56 55 55 55 54 53 56 54 53 55
10
0
73 72 75 76 75 76 78 73 74 77
11
0
41 41 41 37 39 38 40 40 40 37
12
0
50 45 53 46 45 48 44 45 49 48
13
0
51 52 47 50 49 47 48 50 50 51
14
0
33 32 31 31 33 34 32 30 33 32
15
0
43 46 46 46 46 45 45 48 44 48
16
0
72 70 70 71 69 67 73 72 71 72
17
0
41 42 39 38 39 42 39 40 41 45
18
0
39 41 38 40 39 38 42 43 43 43
19
0
48 50 56 49 50 52 52 53 55 52
20
0
35 34 34 34 34 34 31 34 34 33
21
0
59 58 57 58 55 60 57 54 60 60
22
0
42 42 45 42 41 43 42 42 43 44
23
0
51 53 53 53 52 54 53 50 56 53
24
0
61 66 60 62 59 59 61 62 61 59
25
0
39 40 40 40 41 40 39 40 37 37
26
0
48 49 49 51 51 47 50 49 48 51
27
0
32 39 39 38 32 34 36 36 33 39
28
0
74 78 76 75 72 70 75 71 76 74
29
0
55 58 56 57 61 55 57 55 54 50
30
0
51 54 55 54 51 51 54 56 51 53
31
0
47 47 43 45 45 48 45 46 45 42
32
0
53 53 51 56 55 53 54 58 52 50
33
0
49 49 47 53 52 50 50 51 55 48
34
0
53 57 54 57 52 59 57 58 53 53
35
0
53 54 50 51 55 52 51 55 54 55
36
0
45 49 45 42 46 48 43 47 47 45
37
0
55 56 56 58 55 53 56 54 53 53
38
0
50 52 53 48 49 47 47 49 50 51
39
0
79 81 77 81 78 80 73 80 77 83
40
0
41 45 45 43 45 41 45 45 43 44
41
0
57 50 52 56 52 49 52 50 52 56
42
0
55 55 56 59 59 54 51 57 55 56
43
0
52 50 52 51 50 51 50 51 52 49
44
0
37 42 40 43 39 38 43 40 39 41
45
0
46 52 48 47 47 49 51 46 49 50
46
0
51 52 52 50 49 53 49 51 53 50
47
0
46 44 45 44 42 43 43 44 42 43
48
0
45 41 42 42 43 43 44 41 44 45
49
0
42 43 43 47 39 44 42 42 41 42
50
0
47 48 52 47 50 51 51 49 53 56
51
0
33 40 36 41 39 36 39 36 38 39
52
0
40 42 42 40 36 37 38 39 37 40
53
0
47 46 48 48 48 46 46 49 49 50
54
0
46 49 43 40 45 45 49 45 46 46
55
0
48 50 47 47 49 51 49 50 48 46
56
0
52 49 54 53 53 53 51 55 48 55
57
0
65 63 64 63 64 62 63 61 63 64
58
0
68 68 64 66 68 70 67 67 65 64
59
0
41 40 41 43 42 46 41 41 43 45
60
0
40 38 42 44 41 41 44 47 45 43
61
0
49 49 50 51 47 55 48 50 49 49
62
0
40 38 37 37 39 37 36 37 37 39
63
0
61 65 61 59 60 55 61 64 68 61
64
0
58 61 59 62 64 60 60 62 63 65
65
0
53 51 51 53 54 56 55 59 51 52
66
0
49 46 48 50 49 44 47 51 51 44
67
0
59 56 61 65 66 65 66 62 61 61
68
0
44 45 43 42 37 42 42 41 43 42
69
0
40 38 44 42 42 43 42 40 44 42
70
0
57 52 57 56 58 55 58 60 56 55
71
0
31 28 29 33 34 32 29 28 36 31
72
0
51 48 51 48 48 48 52 51 48 49
73
0
47 48 49 46 48 54 49 49 46 47
74
0
49 47 51 48 46 47 47 49 46 48
75
0
65 71 66 70 63 67 69 68 70 65
76
0
48 53 52 53 49 44 48 52 49 50
77
0
47 48 47 46 50 49 47 49 49 48
78
0
51 50 51 52 48 51 52 48 52 49
79
0
47 48 45 47 49 49 45 50 48 48
80
0
53 53 51 51 53 53 59 52 52 55
81
0
58 61 59 62 59 64 63 63 60 58
82
0
64 68 60 62 61 60 57 60 64 64
83
0
40 41 42 38 35 39 40 41 37 37
84
0
41 49 44 46 45 45 42 44 42 44
85
0
49 47 47 49 46 46 47 46 50 45
86
0
61 60 60 59 62 61 63 55 62 62
87
0
60 59 63 57 56 61 59 63 58 61
88
0
41 40 42 39 37 43 41 39 44 41
89
0
70 70 70 70 70 72 66 68 67 75
90
0
42 43 46 41 44 43 46 40 43 44
91
0
34 41 35 35 39 36 37 34 37 38
92
0
32 29 32 29 30 32 32 35 31 33
93
0
59 58 57 58 57 58 62 56 59 62
94
0
54 53 49 48 52 50 49 50 52 46
95
0
40 43 45 43 43 40 39 42 42 43
96
0
70 70 68 68 70 66 69 70 67 66
97
0
53 50 48 50 51 50 51 52 51 49
98
0
50 46 48 51 51 48 49 47 48 53
99
0
50 49 49 48 52 49 48 51 49 51
100
0
40 42 43 42 44 43 43 42 43 44
101
0
68 64 62 62 65 67 66 61 61 70
102
0
62 56 57 52 54 59 57 57 58 59
103
0
35 33 33 31 32 33 34 33 31 35
104
0
37 42 40 42 40 42 41 41 42 42
105
0
44 42 42 43 41 43 47 45 40 43
106
0
61 61 56 59 58 59 58 62 59 57
107
0
76 68 73 75 71 75 76 78 76 76
108
0
42 46 43 45 43 45 42 43 42 49
109
0
32 33 32 31 33 33 33 33 35 33
110
0
69 68 67 69 65 69 66 64 64 71
111
0
47 45 43 43 48 48 46 44 44 45
112
0
54 55 56 54 51 56 58 57 59 53
113
0
49 51 52 47 48 47 50 46 48 46
114
0
40 42 41 42 39 39 43 38 44 41
115
0
65 61 67 66 63 63 63 63 66 67
116
0
39 34 35 35 36 37 37 41 40 38
117
0
49 46 47 49 45 45 44 48 48 41
118
0
68 74 71 69 67 69 69 75 68 69
119
0
71 72 74 68 71 72 68 73 68 72
120
0
47 48 47 48 50 51 48 47 48 49
121
0
67 61 65 61 60 64 64 60 65 60
122
0
50 46 49 53 53 51 49 52 50 50
123
0
51 53 46 54 50 48 50 51 52 47
124
0
47 44 47 47 44 42 42 46 46 45
125
0
40 44 41 42 40 42 40 41 39 43
126
0
77 74 77 73 72 75 78 69 77 73
127
0
47 43 47 46 47 42 46 44 47 45
128
0
56 54 58 57 56 63 58 60 57 56
129
0
52 52 49 54 50 52 56 51 54 51
130
0
41 41 36 39 39 38 39 40 42 40
131
0
46 46 51 46 47 44 49 43 47 48
132
0
52 51 53 51 49 53 51 48 55 50
133
0
50 51 48 48 52 47 47 53 49 50
134
0
54 53 52 53 54 53 50 50 50 50
135
0
46 46 48 47 49 48 49 45 51 46
136
0
48 48 47 44 47 45 46 49 49 45
137
0
50 46 51 50 49 44 47 47 48 48
138
0
65 64 64 69 59 62 66 61 60 60
139
0
49 45 44 46 48 51 48 46 43 45
140
0
49 58 53 53 53 50 55 55 53 52
141
0
42 42 42 42 45 45 44 42 45 42
142
0
49 50 48 47 47 47 45 46 49 48
143
0
43 42 42 42 44 41 43 41 42 44
144
0
36 35 34 34 36 33 32 34 35 36
145
0
33 36 34 37 36 36 36 35 32 38
146
0
41 46 42 41 45 43 41 41 44 41
147
0
49 49 47 47 49 46 46 47 44 52
148
0
52 48 46 47 50 48 48 49 50 46
149
0
63 56 63 60 57 63 57 58 58 59
150
0
47 49 53 50 53 51 49 54 53 51
151
0
44 44 45 43 47 40 42 47 39 43
152
0
77 75 77 78 80 79 79 83 80 81
153
0
51 52 50 53 47 51 50 48 56 52
154
0
56 53 55 52 53 60 49 51 57 54
155
0
45 48 52 48 54 49 50 53 53 52
156
0
60 58 63 58 56 60 60 58 56 61
157
0
61 66 59 61 58 56 60 58 58 57
158
0
55 51 50 53 53 52 55 51 54 49
159
0
40 41 40 43 41 41 42 41 41 45
160
0
52 54 56 53 58 53 53 52 52 54
161
0
48 49 48 46 46 47 43 47 47 44
162
0
53 59 48 47 52 55 53 53 52 51
163
0
40 41 42 40 39 37 38 40 39 39
164
0
41 43 38 42 41 42 43 38 41 45
165
0
43 47 47 43 45 44 42 42 47 43
166
0
54 53 55 48 60 54 52 50 53 52
167
0
47 45 47 46 47 50 50 49 44 46
168
0
45 53 49 56 52 52 50 52 52 54
169
0
38 39 40 36 38 40 41 42 40 37
170
0
46 46 42 43 44 44 46 44 44 43
171
0
48 44 50 46 50 48 48 54 48 48
172
0
52 46 55 54 56 52 49 51 55 55
173
0
34 38 38 34 36 35 37 36 40 34
174
0
53 53 50 56 52 54 52 51 50 51
175
0
53 52 48 52 51 46 52 54 49 53
176
0
44 43 43 47 41 46 45 46 44 49
177
0
47 50 46 49 52 46 51 51 46 47
178
0
54 53 57 54 53 51 54 53 53 58
179
0
59 61 61 56 57 60 64 62 62 60
180
0
53 53 52 53 50 52 52 50 54 51
181
0
43 41 43 38 41 40 45 42 44 43
182
0
51 50 51 52 49 52 52 51 50 49
183
0
46 40 45 38 39 40 39 41 44 43
184
0
44 46 47 45 45 49 44 45 47 46
185
0
45 39 39 41 39 40 41 39 41 38
186
0
53 56 58 56 61 56 54 58 52 59
187
0
50 50 45 45 46 46 46 48 49 48
188
0
66 63 56 59 65 60 60 59 58 59
189
0
59 61 65 64 61 62 60 60 60 59
190
0
40 36 38 39 37 37 39 38 38 33
191
0
53 50 48 48 56 51 49 49 55 51
192
0
31 36 34 36 32 33 32 32 34 34
193
0
58 60 64 57 58 62 62 57 57 53
194
0
49 49 45 49 50 51 47 49 51 48
195
0
63 67 59 59 62 63 64 59 63 62
196
0
30 30 28 30 29 28 30 28 32 28
197
0
53 49 47 51 49 48 51 52 50 50
198
0
45 48 46 50 47 46 49 50 45 47
199
0
38 41 38 38 36 38 38 42 39 38
