100
10
479694
0
0
49 49 51 50 53 53 53 50 50 51
1
0
63 54 62 57 54 55 59 53 59 60
2
0
55 58 58 57 58 62 58 61 54 58
3
0
52 55 52 54 50 56 54 53 49 55
4
0
45 43 43 43 46 45 44 44 44 43
5
0
58 62 61 60 63 58 61 57 60 59
6
0
56 48 55 54 54 52 55 52 49 56
7
0
54 54 52 55 55 52 54 53 57 53
8
0
60 57 59 56 56 63 62 59 64 64
9
0
56 51 54 54 49 54 53 59 51 55
10
0
46 50 47 54 50 51 48 51 51 52
11
0
45 49 41 44 49 44 44 43 47 46
12
0
63 59 62 62 57 57 62 62 65 60
13
0
32 28 32 31 34 28 30 28 32 31
14
0
46 44 44 44 45 47 47 43 41 50
15
0
47 50 48 46 45 51 48 46 44 47
16
0
33 33 33 33 35 36 34 35 34 37
17
0
41 42 41 38 39 42 38 38 37 39
18
0
51 48 47 52 45 49 49 51 51 46
19
0
54 53 51 61 54 58 56 56 54 53
20
0
48 46 47 48 48 48 43 46 49 50
21
0
60 62 59 59 54 59 54 58 58 59
22
0
52 48 51 49 49 51 53 51 50 48
23
0
56 58 56 54 57 56 52 52 59 54
24
0
29 27 33 31 29 27 27 29 29 30
25
0
48 48 46 48 47 50 45 48 47 47
26
0
40 44 41 37 40 38 38 40 42 37
27
0
87 82 84 80 83 81 83 85 86 84
28
0
40 38 40 39 40 39 40 42 43 38
29
0
43 44 42 48 43 43 47 38 41 47
30
0
46 51 49 47 48 49 49 51 48 50
31
0
52 50 47 54 51 52 51 47 50 55
32
0
59 57 61 58 58 55 57 56 57 58
33
0
60 53 54 58 58 58 54 58 55 58
34
0
36 33 32 35 33 31 33 31 37 32
35
0
52 50 46 50 50 44 53 47 48 51
36
0
55 57 54 57 58 53 49 55 53 53
37
0
36 36 34 37 35 34 37 35 33 34
38
0
37 36 38 38 39 38 33 37 38 38
39
0
42 45 46 42 48 46 48 43 44 46
40
0
59 61 60 60 64 59 62 59 61 62
41
0
61 56 59 66 63 60 57 60 61 58
42
0
56 52 56 56 54 53 55 53 50 49
43
0
58 58 57 62 59 62 57 59 59 57
44
0
57 57 52 54 58 58 55 54 59 56
45
0
36 36 35 35 34 36 38 38 38 37
46
0
50 49 53 47 54 53 50 53 49 53
47
0
58 58 59 56 60 58 57 55 61 59
48
0
46 46 40 42 42 41 44 44 44 46
49
0
39 40 35 38 39 42 40 39 43 41
50
0
45 44 46 46 49 50 48 51 47 47
51
0
37 36 33 37 37 34 36 38 38 34
52
0
44 44 43 42 45 41 40 44 45 45
53
0
51 51 49 49 51 49 51 50 52 52
54
0
55 56 55 53 54 53 51 53 50 55
55
0
44 50 45 45 41 44 44 43 46 43
56
0
52 51 50 50 52 48 49 48 52 54
57
0
42 41 41 43 43 38 44 39 38 40
58
0
54 52 52 51 54 53 49 53 47 50
59
0
43 42 43 42 38 41 42 41 45 47
60
0
48 49 51 48 49 46 48 48 48 52
61
0
51 53 53 56 57 52 55 55 55 54
62
0
58 57 61 59 60 59 62 62 61 62
63
0
46 43 46 45 48 46 44 46 42 44
64
0
56 55 50 56 58 53 53 55 57 59
65
0
36 41 37 38 36 39 38 39 41 40
66
0
43 40 42 41 41 36 41 40 39 35
67
0
59 63 61 62 61 60 62 60 61 63
68
0
47 48 46 48 47 44 48 49 43 48
69
0
58 65 63 58 56 62 62 58 64 59
70
0
54 57 60 56 56 59 58 54 52 57
71
0
45 46 42 46 44 42 46 43 43 40
72
0
61 53 55 58 55 55 56 55 55 53
73
0
52 54 51 60 54 54 54 57 57 53
74
0
36 37 40 37 40 35 43 40 38 37
75
0
35 35 35 33 33 33 33 32 35 35
76
0
49 49 51 48 51 52 50 54 53 50
77
0
59 59 53 56 56 56 53 63 54 59
78
0
42 44 38 46 45 46 45 45 44 43
79
0
58 58 60 62 57 56 60 60 53 60
80
0
59 57 59 60 59 55 58 57 59 58
81
0
40 44 42 41 43 43 39 43 44 42
82
0
44 44 47 40 44 45 43 45 43 45
83
0
55 54 52 52 52 54 56 51 51 52
84
0
63 60 63 60 61 61 61 59 62 65
85
0
50 46 47 43 46 43 47 46 44 43
86
0
40 36 42 36 39 39 39 37 36 35
87
0
55 51 49 51 48 50 50 52 48 52
88
0
52 49 48 52 56 52 51 48 50 47
89
0
56 56 52 51 54 49 53 50 51 55
90
0
65 63 68 70 68 65 62 64 59 68
91
0
75 70 74 67 73 72 75 73 68 69
92
0
50 54 50 53 51 52 53 55 52 52
93
0
43 46 41 44 44 44 44 39 49 42
94
0
42 43 42 44 41 43 42 45 42 46
95
0
52 49 49 51 45 49 48 48 43 46
96
0
55 62 58 57 56 59 55 58 56 59
97
0
37 36 38 36 35 38 36 38 34 37
98
0
38 40 37 37 36 37 36 40 39 37
99
0
50 52 49 52 49 53 52 48 50 50
