20
20
211483
0
0
51 34 58 47 48 44 39 36 44 41 61 36 37 42 74 55 57 54 50 56
1
0
51 34 55 52 51 46 41 37 43 45 60 35 37 39 71 56 54 51 48 56
2
0
52 35 56 48 47 45 38 36 43 39 59 35 34 43 73 60 55 53 49 55
3
0
49 37 55 48 48 46 41 32 43 38 62 35 37 41 72 56 55 54 50 56
4
0
53 39 59 50 47 44 42 36 48 43 60 36 38 43 72 53 58 54 51 53
5
0
54 36 60 47 46 41 36 33 42 40 60 37 39 38 73 55 49 47 49 54
6
0
51 35 58 48 50 46 38 38 40 44 61 38 37 41 72 59 57 57 51 60
7
0
53 35 58 53 49 40 39 36 40 41 58 34 39 39 75 62 58 55 51 54
8
0
52 35 57 47 48 43 36 37 44 41 61 39 39 38 70 54 58 56 52 52
9
0
54 36 51 50 46 45 40 37 46 42 57 38 35 43 72 55 53 56 51 55
10
0
52 34 55 47 51 43 36 35 46 42 57 34 35 43 78 55 57 58 52 54
11
0
56 37 61 47 46 45 41 34 48 42 65 36 38 42 73 57 58 57 50 56
12
0
51 36 58 48 47 44 40 35 43 41 59 35 39 41 71 60 55 55 50 54
13
0
58 35 58 53 49 44 40 34 43 42 57 33 34 44 71 53 59 57 50 54
14
0
53 34 57 50 46 43 38 39 47 43 60 35 38 44 74 57 57 58 51 52
15
0
49 36 56 49 48 46 39 38 46 42 56 34 38 39 69 57 55 58 49 56
16
0
54 36 56 51 47 39 39 36 42 42 62 35 35 46 71 50 59 55 50 59
17
0
50 39 56 48 47 43 36 39 46 43 59 35 37 40 70 58 54 53 52 51
18
0
54 34 57 49 42 46 36 36 45 42 60 35 34 44 72 54 58 53 50 53
19
0
49 41 56 48 47 44 41 37 44 44 55 32 36 41 68 52 55 54 50 54
