100
20
451726
0
0
51 45 27 53 52 64 55 38 44 42 51 42 67 55 35 58 48 47 47 53
1
0
47 60 59 52 36 33 40 55 68 50 47 40 66 46 64 59 40 66 63 50
2
0
39 73 54 51 53 55 42 51 53 53 34 39 56 67 45 56 45 48 40 36
3
0
50 64 55 57 57 60 39 52 47 38 54 54 39 44 40 53 57 52 50 32
4
0
59 48 35 45 50 63 45 43 40 43 59 44 46 52 42 42 51 50 52 60
5
0
52 45 61 50 70 61 63 57 47 54 48 41 62 34 48 54 47 57 67 55
6
0
46 46 55 55 38 58 46 54 52 57 55 58 22 51 49 50 65 52 55 66
7
0
70 43 54 57 48 50 55 47 82 52 52 39 52 46 62 53 39 32 48 57
8
0
42 54 59 60 75 41 43 62 45 46 35 59 40 56 45 63 45 61 58 47
9
0
60 63 43 35 54 39 48 49 54 53 38 55 58 44 41 71 53 45 55 50
10
0
57 37 57 39 42 84 38 55 44 55 55 76 55 59 38 43 54 59 51 66
11
0
70 64 69 47 49 64 52 59 42 44 64 42 54 51 44 36 47 31 65 58
12
0
56 39 56 57 31 39 49 43 24 40 49 72 40 60 35 55 47 41 41 57
13
0
53 63 45 52 42 62 39 56 48 41 45 50 49 55 49 42 39 47 48 51
14
0
71 41 45 54 33 60 52 56 36 44 48 49 58 51 52 62 40 56 69 60
15
0
72 43 61 40 38 59 41 50 46 50 57 49 58 50 59 46 49 46 57 39
16
0
61 45 49 40 40 47 59 58 43 47 37 39 52 48 64 56 61 74 63 39
17
0
55 39 44 57 65 44 41 55 38 51 37 50 43 51 68 44 63 76 34 57
18
0
55 35 45 63 48 58 57 42 50 59 49 43 50 42 45 42 37 55 40 32
19
0
58 49 36 52 52 49 42 57 56 44 50 38 48 53 51 51 67 38 65 55
20
0
46 50 48 34 61 52 57 55 59 53 38 44 51 60 56 41 55 60 60 55
21
0
47 45 43 37 42 67 56 47 44 53 80 67 52 41 40 48 53 56 49 41
22
0
40 31 45 59 60 42 62 40 56 59 51 71 66 34 51 48 38 39 41 58
23
0
43 64 41 33 61 68 54 37 59 62 58 53 66 57 46 50 55 42 49 51
24
0
57 64 51 45 50 46 43 42 62 36 42 56 38 55 59 49 49 40 57 56
25
0
45 56 42 54 61 52 64 57 52 41 58 48 39 41 49 47 47 64 45 47
26
0
53 63 58 35 58 44 33 42 50 54 49 72 35 70 42 44 36 46 64 62
27
0
46 50 74 48 50 39 48 60 35 56 49 43 63 45 46 58 76 49 41 41
28
0
76 56 32 51 57 48 42 56 47 51 42 40 39 44 50 43 50 51 33 36
29
0
35 40 38 52 45 47 38 55 56 44 61 77 58 70 61 56 66 51 59 54
30
0
49 64 62 42 69 54 57 39 44 58 61 51 66 49 51 41 56 61 45 44
31
0
63 52 71 37 44 64 60 26 47 37 35 46 56 62 58 43 45 52 59 57
32
0
48 56 30 61 42 38 69 30 60 78 64 58 55 48 47 45 45 52 50 52
33
0
49 32 76 45 44 65 54 46 48 43 73 42 53 53 45 66 46 60 55 49
34
0
64 57 44 43 48 53 43 62 56 66 53 51 53 44 56 55 50 47 53 28
35
0
24 42 42 67 32 72 55 35 58 42 60 27 46 41 63 50 45 59 52 62
36
0
47 59 48 64 79 50 60 50 56 46 65 57 45 49 51 37 48 34 63 53
37
0
47 47 49 38 43 49 55 48 69 47 59 66 37 64 72 58 61 38 64 53
38
0
41 65 52 32 57 89 52 45 54 52 45 53 36 48 51 47 41 52 49 33
39
0
60 38 36 53 51 65 43 58 37 62 53 68 40 50 43 55 53 55 59 38
40
0
50 57 55 51 49 39 47 51 61 67 44 50 41 47 73 52 72 54 42 62
41
0
68 35 43 49 47 50 44 35 59 37 42 51 31 49 60 50 40 43 52 37
42
0
53 50 46 55 35 61 64 54 58 39 40 41 53 50 62 54 59 47 58 57
43
0
47 38 46 53 59 52 62 48 47 46 50 53 42 45 44 59 55 48 39 43
44
0
51 48 48 44 63 51 57 50 54 51 42 45 49 57 43 46 56 64 45 40
45
0
37 39 41 63 49 56 59 64 39 47 52 47 63 52 50 62 52 58 39 47
46
0
56 69 37 54 53 55 55 58 64 58 40 83 59 38 35 30 54 43 52 46
47
0
50 69 46 51 35 32 55 43 48 32 63 36 50 51 38 36 64 38 50 50
48
0
49 47 66 85 49 60 69 47 40 43 49 66 48 49 40 35 48 46 51 39
49
0
48 34 59 56 39 50 63 41 54 55 44 44 43 40 47 72 49 54 36 47
50
0
54 64 51 55 49 28 38 54 33 50 45 59 51 50 44 41 44 58 52 54
51
0
52 61 48 54 51 48 42 40 72 56 42 43 37 64 62 42 49 51 51 44
52
0
46 53 38 47 58 46 62 48 57 69 45 47 55 41 46 37 47 50 52 65
53
0
59 62 29 53 49 55 46 46 43 46 34 50 49 55 51 39 45 39 47 61
54
0
48 60 51 60 43 53 58 46 56 31 50 53 43 46 50 32 34 39 55 58
55
0
50 47 27 38 48 52 72 41 49 66 45 43 76 53 47 46 40 44 56 49
56
0
47 57 40 38 33 51 70 39 46 62 50 55 47 44 68 51 54 44 43 39
57
0
76 46 66 63 37 61 64 51 42 48 48 62 60 42 63 46 46 51 45 41
58
0
48 35 49 39 39 57 52 52 53 67 57 68 50 42 46 45 45 50 52 35
59
0
61 46 38 47 37 63 64 63 64 51 40 52 49 66 66 58 57 39 44 52
60
0
44 72 34 50 41 51 46 46 48 51 56 57 46 45 63 41 70 68 41 58
61
0
44 49 45 54 39 56 45 48 39 55 46 79 47 36 34 55 43 34 71 46
62
0
52 43 38 61 46 34 49 45 57 56 56 44 43 46 41 45 37 64 48 56
63
0
44 53 69 66 47 40 63 57 46 63 42 45 61 51 47 49 54 63 51 53
64
0
61 44 52 48 37 47 68 36 56 55 57 45 51 42 51 37 47 46 54 44
65
0
55 50 59 39 41 46 50 44 51 55 52 71 46 53 55 45 47 38 48 40
66
0
51 71 63 42 49 45 47 37 61 45 47 56 76 42 31 41 51 53 62 52
67
0
51 47 68 45 55 44 50 46 50 50 39 51 55 58 45 27 44 46 67 55
68
0
38 45 45 52 44 57 68 37 38 47 55 51 51 30 58 44 49 65 58 45
69
0
55 55 45 51 49 64 37 43 41 63 52 57 53 41 49 53 47 42 51 40
70
0
49 56 82 51 50 47 52 35 42 56 50 68 59 58 45 63 53 33 63 56
71
0
60 42 42 46 47 57 71 47 42 39 63 51 40 42 61 49 46 38 59 47
72
0
48 59 43 39 41 61 44 53 47 54 39 37 37 64 63 54 52 59 44 55
73
0
35 59 53 38 48 43 53 54 42 50 42 41 44 49 44 67 54 51 33 63
74
0
46 48 31 68 43 60 33 44 62 42 36 40 41 59 64 48 37 43 49 51
75
0
40 38 59 38 34 52 52 53 52 45 57 66 46 50 39 41 61 45 29 45
76
0
58 48 62 41 41 77 50 73 43 63 67 31 71 42 38 45 46 54 58 51
77
0
43 68 57 42 77 51 55 54 45 36 53 54 56 49 37 53 47 47 63 58
78
0
55 66 56 47 46 51 52 60 61 53 49 37 44 55 51 67 54 36 63 74
79
0
52 60 60 42 59 40 43 43 63 28 38 54 52 54 53 73 38 51 51 45
80
0
37 57 55 59 52 64 46 54 56 40 46 56 37 41 52 47 69 47 58 41
81
0
56 46 45 47 59 34 38 57 44 38 51 47 72 45 57 54 56 56 44 74
82
0
49 56 63 50 67 32 45 44 56 59 50 53 59 55 55 53 42 47 31 60
83
0
39 40 42 46 42 58 56 56 62 51 38 37 50 48 67 39 57 38 39 37
84
0
67 39 49 54 72 36 51 48 48 56 54 54 44 58 73 35 61 57 46 38
85
0
42 40 52 45 45 62 46 45 39 61 42 31 52 50 39 58 47 46 51 60
86
0
60 60 67 48 49 53 41 56 56 55 51 53 51 47 55 56 47 42 46 54
87
0
49 52 42 35 42 42 62 36 50 45 50 49 41 49 53 55 52 46 60 47
88
0
55 41 42 53 42 57 54 52 42 65 50 48 50 59 46 62 57 59 50 54
89
0
32 38 54 57 66 32 56 34 58 49 73 58 46 56 48 46 36 60 52 52
90
0
57 43 45 51 59 49 53 49 41 61 54 68 64 56 54 55 43 56 48 51
91
0
43 43 60 44 48 38 40 55 45 51 51 60 44 40 41 46 39 50 36 44
92
0
46 61 66 49 46 48 39 55 29 59 55 57 63 37 46 44 30 45 44 48
93
0
37 49 44 77 46 49 36 41 57 53 50 45 39 51 53 58 49 50 53 42
94
0
51 50 45 42 39 44 47 44 47 47 45 44 54 49 65 64 49 55 62 52
95
0
58 74 51 51 65 48 48 68 49 45 51 39 54 33 70 73 47 44 58 61
96
0
37 61 52 58 56 42 51 57 28 44 55 52 56 39 54 47 59 39 65 52
97
0
54 34 32 45 38 56 49 61 62 49 48 61 52 36 46 43 47 56 62 36
98
0
44 36 58 58 50 52 56 60 50 61 58 67 64 41 47 37 49 73 49 33
99
0
60 59 43 46 34 40 48 39 50 40 46 43 55 46 65 59 67 39 76 45
