100
5
828610
0
0
48 59 43 47 58
1
0
49 56 45 45 59
2
0
47 59 42 47 59
3
0
47 57 45 48 58
4
0
46 57 43 44 62
5
0
46 55 46 47 65
6
0
46 59 46 45 62
7
0
49 56 43 43 62
8
0
56 54 47 45 62
9
0
50 56 46 47 58
10
0
46 58 41 47 64
11
0
45 56 46 46 58
12
0
48 61 43 46 59
13
0
50 60 47 43 56
14
0
50 56 50 45 59
15
0
56 60 41 44 60
16
0
47 52 46 44 63
17
0
49 56 43 46 62
18
0
48 57 44 49 62
19
0
47 57 43 44 63
20
0
48 54 44 47 61
21
0
48 55 46 43 58
22
0
47 57 45 47 64
23
0
51 59 48 46 61
24
0
54 61 44 44 63
25
0
47 58 44 46 57
26
0
52 59 46 44 60
27
0
47 59 41 46 62
28
0
49 60 43 45 62
29
0
50 58 45 46 63
30
0
52 57 46 46 67
31
0
48 60 44 44 63
32
0
54 57 48 49 63
33
0
50 56 46 45 62
34
0
49 53 46 43 59
35
0
46 57 43 45 65
36
0
50 58 46 48 59
37
0
48 55 44 45 66
38
0
52 60 46 49 61
39
0
50 58 45 45 59
40
0
51 55 46 43 66
41
0
48 57 42 49 61
42
0
49 60 46 45 62
43
0
53 58 41 48 61
44
0
48 56 50 43 59
45
0
47 51 46 48 65
46
0
53 61 44 45 63
47
0
48 54 44 44 63
48
0
44 63 42 45 62
49
0
47 60 46 44 59
50
0
52 59 45 44 64
51
0
51 59 48 49 61
52
0
49 57 41 47 62
53
0
49 58 43 49 63
54
0
45 56 45 44 62
55
0
51 58 45 46 61
56
0
47 55 46 45 60
57
0
47 57 46 44 59
58
0
48 57 41 43 62
59
0
47 58 48 45 58
60
0
48 57 44 48 61
61
0
50 55 46 47 64
62
0
54 57 44 42 59
63
0
50 57 44 41 64
64
0
48 54 47 48 63
65
0
50 59 44 46 59
66
0
48 57 43 49 61
67
0
46 54 42 48 62
68
0
50 58 46 48 59
69
0
48 58 47 42 60
70
0
50 59 41 45 58
71
0
48 60 44 46 63
72
0
48 59 45 42 65
73
0
48 59 44 45 61
74
0
45 57 45 46 59
75
0
47 60 45 47 63
76
0
49 54 42 47 61
77
0
49 60 42 50 61
78
0
49 51 44 48 61
79
0
48 62 44 45 67
80
0
48 60 48 46 62
81
0
50 59 44 47 58
82
0
50 61 44 45 63
83
0
50 58 43 45 63
84
0
45 60 47 45 63
85
0
48 60 43 45 60
86
0
47 57 45 45 63
87
0
50 56 43 44 61
88
0
47 58 47 46 64
89
0
50 59 43 45 63
90
0
50 58 42 48 59
91
0
49 58 47 46 60
92
0
49 57 45 41 60
93
0
47 58 44 44 64
94
0
47 61 46 48 60
95
0
46 58 41 44 57
96
0
45 58 45 43 61
97
0
51 56 42 48 55
98
0
50 58 44 45 62
99
0
50 57 44 48 59
