200
20
116014
0
0
61 58 64 60 59 56 60 65 61 61 65 60 60 64 57 59 59 61 59 61
1
0
48 45 47 49 52 47 47 51 49 52 48 47 50 46 51 49 46 44 50 50
2
0
41 44 42 45 43 44 42 43 44 41 43 41 44 45 43 44 43 40 44 45
3
0
64 68 63 68 66 63 63 68 65 65 65 66 64 68 70 66 63 64 67 72
4
0
50 55 52 52 49 53 52 52 47 52 55 50 56 54 54 54 56 50 54 55
5
0
37 41 39 36 37 34 39 36 41 39 40 39 37 38 34 39 36 38 39 36
6
0
49 46 50 49 50 48 45 49 48 50 50 47 47 50 48 50 46 50 46 48
7
0
40 41 38 44 39 36 39 35 41 36 38 38 35 39 39 42 41 38 37 37
8
0
43 46 42 41 45 46 44 43 43 43 43 47 45 44 45 46 44 48 41 47
9
0
55 56 58 53 55 58 57 57 56 58 55 57 53 56 59 56 55 58 57 53
10
0
38 37 36 36 36 34 34 36 34 35 34 32 35 37 35 32 35 39 36 34
11
0
29 28 31 28 32 30 29 33 30 28 29 31 30 30 31 27 30 31 29 31
12
0
49 46 47 47 44 46 43 46 49 46 46 44 47 43 41 47 46 46 46 45
13
0
59 60 62 59 57 59 57 60 57 61 58 54 59 57 58 60 56 57 60 56
14
0
56 53 52 54 56 55 53 56 56 54 55 59 55 54 55 56 51 61 59 54
15
0
39 40 38 37 37 37 41 37 35 40 37 41 36 37 37 37 39 39 36 35
16
0
32 35 33 30 33 30 29 28 31 30 31 33 32 31 33 33 32 33 30 30
17
0
68 68 65 64 71 68 65 74 71 66 69 69 71 69 68 66 72 69 67 72
18
0
59 57 53 60 59 57 60 60 59 58 56 61 59 56 57 58 60 57 59 59
19
0
52 54 52 55 50 52 49 54 46 57 56 50 53 53 53 53 52 50 53 58
20
0
60 57 59 56 57 59 60 54 56 57 59 57 60 58 58 63 59 59 55 57
21
0
41 37 37 36 37 39 37 38 36 41 44 41 37 38 36 41 37 41 38 39
22
0
62 66 64 68 68 65 66 71 65 62 65 65 68 70 66 66 62 68 70 67
23
0
28 27 26 28 24 26 25 26 25 23 26 28 24 25 29 24 26 25 26 25
24
0
46 47 44 48 50 45 45 45 42 43 44 45 46 48 45 45 46 47 47 44
25
0
65 70 66 64 64 64 66 68 66 64 65 71 66 64 67 67 63 63 62 62
26
0
46 46 51 44 42 45 43 47 44 47 43 44 46 45 42 49 45 46 45 47
27
0
68 66 66 62 65 63 66 65 67 68 62 68 60 62 67 67 60 61 62 62
28
0
39 38 40 37 38 36 40 37 39 35 40 39 39 39 37 39 38 37 37 38
29
0
45 45 48 44 47 46 47 45 47 44 41 46 47 46 44 47 45 46 48 45
30
0
65 67 62 72 73 65 65 64 66 67 67 69 62 63 62 64 66 65 66 65
31
0
48 53 48 48 50 51 47 48 51 51 50 48 48 50 53 48 51 50 52 48
32
0
49 52 46 46 46 48 48 51 50 50 48 52 54 49 47 45 50 48 49 46
33
0
72 73 70 69 71 72 79 71 63 73 71 74 80 72 73 72 73 70 73 75
34
0
59 58 57 58 59 59 58 57 60 54 59 56 59 58 57 54 57 56 55 56
35
0
51 47 49 51 51 49 51 47 47 47 46 48 47 47 46 47 47 47 53 51
36
0
35 36 36 35 34 35 39 33 35 35 37 40 38 35 34 36 35 35 36 37
37
0
48 46 52 50 51 46 49 46 50 47 46 51 51 51 49 47 52 46 50 49
38
0
61 65 61 59 57 61 65 60 59 63 62 62 65 60 66 63 65 60 61 59
39
0
56 52 55 55 52 51 55 56 53 55 54 54 54 54 52 51 53 53 52 53
40
0
38 37 39 41 39 42 38 42 40 43 41 38 40 40 38 42 39 42 40 40
41
0
33 34 32 32 36 33 34 30 31 29 35 31 31 31 32 35 31 34 33 32
42
0
50 55 53 55 55 52 53 53 56 53 56 53 54 56 52 52 53 55 57 57
43
0
33 34 35 32 33 32 36 35 33 38 34 35 34 36 36 30 36 36 36 36
44
0
48 51 49 52 50 51 46 52 46 47 46 51 48 45 51 49 49 50 46 46
45
0
65 64 66 64 63 65 59 64 64 63 62 63 64 62 61 61 62 59 62 64
46
0
53 51 51 51 52 51 49 51 55 50 54 54 47 48 50 49 53 51 52 49
47
0
40 43 37 41 36 39 42 41 41 42 41 42 44 43 40 39 41 39 40 42
48
0
47 52 47 49 46 48 49 44 49 53 50 52 49 51 51 49 51 51 48 43
49
0
67 66 68 70 67 65 71 66 69 72 63 63 66 66 64 68 70 65 68 69
50
0
59 59 60 57 60 60 60 58 57 58 59 60 57 58 57 61 56 59 57 59
51
0
46 46 44 44 48 44 48 47 44 44 47 45 43 41 43 42 45 43 43 42
52
0
43 41 41 40 42 41 41 41 42 42 43 42 42 41 42 40 43 42 43 42
53
0
47 45 45 42 45 45 43 42 46 44 46 42 41 43 43 42 45 44 42 43
54
0
37 41 43 43 43 40 43 41 42 44 43 39 38 43 39 40 41 41 41 41
55
0
58 54 59 57 57 59 54 59 57 55 58 56 55 54 58 55 56 58 58 55
56
0
66 62 60 62 60 61 59 61 61 58 60 63 64 60 66 63 59 63 62 66
57
0
58 58 55 60 56 59 55 61 52 54 60 57 59 60 54 59 54 55 56 58
58
0
48 44 44 47 43 46 47 44 45 44 44 50 47 45 47 45 48 46 46 48
59
0
52 51 49 54 51 54 55 53 51 54 48 46 52 52 51 51 52 53 52 50
60
0
36 36 34 36 35 33 34 34 35 36 36 35 34 33 33 34 36 33 36 38
61
0
51 44 49 52 48 48 49 52 52 51 53 49 46 48 50 53 51 53 48 48
62
0
47 53 51 49 51 51 50 52 53 54 53 55 50 55 51 52 52 55 54 57
63
0
48 48 50 51 53 51 50 54 51 47 49 52 49 47 48 49 52 49 50 52
64
0
51 53 52 50 53 51 51 50 51 53 52 51 51 48 51 52 49 49 52 51
65
0
48 46 49 46 46 41 42 44 41 50 46 42 45 47 44 46 45 45 44 42
66
0
45 51 48 55 48 46 48 50 50 50 49 53 52 52 47 49 49 51 50 47
67
0
61 53 55 56 56 57 56 56 52 49 56 55 53 58 56 56 56 56 56 51
68
0
48 46 47 50 48 48 49 44 49 49 48 51 50 50 48 49 46 45 45 50
69
0
44 43 43 46 44 43 44 45 40 43 45 42 46 42 45 44 43 45 42 43
70
0
45 43 50 46 48 46 46 47 48 45 46 47 47 49 44 47 49 47 47 48
71
0
56 60 57 58 54 54 54 57 60 58 57 56 57 52 53 59 56 57 55 58
72
0
70 69 68 62 67 71 71 68 67 66 68 70 66 66 65 63 65 64 71 68
73
0
52 54 51 56 51 53 49 52 53 51 52 53 57 56 54 53 50 52 53 50
74
0
38 40 38 35 37 36 38 39 36 40 39 38 39 39 35 39 36 38 34 38
75
0
49 51 51 47 49 47 53 49 50 53 50 46 46 48 47 52 49 50 50 48
76
0
60 59 58 57 59 60 54 60 53 58 60 57 57 61 61 58 60 60 61 61
77
0
59 62 60 62 60 58 61 57 57 64 59 57 59 57 61 60 61 61 60 58
78
0
53 54 53 49 51 47 52 51 51 53 51 51 52 51 52 50 53 56 51 51
79
0
41 42 44 47 44 42 41 46 41 40 44 42 45 42 42 44 42 45 45 42
80
0
39 40 39 42 38 39 38 41 38 40 38 40 40 38 39 35 40 39 39 39
81
0
48 45 46 46 46 46 46 47 47 43 49 44 43 46 46 44 47 48 48 47
82
0
30 31 30 33 30 30 30 29 29 32 29 29 28 31 29 29 27 30 33 30
83
0
45 46 42 49 46 48 51 45 45 48 44 45 49 49 46 47 46 47 45 45
84
0
46 42 41 43 45 43 44 48 46 45 45 43 46 46 44 40 44 45 47 43
85
0
48 51 49 55 50 54 53 48 49 47 52 52 51 50 50 48 51 52 51 53
86
0
54 53 53 56 50 59 54 56 56 55 54 56 56 58 55 56 56 48 55 57
87
0
30 29 30 29 28 28 29 29 30 27 32 28 30 29 30 32 31 31 29 33
88
0
34 36 35 35 35 34 36 32 33 33 36 34 38 35 31 35 35 33 32 33
89
0
62 56 63 58 59 57 60 57 59 58 60 60 58 58 64 61 64 62 60 59
90
0
51 50 50 51 51 55 53 50 50 57 54 51 52 52 57 56 54 50 54 53
91
0
68 71 67 65 68 69 73 66 64 68 67 70 69 64 64 73 65 65 65 68
92
0
33 32 31 34 34 39 33 33 32 33 31 34 34 34 34 30 32 33 36 34
93
0
47 50 48 46 45 47 49 46 50 50 44 49 47 48 45 45 49 49 50 45
94
0
45 45 45 45 41 46 48 44 45 47 49 49 42 43 45 49 46 46 47 48
95
0
63 63 62 60 63 64 61 64 62 63 66 63 63 60 60 61 60 62 60 59
96
0
46 47 45 47 47 48 51 48 49 46 48 47 48 47 51 49 47 48 48 49
97
0
64 63 63 63 66 64 61 64 65 61 64 62 62 63 59 64 67 61 62 61
98
0
46 49 49 48 42 43 47 45 48 47 45 47 47 48 47 48 46 45 41 48
99
0
44 42 39 43 40 44 43 45 44 47 45 43 44 46 48 50 48 45 43 47
100
0
41 40 45 42 45 43 39 38 40 40 41 42 43 38 39 42 42 38 42 45
101
0
44 42 44 45 41 48 47 45 45 45 43 43 45 41 44 49 41 45 43 42
102
0
47 47 44 47 46 46 45 46 49 46 48 46 45 47 46 47 42 47 47 49
103
0
63 65 66 66 67 67 63 64 63 65 61 59 65 60 64 62 62 64 61 62
104
0
60 59 57 59 55 59 56 55 58 54 61 56 58 59 52 57 60 58 60 56
105
0
38 42 40 36 36 39 39 37 38 39 41 40 38 37 37 37 38 39 38 40
106
0
68 65 64 63 69 63 65 65 64 58 71 66 64 63 66 68 63 67 61 64
107
0
47 47 46 48 48 45 46 49 47 51 47 49 49 49 47 46 46 46 51 45
108
0
41 38 40 40 42 42 45 41 44 40 41 41 43 44 37 40 40 46 36 41
109
0
59 57 61 62 59 60 61 58 60 62 60 62 61 59 59 64 56 58 58 61
110
0
73 75 75 76 70 80 73 76 72 77 73 72 75 78 74 74 67 76 75 75
111
0
35 37 36 36 36 39 33 34 38 35 38 34 34 33 37 36 37 34 33 35
112
0
38 38 40 36 39 39 39 38 40 35 34 38 41 39 38 38 37 42 39 41
113
0
45 44 46 47 45 44 47 48 41 44 44 45 50 46 47 43 45 46 42 42
114
0
57 56 56 56 58 55 56 57 58 52 50 58 53 59 53 52 54 59 56 58
115
0
34 37 40 37 35 39 39 37 34 34 36 35 35 36 35 37 36 37 34 39
116
0
58 58 59 56 55 61 59 57 57 54 58 58 57 56 58 53 58 58 56 59
117
0
61 64 60 66 63 62 63 59 63 64 63 58 63 64 60 65 63 65 63 60
118
0
44 50 43 46 46 44 47 41 44 46 45 41 40 44 46 42 44 41 46 45
119
0
77 69 73 76 68 70 74 74 75 73 74 73 75 70 74 77 70 75 73 71
120
0
32 30 30 31 29 31 30 30 32 33 33 33 33 32 32 31 32 32 31 32
121
0
45 46 42 43 47 44 43 45 46 48 45 41 45 44 41 44 45 45 46 41
122
0
48 48 47 48 47 47 52 51 46 47 47 49 48 47 46 46 48 49 48 48
123
0
43 42 45 43 40 43 45 41 43 44 43 43 43 43 44 45 44 44 45 45
124
0
68 72 64 72 68 70 68 67 69 71 74 64 69 70 72 68 69 70 70 71
125
0
53 51 53 54 58 52 52 50 51 55 52 50 52 53 51 55 50 52 49 53
126
0
46 45 46 47 42 44 47 47 44 47 45 44 46 43 43 43 44 45 43 48
127
0
18 18 17 17 18 19 17 18 20 18 18 19 19 19 20 18 18 19 19 20
128
0
39 39 43 39 35 40 42 38 41 39 40 42 44 44 41 41 40 40 40 40
129
0
44 42 42 40 37 43 42 42 41 43 46 43 42 37 40 41 42 45 46 44
130
0
41 44 44 44 44 45 43 44 46 44 44 46 46 42 45 42 44 45 46 42
131
0
47 49 46 46 49 49 49 46 50 47 50 49 49 47 50 48 48 47 51 51
132
0
30 32 31 30 28 29 28 33 31 30 28 32 31 26 29 31 29 32 31 28
133
0
59 59 59 56 59 53 62 60 62 55 57 59 55 63 58 58 62 57 58 64
134
0
30 34 29 32 32 30 31 31 30 31 38 32 30 29 31 31 30 30 33 30
135
0
49 48 46 47 48 43 47 49 49 50 48 50 49 51 49 46 45 43 47 49
136
0
50 52 51 51 53 47 51 51 54 50 53 54 56 49 55 54 52 54 54 53
137
0
46 48 45 44 48 44 45 46 46 48 45 47 45 47 46 44 45 43 44 45
138
0
44 42 42 43 45 45 46 43 41 39 40 46 46 41 45 39 46 43 43 43
139
0
84 79 79 74 79 81 78 81 78 81 80 78 81 81 84 82 76 85 81 77
140
0
53 52 45 50 51 51 47 50 48 49 48 49 51 50 52 50 51 54 49 48
141
0
47 50 49 50 48 47 55 48 48 53 50 49 51 48 49 49 52 46 50 50
142
0
44 46 45 46 46 48 48 47 46 49 46 45 44 41 49 47 48 48 46 44
143
0
55 54 59 57 58 58 60 54 57 56 57 61 55 60 60 58 58 58 59 60
144
0
51 50 50 51 48 55 51 48 50 48 49 52 48 52 50 52 48 49 48 49
145
0
41 40 40 39 39 40 41 40 43 41 38 37 42 37 39 42 40 42 40 39
146
0
28 30 26 29 25 25 28 28 25 25 23 26 27 28 27 26 27 24 27 24
147
0
29 31 29 36 31 32 31 29 27 28 33 33 32 32 31 32 29 35 31 31
148
0
71 70 63 66 63 64 67 67 68 67 69 64 68 64 61 68 68 66 70 73
149
0
55 55 53 53 50 50 59 54 51 54 52 53 56 53 55 52 52 52 51 60
150
0
47 47 46 43 47 45 50 45 45 48 48 49 51 48 46 50 45 46 46 47
151
0
55 56 55 52 54 56 60 60 62 58 59 59 57 60 57 56 59 59 58 58
152
0
44 53 47 49 45 46 45 46 48 46 46 45 44 49 46 41 49 48 46 44
153
0
47 45 49 47 47 47 43 44 43 43 46 46 48 45 45 47 43 47 50 46
154
0
46 43 39 41 43 41 45 43 42 43 44 39 42 42 40 44 42 43 42 45
155
0
56 60 57 62 60 60 58 57 56 59 61 58 60 62 59 59 61 56 58 55
156
0
70 65 65 65 67 67 65 67 70 67 69 65 67 66 66 66 64 68 64 64
157
0
80 80 82 83 83 78 81 80 78 79 78 79 78 78 79 81 83 79 81 77
158
0
42 42 42 42 40 40 44 42 44 45 42 44 40 44 41 41 41 44 43 42
159
0
50 50 54 49 47 53 52 50 48 45 50 51 48 50 51 52 48 50 47 47
160
0
58 54 61 59 63 63 57 58 61 60 60 56 59 59 57 59 56 64 58 62
161
0
41 46 45 44 46 41 44 41 44 39 43 43 44 45 44 43 40 42 46 44
162
0
60 60 58 58 61 62 61 58 59 62 56 55 58 58 52 62 61 58 60 57
163
0
48 46 47 46 45 52 42 48 48 46 48 47 49 44 44 45 46 45 44 44
164
0
59 56 59 59 55 61 54 61 57 60 58 57 57 54 57 57 56 62 57 59
165
0
36 39 40 39 37 43 42 36 39 41 38 40 41 37 40 42 37 36 37 41
166
0
42 38 39 39 40 37 38 37 38 37 36 39 39 38 39 39 35 38 37 39
167
0
46 44 46 42 47 47 45 48 43 46 47 48 47 42 45 48 45 45 47 44
168
0
46 48 49 50 53 52 52 48 48 51 49 52 49 49 49 51 49 51 49 52
169
0
39 40 41 44 40 44 46 44 38 43 43 42 39 42 42 44 43 45 42 42
170
0
45 47 45 46 43 46 48 46 48 48 43 47 47 49 45 49 46 45 44 45
171
0
54 51 51 54 54 52 52 53 49 52 53 53 54 50 54 58 55 51 52 54
172
0
46 47 47 48 48 47 47 48 44 45 47 46 43 47 49 44 46 48 47 52
173
0
63 64 61 57 64 62 63 63 57 68 66 58 61 64 60 65 61 65 64 60
174
0
39 40 41 43 40 39 45 43 40 44 45 48 44 42 39 43 42 42 41 44
175
0
48 49 49 50 50 47 52 49 52 50 49 51 53 50 46 46 50 50 47 51
176
0
58 57 58 59 56 62 56 57 62 58 56 57 55 53 60 56 54 61 59 57
177
0
48 51 57 54 54 53 50 50 53 54 53 51 49 53 56 54 50 54 52 57
178
0
53 55 56 55 52 51 52 50 48 55 52 53 50 53 52 51 53 53 51 47
179
0
46 44 45 42 47 46 44 43 45 44 45 44 45 44 44 47 46 48 45 46
180
0
58 59 57 55 56 56 57 58 59 55 61 58 61 57 57 61 59 59 53 61
181
0
33 31 30 27 30 32 30 30 32 32 29 32 30 28 30 32 29 31 31 27
182
0
43 43 44 47 45 45 47 48 48 45 44 46 44 46 45 46 45 48 44 46
183
0
46 48 49 48 48 49 49 48 49 52 51 50 46 48 49 48 43 47 46 47
184
0
56 59 53 57 59 52 58 59 60 59 54 60 59 58 55 56 63 58 55 60
185
0
38 37 34 36 35 33 36 34 35 38 33 36 35 35 35 32 36 33 35 36
186
0
46 46 47 50 44 43 44 46 48 46 43 46 45 43 45 46 46 45 44 46
187
0
50 49 57 53 54 53 50 49 52 53 55 52 52 55 49 55 52 55 55 50
188
0
53 52 53 53 52 53 51 55 52 55 53 54 56 50 55 52 50 52 53 52
189
0
38 37 40 37 38 42 39 35 40 35 40 38 39 39 35 35 38 35 39 36
190
0
42 37 41 40 40 36 41 39 41 42 43 40 40 43 42 41 43 39 42 42
191
0
53 54 56 58 61 57 59 61 55 63 57 56 61 57 61 59 55 58 55 57
192
0
63 63 67 63 62 67 64 59 65 61 60 62 65 62 61 67 64 62 64 63
193
0
47 45 42 42 43 46 38 44 45 43 43 47 45 44 44 41 45 42 47 48
194
0
66 66 65 59 60 60 64 62 61 62 59 64 61 61 65 63 60 65 61 60
195
0
44 46 48 44 43 47 46 47 48 47 49 43 45 47 46 47 49 45 45 48
196
0
47 43 44 48 44 45 49 45 49 44 48 46 46 46 46 46 50 45 52 44
197
0
39 38 37 39 40 38 39 37 39 39 43 38 36 42 37 37 38 43 38 38
198
0
40 39 37 40 41 38 38 41 37 38 41 40 36 42 41 39 41 37 40 38
199
0
52 51 54 54 54 53 51 50 50 51 54 53 52 46 51 55 55 52 54 53
