200
10
959530
0
0
43 66 49 39 42 59 49 61 48 64
1
0
70 39 53 47 68 44 56 57 50 42
2
0
52 80 54 69 57 52 54 54 48 55
3
0
40 23 50 42 48 49 54 42 44 43
4
0
58 50 30 44 53 54 41 53 59 60
5
0
35 44 37 52 53 48 65 59 41 41
6
0
39 49 41 26 43 43 53 43 59 37
7
0
59 49 52 53 63 44 44 41 40 37
8
0
52 43 48 57 49 38 56 53 37 51
9
0
24 41 37 51 60 36 46 57 60 73
10
0
36 58 53 46 57 30 50 70 48 44
11
0
57 53 47 50 48 71 55 40 53 38
12
0
48 63 57 49 56 61 55 72 59 51
13
0
51 36 65 64 77 56 71 57 30 74
14
0
51 29 59 41 44 29 52 68 56 46
15
0
74 59 50 39 49 49 65 47 77 63
16
0
39 63 56 36 42 50 49 60 45 37
17
0
47 47 60 51 52 51 46 62 63 52
18
0
60 57 43 44 43 50 33 52 61 43
19
0
52 58 70 33 53 68 30 59 56 47
20
0
46 57 52 51 40 45 68 47 57 57
21
0
64 47 53 48 50 71 70 40 47 67
22
0
50 55 23 53 52 52 49 46 36 52
23
0
53 58 58 55 72 53 57 70 43 79
24
0
43 36 45 39 29 57 56 38 68 35
25
0
53 46 32 54 40 44 58 55 60 58
26
0
46 53 52 46 36 41 47 65 37 39
27
0
58 56 61 48 56 52 47 60 50 50
28
0
71 50 59 46 41 51 43 33 52 50
29
0
42 50 51 54 61 37 60 67 42 44
30
0
35 39 61 62 57 50 45 55 42 59
31
0
65 38 62 76 52 36 32 43 44 66
32
0
58 51 33 35 38 35 57 37 33 62
33
0
38 39 51 46 46 53 39 35 33 53
34
0
40 51 50 49 31 51 50 38 29 76
35
0
52 61 46 42 62 52 57 38 42 58
36
0
39 57 43 52 44 48 54 50 46 69
37
0
63 56 45 38 61 43 55 54 65 54
38
0
65 47 46 55 50 74 48 41 41 49
39
0
60 43 43 41 52 51 72 29 45 38
40
0
54 56 45 41 69 33 40 55 39 41
41
0
32 69 41 39 33 55 48 39 67 61
42
0
54 39 51 38 43 46 36 51 70 60
43
0
75 41 44 56 52 46 37 39 43 50
44
0
57 49 53 47 45 43 53 51 47 59
45
0
52 75 56 62 52 58 63 63 46 55
46
0
44 38 46 64 56 59 52 43 39 61
47
0
67 46 67 49 48 45 47 33 46 71
48
0
33 41 44 47 56 46 62 48 51 82
49
0
57 55 38 53 33 42 55 44 21 41
50
0
46 53 50 46 41 50 56 56 55 42
51
0
49 44 58 39 52 44 43 67 55 69
52
0
48 54 55 48 57 32 53 49 37 34
53
0
52 42 42 51 43 53 44 41 45 47
54
0
67 54 70 58 39 62 49 38 55 52
55
0
47 59 49 41 56 60 41 65 60 51
56
0
45 54 41 62 41 46 40 49 83 31
57
0
70 47 61 52 43 41 40 28 47 49
58
0
62 67 41 49 42 36 47 65 53 54
59
0
45 50 38 43 62 36 58 56 59 45
60
0
54 55 42 33 43 56 64 49 41 30
61
0
51 48 41 49 66 49 62 49 39 60
62
0
60 50 33 47 42 70 45 47 40 58
63
0
52 50 44 45 60 67 50 51 36 39
64
0
45 56 51 52 42 41 50 45 63 44
65
0
38 44 48 55 46 36 44 61 52 47
66
0
60 64 44 47 61 44 50 42 57 42
67
0
49 51 53 58 43 69 50 59 31 59
68
0
36 66 42 38 41 54 53 33 35 51
69
0
34 63 48 61 46 49 48 52 29 61
70
0
35 50 36 57 29 54 48 42 46 51
71
0
45 38 57 64 67 53 61 45 47 58
72
0
38 45 34 46 50 46 63 57 36 49
73
0
29 52 36 39 70 50 48 66 52 56
74
0
42 55 39 61 64 43 44 41 57 61
75
0
51 50 38 55 54 69 50 57 39 50
76
0
43 57 56 43 44 40 40 43 46 51
77
0
50 45 52 41 50 33 30 41 44 35
78
0
52 66 37 44 45 36 49 83 63 61
79
0
48 44 44 50 49 63 49 38 44 53
80
0
53 33 42 46 54 47 48 66 48 60
81
0
35 55 45 64 61 60 56 66 42 36
82
0
39 55 39 86 50 47 50 42 59 47
83
0
60 73 34 42 54 46 50 42 68 51
84
0
47 56 52 47 40 53 53 42 41 36
85
0
35 54 48 60 44 45 43 44 49 42
86
0
30 35 47 35 51 43 48 36 52 69
87
0
64 45 47 42 27 46 52 40 45 65
88
0
61 42 58 38 44 57 38 57 52 65
89
0
59 39 45 46 69 68 38 39 58 69
90
0
46 43 41 45 56 60 67 65 49 50
91
0
61 24 54 36 44 45 72 47 51 71
92
0
46 29 57 52 47 65 37 62 44 52
93
0
47 48 50 57 34 35 52 57 38 49
94
0
50 41 42 45 55 58 37 56 56 46
95
0
48 43 66 51 65 43 44 66 47 45
96
0
54 44 34 43 86 45 52 54 37 49
97
0
25 52 60 56 63 53 56 49 42 43
98
0
71 74 45 48 55 54 49 50 49 57
99
0
57 57 41 40 44 54 47 44 49 47
100
0
52 48 39 66 45 35 50 41 60 55
101
0
39 68 59 34 37 34 58 53 30 49
102
0
42 45 54 57 42 51 46 54 41 65
103
0
70 50 62 46 69 39 71 45 42 55
104
0
37 38 70 53 64 53 44 27 50 67
105
0
41 50 30 56 47 63 50 51 49 56
106
0
45 42 39 37 63 57 47 69 60 45
107
0
49 47 68 55 36 41 43 44 61 60
108
0
44 64 60 42 49 57 47 29 60 57
109
0
39 51 69 60 30 49 34 69 35 62
110
0
40 58 46 56 59 40 48 44 55 54
111
0
46 33 42 38 62 42 50 49 71 53
112
0
62 35 58 45 50 46 63 70 38 36
113
0
75 36 69 53 53 57 51 52 51 59
114
0
46 32 57 53 54 68 71 56 68 49
115
0
58 49 60 61 55 51 36 52 32 59
116
0
44 46 62 66 34 57 41 38 61 47
117
0
60 34 46 67 56 49 45 66 53 58
118
0
54 60 55 52 62 47 37 60 45 49
119
0
49 61 68 50 67 57 49 48 64 62
120
0
59 50 44 55 44 58 61 46 40 46
121
0
52 57 59 61 55 51 54 57 42 59
122
0
47 60 59 76 49 59 65 55 46 55
123
0
54 46 40 53 56 46 51 63 55 57
124
0
66 76 50 51 38 65 47 62 64 45
125
0
45 41 59 60 49 26 63 59 62 47
126
0
57 59 68 57 40 63 58 30 36 58
127
0
44 49 52 38 59 38 47 53 36 36
128
0
54 76 46 60 55 31 48 55 55 29
129
0
46 55 45 52 53 66 64 45 34 45
130
0
56 35 47 47 54 37 46 44 46 74
131
0
51 38 60 46 49 36 26 54 41 47
132
0
53 57 51 51 55 46 64 51 68 38
133
0
46 38 39 38 60 40 64 45 74 56
134
0
52 41 46 34 37 56 46 53 46 50
135
0
55 36 56 61 57 42 30 55 50 44
136
0
52 60 43 47 55 66 51 46 45 63
137
0
58 61 58 75 38 57 62 42 59 50
138
0
49 47 46 45 61 61 47 49 83 54
139
0
49 34 71 48 59 47 48 60 37 49
140
0
45 49 67 40 53 44 55 68 43 40
141
0
36 37 55 48 43 50 67 49 47 55
142
0
49 49 54 58 47 62 36 62 45 68
143
0
42 33 53 58 62 48 59 51 44 58
144
0
45 54 58 52 52 47 52 42 40 67
145
0
44 44 54 81 47 45 46 54 51 48
146
0
37 41 41 44 62 71 53 51 44 56
147
0
52 57 44 58 57 73 40 35 43 52
148
0
46 42 46 47 67 38 33 44 47 50
149
0
43 34 44 37 33 59 35 41 50 49
150
0
48 59 59 53 51 62 41 41 41 33
151
0
46 43 67 35 45 48 60 59 35 49
152
0
37 47 48 59 51 40 53 62 48 61
153
0
49 45 56 54 59 45 60 65 54 51
154
0
37 35 41 39 52 64 53 45 38 37
155
0
30 70 45 52 72 49 59 37 42 48
156
0
53 71 52 43 54 27 51 59 44 60
157
0
67 42 37 55 42 46 59 45 41 43
158
0
48 52 60 50 41 51 52 62 33 57
159
0
50 44 56 67 60 63 56 59 40 53
160
0
54 57 73 57 43 56 55 54 62 50
161
0
49 53 41 42 61 70 42 51 71 61
162
0
40 43 41 41 58 58 51 59 47 51
163
0
32 54 54 36 38 47 41 48 43 47
164
0
41 49 45 45 36 48 53 43 57 61
165
0
60 55 58 40 53 53 53 50 40 54
166
0
41 50 54 57 40 62 34 67 54 61
167
0
48 53 54 55 49 47 53 26 36 43
168
0
38 58 54 42 30 39 58 49 43 46
169
0
45 47 48 60 47 47 41 52 39 44
170
0
72 49 33 59 43 58 61 65 36 51
171
0
64 45 44 73 53 42 62 54 59 47
172
0
43 50 53 52 43 39 27 52 54 45
173
0
43 46 44 56 42 56 56 67 44 48
174
0
52 33 47 44 50 36 68 68 41 45
175
0
55 47 51 42 65 58 41 40 50 66
176
0
55 39 32 43 53 45 37 66 67 41
177
0
38 52 63 59 44 54 33 45 61 48
178
0
59 65 43 47 55 40 56 39 46 46
179
0
56 37 62 41 44 33 39 52 37 39
180
0
54 50 45 45 42 59 44 49 48 36
181
0
55 60 52 66 49 48 51 47 59 35
182
0
35 48 52 61 49 42 48 57 58 48
183
0
53 52 39 67 38 53 37 46 57 59
184
0
61 41 54 48 79 41 48 68 37 83
185
0
46 55 48 41 46 45 41 58 30 54
186
0
52 38 42 47 53 50 40 41 44 35
187
0
45 43 64 35 55 40 82 68 43 61
188
0
72 61 53 63 54 54 55 55 47 46
189
0
70 51 59 38 47 49 45 40 42 38
190
0
46 62 65 53 49 38 48 56 37 48
191
0
34 45 53 44 62 42 44 69 59 43
192
0
64 48 59 61 48 67 64 41 39 46
193
0
50 46 41 57 75 52 59 41 53 40
194
0
44 52 30 50 43 28 47 82 48 38
195
0
50 48 38 68 52 47 43 35 54 45
196
0
46 58 58 56 58 39 70 53 55 60
197
0
44 51 70 32 43 49 47 63 73 62
198
0
60 35 45 42 50 51 42 54 48 47
199
0
54 42 43 36 42 65 61 52 48 48
