100
5
764155
0
0
70 46 53 39 48
1
0
43 47 32 54 51
2
0
39 41 46 46 30
3
0
65 79 25 66 36
4
0
35 64 42 58 36
5
0
47 49 62 48 58
6
0
41 56 62 31 56
7
0
39 41 53 57 49
8
0
52 53 71 50 58
9
0
38 50 56 75 43
10
0
47 36 45 45 50
11
0
43 54 41 39 66
12
0
60 41 45 56 41
13
0
50 62 54 48 44
14
0
36 56 51 54 44
15
0
51 70 43 56 49
16
0
40 54 49 57 47
17
0
57 57 24 62 50
18
0
41 47 44 59 58
19
0
52 30 59 50 61
20
0
41 56 37 41 55
21
0
38 58 44 40 51
22
0
54 56 46 53 52
23
0
50 54 49 42 63
24
0
50 51 58 47 67
25
0
42 60 50 51 52
26
0
49 47 45 57 54
27
0
49 67 53 43 63
28
0
63 41 44 55 63
29
0
49 45 35 51 46
30
0
48 35 47 49 45
31
0
42 31 58 50 53
32
0
40 56 48 63 44
33
0
46 44 49 63 35
34
0
40 56 41 47 51
35
0
62 57 55 58 54
36
0
41 52 54 50 67
37
0
54 32 51 40 41
38
0
39 44 56 50 49
39
0
35 33 48 52 51
40
0
60 57 51 44 56
41
0
40 60 39 52 37
42
0
48 56 48 40 60
43
0
42 52 55 50 69
44
0
44 51 64 53 65
45
0
40 32 47 70 53
46
0
53 45 56 63 47
47
0
40 53 69 53 60
48
0
75 36 52 46 41
49
0
39 68 50 68 52
50
0
47 48 39 69 47
51
0
60 36 42 56 45
52
0
59 55 56 49 44
53
0
72 64 45 48 49
54
0
45 75 49 68 44
55
0
44 59 42 30 40
56
0
50 42 49 55 63
57
0
46 69 56 45 47
58
0
53 48 29 53 56
59
0
62 42 44 57 49
60
0
43 46 37 48 61
61
0
43 78 39 55 40
62
0
64 43 45 38 58
63
0
64 63 44 44 52
64
0
36 60 59 68 66
65
0
54 56 47 53 51
66
0
53 42 53 52 56
67
0
44 56 52 50 64
68
0
47 40 40 74 68
69
0
51 62 52 58 53
70
0
53 72 57 65 30
71
0
55 60 54 41 48
72
0
50 48 43 49 46
73
0
44 53 54 43 27
74
0
46 42 53 46 55
75
0
54 43 37 58 61
76
0
39 42 57 58 70
77
0
48 59 36 54 49
78
0
62 69 53 38 58
79
0
50 60 45 36 52
80
0
35 57 57 49 42
81
0
63 34 63 43 55
82
0
62 51 40 58 61
83
0
48 50 56 56 44
84
0
56 47 45 56 44
85
0
56 48 66 52 44
86
0
41 42 70 57 52
87
0
75 46 50 51 35
88
0
51 46 46 46 47
89
0
49 47 41 77 44
90
0
53 34 53 45 55
91
0
74 47 66 40 47
92
0
38 43 68 58 37
93
0
48 44 40 39 38
94
0
43 56 62 46 50
95
0
45 50 37 37 49
96
0
41 38 55 49 46
97
0
40 35 35 77 43
98
0
60 56 50 48 48
99
0
42 64 63 33 44
