30
10
946492
0
0
59 51 50 55 44 52 48 55 38 58
1
0
60 42 59 59 44 41 52 50 41 49
2
0
61 42 34 41 53 40 40 51 43 60
3
0
54 45 52 35 47 26 53 42 46 43
4
0
63 46 46 41 76 67 53 62 48 50
5
0
56 57 44 53 35 45 53 51 53 44
6
0
52 49 48 47 46 69 42 50 49 48
7
0
45 50 42 55 50 63 55 49 38 45
8
0
75 56 44 39 38 64 55 45 49 52
9
0
39 35 53 45 49 41 29 59 57 54
10
0
34 44 37 29 59 62 59 43 73 35
11
0
49 42 54 38 61 70 40 50 38 42
12
0
55 55 50 42 40 52 41 39 40 42
13
0
53 63 47 42 66 46 32 39 42 44
14
0
38 77 35 70 38 53 51 55 42 63
15
0
41 40 51 56 41 52 50 42 48 37
16
0
54 63 43 46 44 53 70 42 29 48
17
0
63 75 58 31 63 43 58 46 42 56
18
0
68 49 42 69 56 42 50 43 40 39
19
0
63 42 50 50 43 45 61 55 43 49
20
0
45 59 50 44 49 51 43 31 37 59
21
0
60 44 43 34 58 61 40 39 54 48
22
0
69 62 78 55 39 36 51 59 35 49
23
0
49 47 48 39 50 33 48 39 57 38
24
0
62 40 64 40 45 55 41 40 63 70
25
0
32 45 67 43 35 59 47 53 57 31
26
0
37 57 55 52 79 64 57 67 55 56
27
0
38 52 46 38 49 49 45 58 49 55
28
0
47 41 37 42 49 43 51 22 34 48
29
0
55 56 53 42 55 56 49 61 58 56
