200
10
818797
0
0
37 58 48 55 47 46 62 38 37 41
1
0
56 50 53 59 60 40 63 57 46 51
2
0
44 59 57 51 41 44 71 64 32 41
3
0
55 48 63 37 58 34 37 78 65 54
4
0
47 35 54 41 60 59 40 64 44 47
5
0
48 48 58 62 50 52 45 38 60 49
6
0
53 59 50 46 47 43 66 43 50 49
7
0
54 65 64 53 63 55 44 58 49 72
8
0
41 49 56 59 46 34 52 54 26 58
9
0
52 52 54 55 52 54 49 30 33 50
10
0
44 44 38 58 51 49 33 49 44 51
11
0
64 51 57 40 48 46 43 41 52 50
12
0
51 48 45 49 68 46 45 52 51 46
13
0
53 37 68 38 72 40 37 31 51 59
14
0
43 58 43 45 56 40 44 35 34 46
15
0
68 37 44 54 49 33 48 68 47 60
16
0
57 45 38 64 49 51 38 46 45 45
17
0
69 43 53 37 70 45 50 37 60 65
18
0
55 46 56 66 52 53 36 51 45 43
19
0
70 40 54 36 50 48 45 66 51 46
20
0
50 38 27 56 54 44 44 53 66 43
21
0
54 48 53 71 47 62 47 33 57 37
22
0
48 46 59 43 44 62 47 49 48 51
23
0
69 56 47 50 39 59 62 30 66 55
24
0
36 82 51 39 55 34 57 49 48 39
25
0
53 39 49 54 54 56 43 55 52 57
26
0
40 42 40 42 64 57 29 36 58 66
27
0
49 54 66 43 53 60 35 42 44 45
28
0
41 57 49 38 48 52 54 50 68 57
29
0
66 62 56 70 44 42 67 42 62 36
30
0
49 52 51 48 48 42 36 37 37 50
31
0
47 37 33 53 53 51 43 52 53 48
32
0
52 52 76 29 35 38 51 49 54 59
33
0
56 68 62 74 41 47 46 49 61 58
34
0
59 69 56 67 59 38 42 43 39 58
35
0
42 48 45 44 44 60 44 52 49 60
36
0
58 32 72 51 52 49 59 48 53 43
37
0
43 34 55 51 59 53 51 51 42 55
38
0
55 48 41 42 55 59 44 49 60 50
39
0
56 40 55 34 57 60 52 62 54 59
40
0
38 54 66 59 35 44 48 46 36 47
41
0
41 58 57 81 61 46 34 50 45 45
42
0
60 54 49 37 50 53 38 41 50 53
43
0
50 45 58 49 43 37 47 50 42 82
44
0
43 48 50 50 54 56 37 35 46 73
45
0
63 35 44 49 40 54 58 63 59 45
46
0
44 50 44 40 50 45 41 51 62 43
47
0
48 49 43 61 56 38 45 57 75 66
48
0
49 67 45 57 44 64 47 53 58 54
49
0
41 40 45 55 54 46 43 61 42 27
50
0
44 52 42 39 44 54 48 46 48 50
51
0
66 45 59 47 37 49 42 50 45 41
52
0
45 34 52 44 60 54 46 40 65 65
53
0
51 48 56 48 54 48 50 42 59 44
54
0
38 56 74 45 41 30 46 58 60 45
55
0
41 42 56 41 59 65 74 50 43 75
56
0
51 55 54 45 42 53 57 79 50 57
57
0
57 44 42 48 67 52 69 54 36 63
58
0
46 40 69 61 68 54 38 50 55 49
59
0
41 51 55 54 45 59 31 36 40 67
60
0
52 52 52 50 36 48 51 59 37 33
61
0
52 59 65 58 59 38 55 36 33 47
62
0
59 48 75 48 47 48 47 35 53 72
63
0
39 62 51 75 46 39 48 58 22 45
64
0
49 41 52 46 56 51 80 49 39 56
65
0
42 40 52 42 51 51 46 43 75 76
66
0
43 51 23 44 42 62 50 47 60 53
67
0
59 40 57 47 57 42 46 43 24 45
68
0
51 50 67 41 19 57 48 50 52 70
69
0
51 58 62 76 60 56 59 65 75 52
70
0
53 51 47 39 70 54 41 59 40 55
71
0
64 63 60 63 59 37 64 47 44 68
72
0
62 52 57 55 39 68 51 49 60 55
73
0
42 31 74 46 58 65 54 24 70 44
74
0
44 49 54 52 51 74 49 54 52 54
75
0
50 51 54 53 54 49 57 57 59 42
76
0
41 64 57 55 66 62 45 38 52 55
77
0
33 40 54 39 31 30 41 39 35 73
78
0
54 45 41 74 40 62 48 62 52 46
79
0
52 45 41 43 53 65 49 52 61 51
80
0
42 71 49 56 68 43 49 30 48 59
81
0
51 62 33 49 45 47 58 68 54 62
82
0
42 34 44 41 53 49 51 57 62 58
83
0
46 53 47 61 47 45 69 43 51 60
84
0
36 69 50 56 47 55 57 57 50 52
85
0
47 62 57 54 38 54 53 56 60 46
86
0
52 57 55 42 51 39 37 52 50 60
87
0
31 49 57 47 56 59 40 39 44 51
88
0
69 70 51 61 34 43 38 50 53 52
89
0
46 50 55 59 44 52 62 47 47 53
90
0
53 78 54 50 32 44 67 29 39 66
91
0
53 42 59 50 48 38 63 38 55 45
92
0
34 49 56 41 50 38 51 44 43 46
93
0
53 33 42 47 56 37 51 38 46 37
94
0
48 49 53 56 58 59 59 45 49 68
95
0
43 61 61 47 44 46 60 31 66 48
96
0
53 46 51 46 52 55 49 39 33 31
97
0
50 30 43 43 33 41 40 30 35 38
98
0
47 43 50 61 30 38 42 57 45 33
99
0
56 45 56 55 36 53 44 79 49 56
100
0
50 38 63 47 41 57 33 68 43 44
101
0
56 49 58 35 45 54 44 51 79 33
102
0
43 67 56 63 28 64 38 32 63 51
103
0
45 64 50 43 85 47 36 53 42 59
104
0
38 52 66 38 48 59 54 51 48 59
105
0
63 61 40 45 52 47 58 40 46 49
106
0
49 55 44 53 45 72 46 50 42 64
107
0
42 62 51 38 56 54 38 59 44 54
108
0
55 44 49 69 30 61 57 60 39 60
109
0
41 57 52 52 57 45 42 35 49 53
110
0
61 35 59 47 46 46 62 40 56 60
111
0
56 46 47 62 47 57 49 48 42 71
112
0
51 33 41 63 57 41 37 33 63 51
113
0
48 59 39 34 41 57 55 47 51 62
114
0
62 67 32 61 44 43 60 67 60 57
115
0
44 53 46 57 40 56 68 41 52 53
116
0
40 36 53 38 48 47 40 63 58 48
117
0
47 33 59 51 53 59 36 57 47 55
118
0
63 55 64 53 49 69 60 36 60 46
119
0
61 64 54 46 47 55 50 47 37 71
120
0
36 70 62 54 68 50 68 75 52 54
121
0
66 77 42 52 54 44 50 46 57 55
122
0
54 50 61 50 62 68 44 34 64 51
123
0
61 43 49 41 63 59 53 44 51 61
124
0
42 38 55 81 45 50 40 34 48 48
125
0
59 47 51 50 43 40 55 57 61 60
126
0
54 41 32 59 50 51 72 33 40 51
127
0
45 57 63 28 57 34 50 39 38 35
128
0
54 59 41 54 48 54 43 56 41 65
129
0
50 39 30 46 51 55 51 48 40 40
130
0
66 39 52 46 36 48 37 60 57 57
131
0
60 46 62 42 71 41 49 39 41 47
132
0
64 68 52 39 49 50 42 49 45 46
133
0
55 44 49 78 58 37 55 31 57 69
134
0
61 48 43 38 47 32 57 68 48 45
135
0
42 41 56 40 50 55 23 46 34 61
136
0
53 57 49 58 53 38 40 50 51 38
137
0
54 38 42 44 61 53 63 54 33 64
138
0
59 45 42 42 51 67 44 46 57 44
139
0
47 60 61 52 65 45 40 40 44 44
140
0
51 60 48 43 46 49 44 32 33 50
141
0
50 49 49 44 45 82 50 55 43 46
142
0
62 43 48 71 48 66 53 61 52 44
143
0
30 60 38 58 50 41 73 51 43 37
144
0
46 38 50 68 48 44 66 52 58 50
145
0
55 57 45 50 60 32 52 53 39 45
146
0
49 53 50 48 63 54 45 55 45 55
147
0
40 54 43 53 45 40 53 49 51 51
148
0
62 47 43 53 51 51 56 39 46 67
149
0
46 30 55 36 65 47 72 60 33 43
150
0
75 42 56 70 52 59 38 60 44 58
151
0
42 32 57 52 33 39 50 60 49 41
152
0
36 49 56 65 50 81 40 39 43 51
153
0
35 53 36 55 50 52 33 44 52 60
154
0
43 48 48 62 51 46 57 37 53 51
155
0
53 44 44 43 55 56 53 51 49 39
156
0
44 57 41 44 56 48 60 47 31 58
157
0
46 53 39 34 59 49 43 53 40 53
158
0
44 47 48 57 56 42 50 60 46 55
159
0
43 67 62 66 43 57 61 51 46 52
160
0
47 47 43 41 57 63 55 59 65 55
161
0
50 50 48 43 51 52 37 64 31 45
162
0
47 67 53 53 62 60 47 44 36 54
163
0
56 42 49 49 54 53 53 73 74 47
164
0
35 55 45 55 38 45 42 55 51 52
165
0
42 47 49 58 30 48 42 60 51 53
166
0
58 35 82 56 55 57 46 44 56 53
167
0
61 32 63 45 55 60 45 44 61 60
168
0
39 54 41 47 32 45 57 49 42 57
169
0
33 69 57 60 39 43 44 53 61 54
170
0
53 44 60 40 37 56 65 45 72 55
171
0
53 41 37 61 60 33 50 46 37 58
172
0
55 54 45 51 58 47 54 57 41 53
173
0
43 54 59 65 54 55 46 39 56 35
174
0
45 54 71 46 81 61 54 48 46 51
175
0
34 34 43 42 37 60 56 63 37 57
176
0
57 53 45 50 52 55 51 67 47 44
177
0
44 62 33 51 39 64 39 49 66 55
178
0
55 46 39 62 60 56 46 40 50 53
179
0
38 44 39 39 56 44 49 43 32 59
180
0
73 61 38 50 51 56 71 52 53 49
181
0
61 57 61 40 60 36 57 51 44 53
182
0
71 52 63 59 61 57 45 60 45 44
183
0
50 54 65 39 49 65 68 51 50 63
184
0
70 50 60 49 41 53 54 73 57 54
185
0
59 61 42 36 46 59 50 39 38 57
186
0
46 52 49 41 53 47 49 46 46 38
187
0
67 40 62 47 63 48 66 45 61 56
188
0
46 30 59 59 42 61 48 40 59 72
189
0
68 64 65 57 44 52 64 41 31 44
190
0
43 44 43 41 44 48 60 56 68 47
191
0
52 32 59 62 44 65 65 62 55 40
192
0
28 33 50 62 44 41 62 57 53 60
193
0
38 39 69 39 43 43 38 54 54 62
194
0
50 48 39 42 59 66 54 68 51 45
195
0
66 48 53 44 44 42 52 46 33 58
196
0
40 58 42 60 45 52 69 39 49 47
197
0
43 35 48 55 63 43 58 66 54 61
198
0
58 63 53 56 62 52 48 52 42 66
199
0
48 70 40 46 44 38 46 44 50 64
