100
5
218078
0
0
41 41 37 40 39
1
0
45 47 46 51 45
2
0
52 49 51 51 51
3
0
49 45 46 45 45
4
0
43 42 41 41 42
5
0
30 32 32 30 28
6
0
31 33 34 36 35
7
0
50 50 50 51 47
8
0
56 59 55 58 56
9
0
24 23 25 25 24
10
0
34 34 34 36 38
11
0
46 46 46 43 40
12
0
47 48 47 47 44
13
0
61 60 62 61 61
14
0
61 55 57 54 57
15
0
38 43 37 37 39
16
0
38 38 36 38 37
17
0
56 56 63 59 56
18
0
35 35 35 37 33
19
0
50 50 54 48 50
20
0
36 36 39 39 38
21
0
42 36 43 40 40
22
0
43 41 44 44 48
23
0
45 52 51 51 47
24
0
42 42 38 41 41
25
0
46 48 46 46 46
26
0
58 64 61 64 60
27
0
60 61 65 58 59
28
0
49 51 47 54 55
29
0
53 55 53 51 58
30
0
49 50 52 56 51
31
0
38 37 35 34 34
32
0
39 41 40 41 42
33
0
46 45 47 43 43
34
0
58 59 54 61 57
35
0
55 55 53 50 54
36
0
59 60 57 56 53
37
0
46 41 47 42 45
38
0
48 46 48 47 47
39
0
59 54 61 60 58
40
0
53 52 51 52 49
41
0
46 39 40 43 43
42
0
52 46 53 52 53
43
0
34 33 34 33 35
44
0
31 32 32 37 31
45
0
44 44 46 44 46
46
0
47 46 44 50 48
47
0
54 58 58 57 54
48
0
55 54 52 56 54
49
0
50 48 45 47 49
50
0
41 44 46 42 48
51
0
44 43 45 43 46
52
0
30 29 29 29 29
53
0
48 55 49 50 51
54
0
56 57 56 60 54
55
0
43 46 46 46 46
56
0
60 54 62 56 55
57
0
44 45 48 42 45
58
0
62 62 63 54 61
59
0
71 71 67 69 68
60
0
50 48 50 50 52
61
0
48 51 51 51 49
62
0
58 58 59 59 59
63
0
35 33 31 30 33
64
0
43 50 43 44 49
65
0
47 49 47 45 49
66
0
39 38 36 39 40
67
0
51 48 52 48 46
68
0
46 45 45 44 46
69
0
45 45 53 46 48
70
0
40 36 39 39 37
71
0
46 48 48 48 45
72
0
41 40 38 39 40
73
0
52 53 48 53 51
74
0
68 74 74 76 74
75
0
44 44 45 42 48
76
0
45 53 52 50 48
77
0
47 47 48 49 44
78
0
51 52 53 54 57
79
0
52 53 50 52 52
80
0
61 60 55 63 60
81
0
40 40 38 38 39
82
0
43 45 44 42 46
83
0
46 53 51 54 53
84
0
69 71 77 73 73
85
0
72 73 74 71 70
86
0
42 49 48 45 48
87
0
69 63 69 64 64
88
0
82 81 78 82 79
89
0
36 35 40 40 36
90
0
69 70 73 76 70
91
0
62 60 60 65 60
92
0
38 43 40 39 41
93
0
54 59 57 58 61
94
0
49 51 43 49 46
95
0
33 32 34 33 32
96
0
51 47 50 48 51
97
0
60 56 60 58 58
98
0
41 37 45 45 46
99
0
45 44 42 40 39
