10
20
450534
0
0
52 39 71 47 55 41 52 47 56 32 51 54 31 53 52 37 72 44 57 42
1
0
56 38 70 48 57 43 50 49 55 32 52 55 32 48 50 39 72 43 55 43
2
0
54 38 75 53 54 45 53 48 57 31 53 52 31 50 55 38 69 45 56 50
3
0
56 39 74 54 59 43 51 49 56 30 53 55 29 50 51 36 71 46 52 47
4
0
55 39 71 49 57 45 48 51 60 28 50 50 33 47 51 41 68 44 52 47
5
0
53 35 74 50 56 43 51 49 52 30 51 55 29 49 54 42 71 43 54 50
6
0
52 35 71 55 56 46 53 43 59 31 52 52 30 47 51 37 70 43 53 44
7
0
51 42 73 50 55 44 54 50 57 27 53 52 27 49 56 38 69 43 56 49
8
0
54 37 73 52 55 44 51 44 57 28 51 55 29 48 52 40 70 42 52 47
9
0
55 36 69 51 53 41 52 42 54 29 53 51 32 50 52 36 70 45 53 45
