100
20
317424
0
0
57 37 67 33 39 37 27 37 53 33 62 40 48 40 48 65 66 56 61 51
1
0
51 32 51 47 57 52 54 53 36 33 50 45 55 49 34 45 49 49 56 64
2
0
44 52 56 56 49 54 36 48 59 52 79 35 48 27 46 65 54 46 55 62
3
0
59 48 62 51 53 59 58 54 46 44 63 50 31 44 42 66 37 67 33 67
4
0
49 49 57 46 50 54 41 38 46 38 51 64 56 45 55 61 51 38 45 57
5
0
65 61 64 50 43 52 50 63 40 56 47 51 46 50 37 54 57 52 52 58
6
0
41 56 42 38 52 48 50 34 56 51 66 48 62 59 38 43 60 48 49 41
7
0
49 69 43 63 65 53 44 43 38 53 47 36 64 48 52 52 48 54 57 49
8
0
56 51 45 48 55 68 54 24 59 69 69 39 73 44 43 44 48 56 37 50
9
0
41 62 37 64 48 38 66 53 48 53 46 55 49 54 37 42 57 64 30 46
10
0
57 51 53 47 30 65 58 54 66 49 46 38 58 52 50 45 44 45 48 51
11
0
64 64 57 61 36 68 54 52 64 60 56 55 45 58 62 58 40 58 61 55
12
0
45 50 61 42 31 75 59 53 41 39 55 37 54 36 54 61 40 49 61 52
13
0
36 53 58 44 49 56 41 49 55 37 41 58 31 39 57 75 55 50 69 52
14
0
56 35 39 41 41 51 46 40 48 43 45 55 39 56 51 42 54 54 47 38
15
0
51 45 58 50 52 53 64 43 73 37 52 55 46 33 51 60 52 54 50 43
16
0
39 40 59 38 43 52 48 61 54 53 46 44 51 43 70 47 67 61 35 49
17
0
48 49 53 53 57 55 51 41 42 69 41 37 75 41 53 37 50 57 38 33
18
0
59 53 38 44 41 56 46 44 41 46 46 42 45 54 53 33 63 48 33 39
19
0
77 52 35 38 56 77 35 51 52 40 45 41 57 34 49 53 60 49 45 37
20
0
42 40 58 44 47 38 56 44 37 55 51 40 55 40 50 47 58 41 43 66
21
0
39 48 44 47 40 51 60 60 41 48 33 59 53 56 51 64 64 45 51 42
22
0
48 66 71 45 45 52 41 52 61 38 37 24 45 57 56 59 52 43 53 57
23
0
79 49 58 66 63 46 48 46 55 68 44 63 42 54 62 49 52 61 49 30
24
0
59 51 49 56 33 53 53 48 49 54 44 60 34 46 45 50 45 38 61 58
25
0
72 71 48 53 50 73 64 72 47 61 56 52 53 70 61 56 39 48 60 47
26
0
39 58 48 51 45 46 42 62 49 50 43 51 75 65 45 74 34 51 43 46
27
0
48 45 55 53 51 65 56 46 62 38 43 37 54 45 61 51 46 55 53 40
28
0
41 49 45 64 66 60 47 48 60 43 43 41 49 49 36 50 48 54 36 48
29
0
35 57 55 74 55 52 54 63 57 70 52 51 49 45 48 63 29 32 67 51
30
0
32 55 33 54 55 72 45 55 42 43 73 53 46 46 42 40 33 46 38 54
31
0
49 58 43 48 44 30 56 57 51 41 52 45 59 43 59 56 46 57 58 58
32
0
54 42 47 43 54 44 38 69 50 58 42 49 51 41 52 65 39 49 51 38
33
0
58 35 40 63 64 42 59 51 66 63 39 42 47 47 59 45 48 43 56 49
34
0
33 52 51 41 65 51 63 45 44 68 55 43 57 72 46 45 49 59 40 60
35
0
77 50 33 46 48 45 45 37 42 48 42 59 61 50 34 50 62 56 36 56
36
0
36 45 52 53 47 47 49 58 51 45 67 55 43 43 61 52 53 39 48 65
37
0
43 36 47 45 67 55 54 62 49 55 40 32 40 55 63 37 77 44 57 39
38
0
45 39 32 59 41 55 45 49 59 57 48 41 44 55 31 43 43 58 39 55
39
0
47 47 35 53 51 31 49 50 68 58 58 72 54 54 51 36 54 40 45 47
40
0
44 62 34 54 54 46 61 43 55 52 45 46 38 65 52 52 37 44 40 47
41
0
41 47 51 38 45 42 62 59 55 65 35 44 51 35 59 44 46 40 52 47
42
0
58 54 45 41 48 42 46 54 44 41 52 40 43 60 47 46 55 47 60 37
43
0
70 41 53 45 65 46 40 31 55 31 49 62 44 57 61 27 46 36 60 48
44
0
66 56 57 54 58 49 50 50 52 42 56 52 45 60 27 44 50 48 46 52
45
0
46 49 44 54 49 60 41 52 35 54 53 53 54 67 39 66 36 61 39 51
46
0
50 38 42 56 26 52 47 56 51 44 48 41 46 42 45 56 56 41 46 43
47
0
62 69 35 73 39 44 48 41 56 56 47 47 56 42 39 51 39 58 47 59
48
0
45 36 61 64 51 66 35 51 41 51 46 61 49 46 33 31 65 60 38 38
49
0
60 37 41 53 33 41 48 39 40 58 45 34 42 49 61 49 58 44 60 42
50
0
70 56 56 43 46 34 55 41 51 48 63 35 48 36 59 48 54 43 56 48
51
0
36 46 71 65 57 52 59 63 52 58 54 41 76 49 28 51 51 48 61 37
52
0
54 49 46 31 34 60 44 28 56 58 41 59 51 55 49 52 49 68 39 54
53
0
54 51 44 47 64 50 52 66 58 50 49 50 53 51 52 65 45 64 71 64
54
0
48 40 46 61 55 44 28 50 41 50 47 35 45 56 61 62 58 45 54 47
55
0
45 59 39 68 51 47 58 50 56 45 50 42 45 49 76 46 56 71 43 42
56
0
46 47 34 41 63 56 60 53 45 39 42 63 34 35 34 48 43 45 45 41
57
0
53 41 44 59 60 41 56 47 48 51 45 43 42 32 50 44 58 77 46 42
58
0
35 53 58 30 48 59 45 59 52 35 54 53 38 67 34 51 51 60 45 37
59
0
52 58 53 67 44 59 55 44 82 66 60 55 42 43 54 51 54 30 47 46
60
0
52 48 35 57 38 69 67 48 54 50 63 52 38 64 50 43 58 52 53 52
61
0
47 59 38 47 41 35 55 42 44 39 55 44 46 33 65 43 69 52 40 44
62
0
48 51 60 44 49 44 37 46 76 49 36 44 35 44 51 34 45 45 56 58
63
0
52 79 39 59 79 45 26 43 77 50 40 44 53 55 41 29 43 52 50 53
64
0
44 57 51 56 44 43 50 42 40 56 53 52 62 50 45 45 41 44 30 38
65
0
51 32 50 47 54 52 34 46 41 63 46 49 47 54 60 64 56 60 47 53
66
0
47 55 50 69 57 40 41 35 40 55 57 52 42 66 36 35 47 38 44 38
67
0
40 35 59 65 46 56 52 38 39 43 51 40 40 41 58 53 34 50 56 69
68
0
43 57 53 47 51 45 61 55 64 60 60 53 54 44 48 63 43 40 49 38
69
0
29 51 47 45 42 38 49 38 60 60 35 71 37 54 41 34 35 57 53 52
70
0
68 40 40 54 35 43 52 48 37 60 47 51 33 39 59 44 40 43 64 54
71
0
48 65 59 42 39 59 47 61 38 61 32 66 54 35 36 57 51 62 32 63
72
0
58 62 73 51 61 47 47 53 48 57 58 44 49 43 53 44 58 48 36 38
73
0
45 56 45 32 59 71 38 54 52 49 43 44 44 64 36 52 43 32 51 67
74
0
41 54 36 53 47 54 50 43 41 63 40 76 60 36 51 45 54 32 57 59
75
0
39 56 47 53 54 46 50 53 56 46 46 38 43 51 55 54 49 51 60 67
76
0
52 65 46 71 50 42 50 46 57 55 67 52 37 54 46 54 49 44 61 61
77
0
45 44 43 49 49 53 45 44 49 49 32 47 64 66 54 53 48 53 40 39
78
0
59 37 55 51 42 70 60 45 49 40 57 39 50 55 38 54 51 61 41 55
79
0
57 52 57 63 44 51 36 54 62 34 53 61 55 46 48 74 54 53 32 55
80
0
38 48 40 54 49 68 43 58 53 57 64 52 62 40 42 64 55 38 49 51
81
0
44 53 66 56 58 63 43 53 52 41 48 52 45 40 39 45 33 59 54 56
82
0
43 47 33 43 46 50 52 43 51 47 49 46 37 56 58 49 43 45 51 52
83
0
55 38 50 47 55 61 73 72 43 51 65 68 43 62 40 53 69 39 53 46
84
0
37 52 46 36 38 41 50 36 51 67 53 42 42 54 41 54 59 41 50 44
85
0
42 43 59 67 22 48 53 46 47 62 50 55 58 51 33 53 52 41 40 56
86
0
34 52 52 51 35 39 62 59 38 44 40 47 39 43 38 36 57 50 58 45
87
0
54 52 50 54 69 63 42 54 61 51 53 46 50 48 40 55 61 47 44 42
88
0
35 53 51 73 64 35 60 54 50 48 32 53 52 50 62 39 49 49 55 34
89
0
37 63 54 55 66 72 51 42 62 35 47 39 27 49 34 63 60 45 40 60
90
0
55 48 36 60 56 61 40 40 59 40 43 50 53 66 53 76 67 64 61 55
91
0
55 48 50 44 44 57 62 56 45 49 59 60 41 58 47 56 34 35 48 53
92
0
32 45 57 60 55 45 32 53 41 45 58 36 55 64 62 62 65 63 51 59
93
0
63 61 61 69 47 53 49 74 63 48 62 49 51 37 47 55 43 53 34 51
94
0
45 44 40 33 47 47 66 51 36 53 56 51 50 54 57 52 48 49 55 40
95
0
43 54 43 56 60 56 48 43 52 36 64 56 39 61 74 61 37 55 29 52
96
0
45 38 45 49 46 61 51 54 64 46 60 48 70 31 26 63 47 45 54 49
97
0
35 64 86 50 40 53 50 63 59 48 51 56 49 33 49 43 62 53 54 75
98
0
43 39 43 62 50 48 48 55 43 55 70 34 38 46 40 54 51 56 52 45
99
0
46 55 45 47 75 56 39 35 39 42 62 50 62 49 40 50 32 35 48 44
