30
5
437955580
0
0
55 55 46 44 59
1
0
53 43 56 61 53
2
0
52 59 51 46 48
3
0
49 45 57 51 44
4
0
50 50 45 46 53
5
0
45 46 51 49 52
6
0
49 47 56 54 48
7
0
44 55 54 57 39
8
0
49 54 54 51 52
9
0
58 57 55 48 45
10
0
50 50 45 53 61
11
0
59 41 54 49 57
12
0
50 55 53 51 51
13
0
46 54 50 52 51
14
0
51 51 47 51 48
15
0
48 54 66 51 51
16
0
49 61 55 48 48
17
0
49 45 55 42 52
18
0
49 47 52 56 49
19
0
45 46 48 51 56
20
0
44 55 44 56 46
21
0
50 51 38 43 47
22
0
56 47 55 62 41
23
0
54 46 48 41 53
24
0
50 54 48 43 54
25
0
51 48 58 44 49
26
0
53 48 54 55 53
27
0
44 46 49 50 62
28
0
44 50 50 50 48
29
0
51 58 45 48 47
