200
20
874720
0
0
58 33 38 48 41 61 56 58 50 63 42 45 53 72 41 48 50 74 53 43
1
0
57 34 35 47 43 60 58 54 46 59 38 44 54 70 41 50 47 73 49 43
2
0
62 34 43 48 40 65 53 52 47 59 41 47 51 76 40 49 49 76 46 48
3
0
58 32 40 43 41 65 50 57 44 58 40 47 50 72 39 51 45 71 50 45
4
0
56 35 41 44 40 63 51 57 46 60 41 46 53 74 40 47 50 72 49 42
5
0
58 31 44 41 38 64 53 53 46 60 43 45 52 76 39 47 48 69 50 46
6
0
58 33 39 43 37 59 52 56 43 63 41 48 51 78 42 52 50 69 48 46
7
0
55 33 42 42 38 62 51 56 43 58 39 47 51 80 40 46 47 71 49 46
8
0
57 33 39 44 42 57 55 54 47 58 43 47 52 77 41 47 49 70 54 48
9
0
54 36 36 46 38 59 54 53 47 61 42 49 57 75 39 46 47 70 51 49
10
0
55 33 38 47 42 62 54 53 45 60 41 46 50 78 41 51 48 73 47 44
11
0
52 35 42 47 38 60 60 52 47 61 47 47 51 78 42 50 49 77 54 45
12
0
54 31 37 44 40 59 51 53 44 61 42 47 54 80 39 50 53 70 49 43
13
0
59 31 39 42 43 59 55 58 48 56 39 48 53 72 38 49 50 74 50 45
14
0
56 34 41 48 41 66 54 57 46 58 44 45 51 77 39 50 51 75 48 42
15
0
57 32 44 46 40 61 54 52 45 54 40 51 55 79 40 48 46 76 50 45
16
0
56 32 39 44 42 59 50 55 47 61 41 45 53 69 39 48 49 70 49 46
17
0
52 34 37 44 41 60 52 54 46 61 41 42 50 75 41 51 47 69 44 44
18
0
55 33 39 47 39 62 54 57 48 61 40 45 51 78 38 49 48 73 51 46
19
0
58 32 40 48 37 63 55 53 48 60 41 45 51 74 39 45 52 70 48 49
20
0
56 31 38 46 41 65 53 50 46 60 41 46 53 74 42 47 50 71 50 42
21
0
55 31 36 45 39 59 54 54 48 58 39 43 54 76 40 52 51 70 48 41
22
0
56 35 38 47 43 59 54 53 43 60 37 48 55 77 38 51 49 70 49 47
23
0
57 36 39 48 45 65 53 55 44 64 41 45 55 73 40 45 50 69 48 46
24
0
56 34 40 47 43 59 56 55 48 62 40 51 53 75 37 49 49 75 51 43
25
0
55 34 37 46 39 62 53 55 47 62 40 51 49 74 41 49 48 75 50 42
26
0
53 31 38 46 45 60 53 53 46 60 38 45 53 79 41 49 50 71 48 44
27
0
59 31 39 53 42 63 53 53 44 60 44 48 52 77 42 48 51 73 48 46
28
0
56 33 37 45 43 58 51 54 46 60 41 47 55 71 38 45 50 75 48 44
29
0
59 33 41 45 38 59 53 51 47 59 40 48 53 77 41 47 47 71 47 43
30
0
57 34 45 46 42 65 53 54 47 58 40 50 54 76 38 47 48 71 50 43
31
0
54 34 39 43 41 62 55 54 49 64 43 44 57 77 43 50 49 71 49 42
32
0
54 34 40 42 43 61 51 53 40 59 39 44 55 82 39 47 48 74 50 43
33
0
54 33 39 45 40 60 53 51 44 60 39 44 52 79 40 46 49 74 49 46
34
0
58 33 39 48 40 60 58 55 44 59 43 52 53 79 41 52 50 70 53 43
35
0
53 29 37 48 45 59 52 53 48 64 41 47 54 74 40 48 49 73 50 44
36
0
58 35 38 51 41 60 54 53 49 61 39 45 50 78 41 50 49 72 54 44
37
0
58 34 40 45 39 57 52 54 45 63 41 45 54 83 39 49 47 72 46 44
38
0
56 33 40 49 42 60 56 48 48 59 42 46 52 73 37 45 54 72 51 44
39
0
53 33 40 49 38 57 53 52 49 59 41 47 50 74 40 55 47 71 55 43
40
0
58 32 40 44 39 60 49 54 49 57 41 50 57 80 43 48 51 71 49 44
41
0
58 29 39 45 39 61 52 54 45 58 43 49 54 71 38 50 49 72 50 48
42
0
53 36 41 47 39 64 56 52 45 67 43 48 53 74 39 44 49 72 50 46
43
0
56 35 37 45 43 59 59 57 48 61 45 48 50 76 40 50 50 75 46 45
44
0
57 31 40 43 40 57 56 53 43 59 44 44 53 79 41 47 46 73 44 46
45
0
55 30 40 42 41 59 52 55 46 60 43 51 55 80 40 51 47 73 48 45
46
0
56 31 40 46 37 64 53 55 46 61 41 49 51 75 40 51 52 72 46 44
47
0
59 33 39 44 39 56 55 55 46 60 37 46 52 79 38 49 50 74 51 45
48
0
59 32 39 45 39 62 56 55 45 58 44 46 53 76 40 52 49 71 53 46
49
0
55 34 40 45 41 61 52 51 43 64 41 51 51 81 38 50 48 69 52 45
50
0
57 35 39 46 40 60 51 54 48 60 41 46 52 79 42 44 46 67 50 43
51
0
59 34 37 45 41 59 50 54 50 59 43 48 53 74 39 45 49 71 49 47
52
0
59 33 37 45 38 60 53 58 45 60 43 46 51 80 41 45 47 74 52 45
53
0
57 36 42 45 43 61 51 53 46 59 42 46 52 80 36 46 49 71 51 44
54
0
56 36 41 45 38 61 54 51 48 60 42 45 54 76 42 44 52 69 54 41
55
0
59 30 43 47 39 57 55 55 44 59 40 44 50 74 43 46 48 72 49 45
56
0
54 32 44 44 39 62 53 60 47 57 40 44 53 78 43 48 51 70 48 43
57
0
62 35 40 46 39 58 52 55 46 62 41 47 54 76 42 52 49 75 49 42
58
0
56 29 36 47 39 62 53 51 46 66 40 48 54 79 38 48 52 72 50 43
59
0
57 32 39 42 40 62 54 55 44 58 43 46 49 74 39 47 45 73 51 38
60
0
58 34 39 47 39 61 53 53 45 65 39 45 54 74 39 46 49 71 51 44
61
0
54 36 40 41 40 59 50 52 46 58 40 45 52 80 39 50 50 73 46 47
62
0
58 32 40 44 38 62 49 54 44 66 42 51 52 75 42 46 52 71 51 43
63
0
61 33 39 44 41 64 52 53 49 61 40 50 54 76 38 47 47 70 50 44
64
0
54 33 40 46 41 59 52 54 44 60 41 47 54 77 40 50 50 68 48 46
65
0
54 35 40 44 39 64 54 55 46 65 40 47 55 76 38 51 48 71 51 47
66
0
60 36 37 44 41 56 54 55 48 59 40 48 58 78 39 49 49 66 48 44
67
0
54 32 42 51 40 63 51 49 44 60 43 44 52 78 38 48 47 72 44 47
68
0
57 33 41 47 36 58 54 56 45 58 44 50 56 71 41 46 47 70 50 45
69
0
53 34 37 45 39 64 55 56 45 58 43 44 50 74 41 48 48 68 46 45
70
0
54 32 38 42 43 58 56 52 45 61 40 48 55 75 39 46 47 70 48 44
71
0
55 31 36 48 41 60 55 53 46 61 41 49 53 78 42 47 48 73 52 45
72
0
60 33 36 48 39 57 54 55 41 60 42 43 54 76 38 47 49 71 50 44
73
0
58 33 41 44 37 55 52 56 45 61 44 50 54 75 40 47 47 75 51 43
74
0
56 35 41 45 38 58 58 53 46 62 42 50 53 76 37 50 47 69 49 43
75
0
54 34 40 45 38 62 55 53 48 64 44 47 56 77 39 48 46 73 50 46
76
0
56 35 40 49 40 58 55 56 47 61 43 49 54 73 38 53 46 73 49 40
77
0
59 34 38 44 39 61 51 53 48 56 39 46 54 68 39 52 48 78 46 44
78
0
60 33 44 44 40 63 53 54 44 61 38 48 53 79 39 49 48 71 53 43
79
0
59 31 36 48 45 58 57 51 48 63 41 48 58 82 38 49 45 67 51 49
80
0
56 29 36 43 45 59 59 49 46 62 41 50 53 79 39 51 46 68 54 44
81
0
58 31 35 45 39 57 52 55 44 61 42 44 53 77 37 48 46 70 49 42
82
0
51 34 36 44 39 59 55 53 47 61 42 50 53 75 38 46 51 69 49 44
83
0
56 34 39 45 39 60 59 53 46 60 42 43 53 75 41 50 48 69 49 45
84
0
56 31 40 45 42 61 52 57 44 61 40 45 51 75 42 48 48 72 51 47
85
0
54 31 40 43 37 65 51 51 46 64 41 47 55 75 42 47 47 72 48 44
86
0
59 37 37 43 40 58 52 52 46 61 42 47 55 72 40 52 46 72 51 41
87
0
58 32 39 49 39 59 55 57 44 58 43 44 53 76 41 47 44 70 48 44
88
0
56 34 38 47 45 60 53 55 47 64 40 45 50 75 40 51 48 69 48 44
89
0
55 36 43 45 40 60 53 55 44 59 38 46 53 74 36 49 46 68 48 43
90
0
55 33 36 47 41 59 49 54 47 62 38 48 50 76 41 49 47 70 44 41
91
0
59 34 42 48 39 61 50 52 47 58 41 47 49 77 38 50 48 68 45 44
92
0
55 35 40 44 37 60 56 53 46 62 40 48 56 71 39 50 50 70 53 48
93
0
58 34 39 47 38 57 52 55 47 60 42 45 53 75 41 48 46 70 49 43
94
0
58 30 40 46 40 56 56 49 47 60 42 48 52 74 42 50 47 72 44 46
95
0
55 37 39 50 41 62 49 54 46 64 42 45 51 74 39 53 49 72 47 44
96
0
56 32 40 43 37 61 56 54 47 63 42 48 54 76 41 48 43 68 49 43
97
0
57 33 40 46 40 63 57 54 49 61 43 47 55 74 42 52 44 71 53 46
98
0
58 34 38 49 39 63 51 52 48 62 37 47 53 74 37 48 50 73 46 42
99
0
58 34 37 44 40 60 54 58 47 60 42 46 56 78 40 47 49 71 52 44
100
0
58 34 37 43 35 57 54 54 47 62 39 48 52 75 42 48 48 73 50 46
101
0
55 35 40 48 39 61 52 51 48 64 42 48 54 77 38 47 48 68 45 43
102
0
55 34 36 44 41 64 51 55 45 59 42 49 53 76 39 46 48 66 51 48
103
0
56 35 41 48 38 58 57 55 46 62 45 50 48 75 38 49 49 74 47 43
104
0
57 33 37 44 41 61 53 55 51 62 42 49 51 74 38 49 49 69 50 42
105
0
54 34 38 48 43 61 53 55 43 56 40 48 52 79 41 53 47 75 49 48
106
0
59 35 42 47 41 58 53 53 43 60 39 42 53 80 37 51 50 68 48 42
107
0
55 37 37 43 39 63 51 50 46 62 39 47 55 74 41 48 50 72 49 43
108
0
52 32 43 45 38 59 54 52 46 66 40 48 53 72 40 49 50 73 48 40
109
0
58 34 42 48 42 60 59 53 47 64 42 46 52 79 39 49 48 71 47 45
110
0
59 33 38 43 40 67 55 59 46 65 41 47 54 78 40 47 48 71 50 45
111
0
54 33 39 46 39 63 53 55 46 60 41 47 55 75 39 50 49 70 48 42
112
0
58 34 43 44 41 63 54 54 42 60 44 45 48 73 41 47 51 71 48 40
113
0
56 34 37 45 40 61 55 52 47 58 39 47 51 78 39 47 47 69 51 48
114
0
58 34 39 43 40 59 54 58 47 61 41 43 49 77 41 48 46 70 45 45
115
0
60 34 36 45 41 60 52 52 47 63 45 48 50 76 40 47 45 73 46 45
116
0
57 35 40 44 43 61 57 52 45 57 43 46 53 76 41 44 44 73 50 46
117
0
56 32 43 42 35 62 52 52 45 64 37 48 54 75 39 50 47 72 48 46
118
0
57 34 40 43 39 61 48 53 48 62 40 49 57 75 41 51 50 72 52 45
119
0
55 31 41 47 41 58 53 53 42 58 40 45 55 72 36 51 46 75 52 44
120
0
56 31 40 47 39 60 55 55 47 58 38 50 54 73 39 47 48 70 49 43
121
0
63 32 40 44 39 59 52 52 45 60 42 47 53 76 37 46 46 71 47 40
122
0
59 32 38 44 42 62 55 53 44 55 40 47 51 70 40 50 49 69 46 43
123
0
54 34 40 44 40 64 57 56 42 64 42 48 52 75 39 52 47 70 46 45
124
0
55 33 40 49 42 61 52 53 48 64 40 44 53 77 39 51 51 75 46 44
125
0
59 32 39 44 37 59 53 55 43 61 38 48 56 75 39 49 47 74 54 42
126
0
57 33 37 44 42 65 58 55 45 63 40 47 54 75 38 48 46 66 46 46
127
0
58 34 41 45 41 61 58 55 42 59 38 46 52 81 37 48 47 72 49 44
128
0
57 34 37 45 40 59 52 50 47 57 40 50 55 81 41 51 51 68 50 46
129
0
57 34 38 45 41 64 53 51 46 62 43 44 52 77 41 53 46 71 50 42
130
0
55 33 39 45 37 63 56 52 46 61 41 46 54 73 37 52 49 70 48 43
131
0
57 32 40 47 41 55 50 51 48 63 42 45 53 77 41 48 49 68 48 42
132
0
57 38 40 47 40 60 58 52 44 61 40 46 52 77 40 51 54 76 47 46
133
0
59 33 41 45 38 63 55 57 49 63 40 46 53 80 40 45 52 73 47 44
134
0
56 32 40 47 41 64 56 54 43 65 42 50 53 84 39 51 45 71 49 44
135
0
53 32 39 45 40 63 51 52 46 62 45 43 51 75 42 53 51 76 49 44
136
0
52 32 41 45 44 62 54 56 47 63 41 48 56 76 38 46 47 76 51 45
137
0
53 34 38 46 41 63 53 54 44 58 40 48 51 74 40 47 47 73 48 44
138
0
60 32 40 44 43 60 54 57 46 62 42 45 53 68 38 45 51 73 50 41
139
0
58 34 37 45 40 62 51 55 48 64 37 50 52 74 42 49 49 74 48 44
140
0
58 36 36 46 41 60 56 54 47 61 41 46 54 76 40 48 45 71 45 46
141
0
59 33 41 44 40 58 56 51 48 66 39 46 50 76 37 49 48 69 48 45
142
0
54 33 38 48 38 61 53 51 49 58 43 47 55 75 40 48 47 72 48 46
143
0
52 33 41 44 39 61 58 56 43 58 40 46 51 77 42 46 48 71 49 42
144
0
56 34 40 46 37 63 54 55 45 53 39 49 51 79 40 50 47 74 47 43
145
0
54 38 40 44 38 59 52 58 43 57 40 44 54 77 38 48 48 66 46 43
146
0
57 34 42 44 38 60 53 56 49 61 40 46 54 75 40 45 49 74 51 45
147
0
56 35 41 46 39 59 52 55 43 61 41 47 54 76 40 47 47 72 48 39
148
0
57 33 37 45 40 61 59 53 44 66 44 47 57 77 40 47 46 68 51 49
149
0
57 37 42 46 42 61 52 54 42 61 41 47 49 76 33 47 47 67 50 39
150
0
58 31 39 43 39 58 51 51 44 58 38 47 52 76 41 52 49 72 50 44
151
0
54 33 38 48 41 61 52 55 48 61 39 49 55 75 40 47 48 68 51 44
152
0
55 32 41 47 42 59 54 51 45 62 41 48 58 73 37 50 46 73 48 45
153
0
55 34 41 51 41 58 54 58 44 60 40 48 54 74 42 57 47 75 50 45
154
0
57 32 40 47 40 58 55 51 47 59 39 41 55 73 38 46 46 72 48 46
155
0
59 35 40 47 37 59 52 52 44 61 41 49 54 72 37 48 51 69 50 48
156
0
58 33 38 45 39 61 52 55 45 63 43 45 55 75 40 47 47 71 47 40
157
0
57 33 40 47 39 57 55 57 47 58 37 47 51 74 39 46 47 74 50 45
158
0
58 28 38 43 40 64 56 54 47 55 40 48 55 75 40 48 47 71 45 46
159
0
56 33 40 46 41 58 56 54 45 62 41 47 55 72 42 46 48 73 45 41
160
0
54 36 39 48 42 60 57 58 46 60 43 46 54 72 39 49 51 74 50 45
161
0
58 34 40 40 40 67 52 53 46 62 39 47 51 75 41 47 51 73 47 46
162
0
56 32 38 46 41 60 55 56 45 61 40 47 48 77 40 48 51 74 47 44
163
0
55 31 44 43 44 63 55 54 47 64 40 50 54 78 38 50 50 71 49 42
164
0
57 33 36 44 37 63 53 51 46 64 41 48 55 77 37 51 49 70 46 42
165
0
59 36 39 44 40 66 52 55 46 63 41 48 55 77 37 48 50 77 49 48
166
0
54 33 39 45 42 61 54 56 48 57 41 46 52 73 38 49 51 72 53 44
167
0
53 28 35 45 39 63 53 54 52 63 38 40 55 78 42 49 47 73 52 47
168
0
57 35 39 45 37 61 60 51 45 62 37 48 47 77 38 48 48 74 48 42
169
0
53 33 38 46 40 57 54 53 46 57 44 45 55 79 39 51 46 72 49 42
170
0
56 33 36 47 40 61 54 53 48 58 42 50 55 75 41 47 46 74 49 40
171
0
53 32 41 47 40 61 53 53 44 59 42 47 51 73 40 50 45 73 52 45
172
0
57 35 42 46 40 61 55 55 46 61 39 46 52 79 40 50 49 78 47 50
173
0
57 30 40 44 37 60 55 54 48 59 39 47 53 68 41 47 51 71 47 46
174
0
56 34 38 42 42 58 55 51 44 60 40 46 55 74 40 48 49 75 50 44
175
0
53 36 37 47 36 59 52 53 47 58 39 44 51 74 39 50 47 73 49 41
176
0
59 36 43 48 43 58 52 56 45 63 43 45 49 74 37 52 48 74 51 43
177
0
58 35 39 44 41 61 54 50 49 60 40 45 53 78 40 48 50 71 49 42
178
0
53 36 39 48 41 62 53 56 47 61 39 47 53 71 38 50 50 68 47 46
179
0
57 35 40 46 41 63 52 52 46 58 46 41 53 77 37 48 49 71 52 45
180
0
52 31 39 44 37 60 54 56 44 59 42 45 50 76 36 48 48 72 46 42
181
0
58 31 37 45 38 62 53 52 48 64 44 46 53 71 41 50 47 69 45 44
182
0
54 33 38 44 42 60 53 54 45 60 39 49 54 74 39 48 49 74 50 45
183
0
58 34 39 41 38 58 55 53 50 61 39 45 50 78 40 51 46 72 47 43
184
0
54 34 39 41 40 62 56 53 46 58 40 45 52 70 42 52 46 71 51 46
185
0
54 31 39 47 43 55 56 54 43 60 40 47 54 76 41 53 48 70 50 44
186
0
54 35 38 43 39 57 54 55 45 67 41 48 52 75 40 49 47 68 48 45
187
0
54 35 39 48 39 61 52 53 45 61 43 45 54 80 42 49 48 69 47 44
188
0
53 34 42 45 40 59 55 57 40 59 41 48 53 71 42 45 49 75 52 44
189
0
54 35 37 45 41 58 52 56 43 63 41 47 50 80 39 49 52 72 48 44
190
0
57 30 42 46 40 60 56 49 45 61 41 49 60 78 39 52 47 73 50 44
191
0
56 34 39 46 39 64 57 52 46 62 42 51 53 77 42 49 44 72 53 43
192
0
56 32 40 45 39 63 50 52 47 58 40 45 53 83 40 47 48 74 49 47
193
0
54 33 39 46 38 61 53 54 45 59 42 49 52 71 42 45 47 72 51 47
194
0
57 31 37 45 42 61 53 55 43 59 39 49 54 74 37 48 46 70 50 46
195
0
61 33 41 45 44 57 56 53 44 60 41 46 53 79 44 43 48 69 49 41
196
0
54 36 36 43 41 58 54 55 45 66 39 48 54 71 38 51 46 70 45 44
197
0
61 33 39 45 37 63 57 56 42 59 45 46 57 74 39 50 46 70 50 44
198
0
58 33 40 46 42 59 53 51 47 65 42 47 51 73 39 46 47 73 50 41
199
0
58 30 43 46 39 59 54 55 46 62 40 49 50 74 41 50 51 74 50 48
