100
5
856650
0
0
63 52 51 49 59
1
0
30 41 37 44 44
2
0
56 52 37 53 58
3
0
41 45 58 47 37
4
0
49 33 46 51 51
5
0
47 42 39 52 44
6
0
64 66 59 64 38
7
0
62 56 60 54 47
8
0
39 66 53 61 54
9
0
41 61 36 57 53
10
0
66 34 49 45 41
11
0
42 57 59 53 46
12
0
58 57 52 35 49
13
0
40 45 47 47 69
14
0
56 67 62 43 44
15
0
40 56 36 55 50
16
0
43 58 48 51 53
17
0
50 43 43 47 41
18
0
57 37 36 45 48
19
0
42 48 59 53 57
20
0
54 93 67 68 35
21
0
44 59 48 57 52
22
0
27 49 54 55 36
23
0
50 34 54 44 49
24
0
49 45 60 59 49
25
0
45 62 64 43 55
26
0
24 56 43 56 43
27
0
56 47 34 38 64
28
0
51 53 46 51 57
29
0
44 47 56 45 53
30
0
48 58 53 41 26
31
0
52 49 39 37 51
32
0
39 48 49 60 59
33
0
54 49 50 61 44
34
0
46 50 36 49 31
35
0
42 35 49 60 55
36
0
55 50 55 53 45
37
0
37 55 57 55 41
38
0
49 53 31 59 59
39
0
48 55 52 57 56
40
0
39 43 46 58 54
41
0
45 55 52 48 49
42
0
61 47 57 41 62
43
0
36 42 50 50 67
44
0
47 35 84 51 48
45
0
61 51 61 48 51
46
0
51 45 41 56 46
47
0
56 53 56 54 61
48
0
49 36 45 42 50
49
0
45 63 53 43 48
50
0
57 46 66 41 42
51
0
46 51 54 48 54
52
0
56 62 44 42 47
53
0
45 53 49 42 41
54
0
50 37 77 26 52
55
0
56 43 45 59 34
56
0
42 57 53 40 38
57
0
46 61 71 62 50
58
0
64 45 25 57 61
59
0
39 47 50 47 47
60
0
53 44 51 55 62
61
0
53 45 50 40 56
62
0
45 39 48 65 46
63
0
63 46 40 29 55
64
0
45 40 65 45 40
65
0
49 29 36 43 64
66
0
64 36 53 49 48
67
0
54 66 35 59 35
68
0
40 43 24 44 46
69
0
65 44 64 37 46
70
0
47 52 52 42 42
71
0
51 34 50 60 56
72
0
45 43 50 49 47
73
0
41 60 47 43 48
74
0
47 58 45 56 62
75
0
59 42 35 43 40
76
0
45 50 33 51 41
77
0
43 55 33 36 48
78
0
59 50 55 35 54
79
0
58 39 51 41 48
80
0
45 45 41 48 63
81
0
60 45 43 48 46
82
0
53 50 54 48 44
83
0
38 62 73 46 26
84
0
63 60 43 44 52
85
0
55 58 53 45 44
86
0
43 48 49 66 48
87
0
50 35 38 62 37
88
0
38 61 38 31 49
89
0
55 63 40 44 43
90
0
56 73 61 47 31
91
0
52 62 69 44 52
92
0
33 61 43 35 33
93
0
63 67 66 55 61
94
0
53 51 43 48 38
95
0
32 37 44 44 35
96
0
65 39 51 36 70
97
0
46 49 52 44 35
98
0
55 57 39 61 52
99
0
69 56 54 54 70
