10
20
311597
0
0
72 70 71 77 74 76 71 70 72 65 72 70 72 66 73 74 71 71 76 70
1
0
50 56 46 49 54 46 47 45 54 52 50 47 52 51 48 50 51 52 50 48
2
0
47 45 48 48 49 44 47 45 49 46 46 49 46 45 47 43 46 48 46 49
3
0
27 29 30 31 31 32 30 30 32 30 32 28 28 32 31 31 30 29 31 32
4
0
60 51 58 56 55 57 57 57 57 57 55 58 54 57 58 58 57 56 52 56
5
0
44 44 44 46 45 43 41 41 42 41 45 44 41 42 43 45 44 41 44 41
6
0
39 35 39 39 36 38 36 37 39 39 39 37 38 36 39 39 34 39 37 38
7
0
48 48 51 49 48 46 44 46 45 51 46 49 45 47 46 44 42 48 48 46
8
0
67 62 60 62 68 63 66 61 61 61 64 65 63 60 65 61 64 61 60 62
9
0
45 46 47 44 46 40 49 48 46 46 47 44 46 44 41 44 45 43 45 43
