200
20
362192
0
0
47 44 38 45 49 54 46 51 40 57 36 40 43 52 40 46 48 47 68 40
1
0
48 42 42 42 62 67 56 64 48 45 40 54 47 51 54 39 46 58 47 55
2
0
64 61 78 39 52 45 53 55 47 48 27 56 52 46 44 35 53 55 54 40
3
0
56 39 47 76 59 71 31 50 54 61 39 59 49 52 45 61 34 59 51 50
4
0
67 57 69 56 51 40 53 57 49 54 59 43 46 53 43 44 36 46 53 68
5
0
39 51 53 53 49 65 71 53 53 43 64 43 39 37 62 43 48 48 39 43
6
0
55 56 36 49 65 30 47 51 53 61 45 46 42 50 43 50 48 58 52 76
7
0
48 34 46 42 37 47 54 52 50 41 40 57 51 45 40 55 43 35 55 43
8
0
45 56 65 70 70 39 50 53 49 40 47 44 53 45 51 66 52 31 52 66
9
0
48 41 40 42 53 40 65 47 40 70 40 47 54 45 43 70 46 46 40 62
10
0
40 66 63 36 48 56 60 64 40 29 43 57 53 49 44 41 52 54 49 53
11
0
41 44 38 63 60 47 54 43 47 48 37 53 44 56 36 46 43 47 43 47
12
0
49 29 40 57 49 44 80 51 58 47 43 73 65 59 50 49 44 30 43 47
13
0
50 55 65 41 86 49 62 62 32 44 46 44 51 51 57 68 46 70 48 49
14
0
51 82 58 56 42 49 51 48 47 45 48 38 48 47 49 36 62 56 43 56
15
0
53 51 44 43 47 32 50 37 54 34 49 48 57 40 61 57 51 36 50 56
16
0
36 62 52 48 64 48 37 39 45 45 55 62 43 63 56 60 39 63 44 55
17
0
56 74 49 49 60 40 56 39 52 43 37 55 49 41 53 36 34 52 33 35
18
0
32 56 49 52 42 49 48 45 60 53 56 45 40 55 58 39 51 59 40 46
19
0
62 64 42 33 66 80 56 57 31 52 35 59 39 65 51 38 39 49 44 62
20
0
55 55 40 45 53 51 50 55 46 67 49 44 54 56 48 50 42 37 57 33
21
0
43 46 41 50 52 30 52 53 57 32 31 52 55 48 33 54 49 50 39 77
22
0
40 47 64 37 53 54 53 59 50 49 70 54 47 57 49 51 69 51 59 43
23
0
71 35 61 49 53 28 48 37 64 48 41 53 43 47 59 50 58 40 47 43
24
0
52 64 27 55 41 39 48 46 45 40 39 38 54 49 43 44 69 80 49 50
25
0
45 54 53 40 56 40 38 52 37 52 53 55 52 62 60 40 57 44 47 53
26
0
55 49 34 46 50 61 37 44 50 47 78 42 62 62 79 58 37 44 53 51
27
0
63 49 63 62 54 40 45 47 34 43 65 61 64 41 43 51 59 51 48 55
28
0
90 46 45 46 38 50 54 44 52 52 43 56 50 55 64 41 42 53 54 62
29
0
56 39 61 59 43 48 55 65 38 60 64 44 54 40 41 47 43 47 66 47
30
0
70 55 51 57 48 48 49 60 40 49 36 57 43 51 56 52 51 57 32 40
31
0
39 55 56 63 63 55 33 39 37 59 41 55 43 42 58 55 47 47 64 52
32
0
37 67 63 62 47 48 40 52 50 47 35 49 52 63 57 54 54 58 43 47
33
0
67 46 44 33 39 53 57 36 34 45 65 51 66 41 42 31 56 42 56 35
34
0
48 44 45 48 63 63 53 53 61 50 58 55 47 39 29 31 47 62 45 56
35
0
44 61 39 57 51 68 63 63 50 40 30 40 59 58 47 60 52 58 39 55
36
0
32 50 46 49 34 69 48 52 44 43 53 47 52 71 45 61 36 49 57 22
37
0
64 38 59 43 64 46 55 43 54 41 52 51 50 49 50 67 44 62 37 51
38
0
52 53 53 57 45 57 38 69 63 51 49 58 42 50 37 61 45 58 82 48
39
0
61 42 29 50 62 75 49 58 37 57 45 68 61 45 46 43 42 39 35 48
40
0
47 50 44 62 44 70 64 69 47 51 53 41 65 37 48 54 53 59 38 61
41
0
42 67 64 39 48 42 43 49 50 41 34 51 53 62 48 57 46 42 34 44
42
0
63 42 44 51 50 50 52 59 34 39 37 60 61 54 47 54 51 48 40 53
43
0
41 40 54 48 59 32 54 49 57 47 34 55 49 64 53 44 60 63 38 51
44
0
63 62 42 55 52 54 57 40 47 62 45 55 37 50 70 48 58 43 47 45
45
0
57 52 52 56 54 37 48 53 64 38 48 41 46 51 52 51 52 44 50 56
46
0
43 59 60 46 47 53 51 57 39 52 69 71 55 53 42 40 59 65 39 48
47
0
39 62 49 70 58 39 60 47 57 44 50 53 67 51 49 55 58 40 46 52
48
0
44 64 58 39 39 39 53 51 64 48 54 54 55 49 50 64 44 41 42 44
49
0
43 53 56 54 49 51 53 70 65 47 50 42 53 45 48 37 50 50 48 49
50
0
61 39 47 68 56 50 42 51 52 49 47 52 59 62 59 52 56 41 29 36
51
0
73 48 52 63 30 96 60 51 56 48 67 38 41 49 49 49 51 52 56 35
52
0
44 41 53 49 47 52 56 68 42 46 44 48 41 43 38 47 52 48 34 73
53
0
38 56 48 57 49 62 42 50 43 46 66 53 63 58 43 55 46 53 48 51
54
0
67 58 48 52 46 60 36 56 56 53 29 59 39 73 54 49 39 42 69 53
55
0
50 34 41 51 47 47 55 54 59 41 37 48 41 42 38 68 51 41 44 40
56
0
44 57 53 55 49 53 46 51 38 61 57 53 33 68 43 32 41 46 47 52
57
0
48 37 55 41 56 56 55 38 30 39 36 63 49 41 34 42 59 39 44 30
58
0
40 36 38 68 54 40 64 44 38 41 31 44 43 67 76 46 42 48 48 39
59
0
68 42 55 58 56 51 57 53 43 63 45 52 58 52 38 40 36 49 56 38
60
0
48 58 47 49 61 55 69 41 46 36 69 43 51 37 61 46 79 57 50 53
61
0
52 37 50 66 70 38 65 57 64 64 50 46 57 53 70 45 51 50 51 42
62
0
41 44 40 71 45 49 50 56 40 41 42 41 44 38 53 45 52 61 43 45
63
0
43 50 53 50 56 36 52 47 64 48 38 35 44 61 49 51 46 73 50 48
64
0
51 39 46 58 53 44 53 46 45 48 58 47 30 61 74 39 43 58 44 45
65
0
50 33 50 38 56 53 51 56 43 73 54 34 82 61 48 55 46 47 33 40
66
0
48 55 39 60 44 66 62 36 37 52 50 52 55 60 65 53 51 40 42 48
67
0
46 51 42 52 58 43 66 49 51 49 39 49 66 66 45 36 59 69 40 56
68
0
58 50 52 48 51 41 40 53 57 42 59 51 47 41 60 49 76 52 62 43
69
0
42 42 50 53 46 53 47 42 36 29 39 49 55 34 63 40 54 68 76 55
70
0
58 36 44 54 52 38 75 41 30 54 62 37 55 59 49 62 37 55 51 63
71
0
50 53 35 45 47 52 52 44 48 45 62 52 59 64 46 37 39 59 69 35
72
0
44 55 53 39 45 52 37 50 45 57 57 48 54 50 53 54 56 39 44 42
73
0
82 69 32 42 43 50 56 51 34 44 37 45 47 46 52 38 27 40 67 41
74
0
45 44 50 40 47 33 41 61 65 55 51 49 57 45 63 42 55 66 52 62
75
0
54 40 64 45 47 54 65 37 57 51 55 53 45 66 64 59 50 43 49 69
76
0
56 38 58 45 55 56 56 39 44 43 43 51 53 44 42 41 45 57 50 34
77
0
57 27 30 49 36 51 56 54 49 42 49 72 51 39 63 67 41 61 34 46
78
0
62 33 61 44 50 54 47 33 49 58 37 56 30 47 44 62 48 44 46 54
79
0
49 59 57 43 58 61 61 31 49 62 42 39 60 71 35 54 52 62 48 49
80
0
61 60 49 49 58 61 51 53 51 64 40 44 45 60 39 46 59 53 63 64
81
0
36 65 37 48 33 46 65 51 58 65 31 56 62 45 54 47 57 69 45 51
82
0
56 51 47 39 48 43 49 38 60 55 53 39 26 52 49 46 54 61 50 65
83
0
46 40 55 50 36 58 61 44 47 40 33 42 44 62 64 59 43 44 51 50
84
0
44 38 64 40 44 47 52 39 52 45 35 48 69 40 43 59 45 34 48 47
85
0
47 44 50 45 45 42 55 66 51 52 43 43 50 49 45 67 36 55 32 35
86
0
44 54 37 66 37 39 53 59 45 66 50 56 70 28 46 49 47 49 38 45
87
0
65 51 46 56 39 57 78 70 59 62 75 47 43 36 63 51 63 48 47 48
88
0
56 62 52 53 52 53 55 39 54 60 63 39 54 55 46 58 65 53 26 41
89
0
66 49 60 39 35 61 60 42 64 47 53 55 44 49 52 48 30 68 44 41
90
0
46 55 49 63 38 64 42 51 55 62 49 49 46 46 51 62 54 67 55 45
91
0
44 46 70 44 54 51 36 52 40 56 48 46 45 52 47 36 38 69 38 72
92
0
50 65 50 48 39 49 50 68 48 42 52 38 51 53 51 50 43 58 55 62
93
0
35 48 37 45 52 44 44 58 45 60 28 61 59 66 47 50 59 41 46 51
94
0
32 63 46 46 44 61 42 45 52 59 54 55 28 37 49 49 43 44 50 52
95
0
43 56 35 59 73 64 63 40 60 53 60 39 55 57 44 43 51 41 54 46
96
0
40 40 40 44 51 59 51 42 58 28 57 44 40 50 55 63 52 42 55 57
97
0
46 68 52 49 47 55 59 60 44 47 46 54 64 62 46 40 55 43 49 45
98
0
54 46 67 39 47 29 64 70 40 50 43 44 59 64 61 44 50 55 48 28
99
0
37 54 35 37 59 50 56 46 38 33 55 62 67 42 54 28 39 52 59 49
100
0
55 50 46 42 72 57 59 49 55 39 52 59 50 72 62 61 41 38 47 65
101
0
39 45 49 48 59 48 70 45 50 66 55 55 40 44 50 53 57 44 72 37
102
0
53 52 38 71 45 79 43 48 47 68 62 31 45 59 51 36 44 54 45 50
103
0
41 80 47 45 59 41 49 57 56 45 50 32 45 40 65 55 56 64 67 39
104
0
47 66 56 51 46 57 36 62 44 41 45 64 59 43 62 53 47 54 44 72
105
0
67 67 47 60 44 43 41 49 36 50 49 61 33 49 43 37 51 50 58 49
106
0
60 41 39 49 44 41 52 41 43 37 47 56 46 48 32 64 48 44 55 45
107
0
53 52 43 47 48 41 50 40 48 41 42 40 50 38 47 67 75 41 37 63
108
0
48 66 40 44 49 38 48 45 40 47 57 65 47 55 38 54 52 53 48 65
109
0
33 44 57 42 47 52 55 50 29 38 54 43 47 62 42 55 47 57 51 34
110
0
53 61 52 65 50 51 50 29 56 42 40 38 48 49 54 48 41 33 43 62
111
0
46 50 58 56 43 48 42 43 47 52 30 51 35 43 44 51 60 48 21 45
112
0
57 54 66 44 45 43 52 55 71 42 42 48 60 49 51 66 45 52 68 65
113
0
53 41 62 40 67 44 50 43 63 48 48 60 54 68 43 41 57 67 49 74
114
0
65 57 28 45 47 65 47 33 60 43 70 35 58 31 43 49 52 38 48 54
115
0
48 39 29 36 42 32 76 39 47 44 50 60 35 49 45 74 34 61 63 65
116
0
70 59 52 58 55 45 65 57 39 44 38 46 42 50 54 51 50 35 48 59
117
0
55 28 53 50 44 51 67 55 50 45 75 55 32 68 51 74 55 51 52 57
118
0
40 62 54 42 61 68 51 69 42 42 55 39 53 56 46 42 38 47 42 74
119
0
42 64 46 59 55 52 61 49 42 44 52 46 39 36 50 71 42 64 56 60
120
0
42 41 43 50 39 44 60 56 29 58 43 63 56 61 44 43 48 58 45 51
121
0
64 50 69 38 43 56 35 50 70 78 54 48 70 45 44 32 52 54 78 51
122
0
41 49 53 66 57 61 58 63 45 36 32 48 46 48 50 40 27 51 55 53
123
0
51 46 44 55 55 51 54 47 39 34 49 41 56 52 52 49 49 56 30 51
124
0
59 60 54 66 53 69 47 25 55 69 60 47 49 41 69 56 51 48 54 45
125
0
47 47 46 60 63 53 27 50 48 51 57 43 54 64 74 43 52 50 45 46
126
0
37 34 47 43 39 37 54 39 41 56 58 51 47 54 50 54 68 53 52 56
127
0
47 41 49 50 39 57 39 45 48 71 51 49 54 35 50 69 52 50 43 25
128
0
56 27 46 41 46 33 57 57 47 59 47 65 44 62 61 45 58 49 66 54
129
0
52 60 44 47 35 46 49 49 61 46 48 49 63 66 63 46 44 57 43 69
130
0
57 54 45 43 40 62 48 42 55 45 59 41 55 57 55 45 49 56 57 53
131
0
61 57 40 53 56 46 36 57 44 64 42 53 32 35 45 42 58 44 55 45
132
0
41 42 38 56 52 51 43 59 60 68 58 60 52 69 59 54 45 48 73 31
133
0
71 52 36 45 49 41 47 55 46 53 53 46 41 45 60 45 37 33 65 57
134
0
66 62 78 38 40 43 54 54 69 45 58 58 43 55 59 41 43 53 45 46
135
0
59 51 77 43 53 48 61 60 63 51 48 54 42 53 32 54 70 53 48 51
136
0
50 58 49 66 51 52 47 42 53 49 45 59 59 44 34 52 60 70 51 52
137
0
37 32 53 65 60 49 45 56 36 59 50 54 42 42 47 43 71 52 48 52
138
0
47 46 40 54 57 54 60 46 53 59 54 54 63 44 57 54 47 54 45 42
139
0
38 46 62 44 40 46 36 39 50 25 47 47 56 39 53 42 69 57 47 48
140
0
63 67 49 43 64 58 58 33 26 53 47 37 50 40 48 51 38 37 62 52
141
0
47 63 56 42 52 56 46 44 49 33 48 67 56 49 39 64 50 56 51 43
142
0
54 58 68 41 53 61 31 50 63 54 36 51 47 45 60 54 36 61 44 43
143
0
47 40 52 57 54 44 51 63 53 51 52 36 57 34 37 40 70 42 63 33
144
0
44 47 58 55 45 43 63 51 47 44 50 46 48 41 62 39 35 54 43 32
145
0
42 58 50 50 36 56 39 50 58 54 43 38 45 48 44 52 52 60 50 53
146
0
57 55 45 59 53 45 53 52 52 49 53 46 51 52 49 78 40 48 59 50
147
0
61 46 69 56 46 53 52 39 41 55 56 50 55 43 59 46 45 41 41 52
148
0
51 42 47 62 60 42 36 65 49 64 48 42 54 50 45 50 46 62 46 56
149
0
75 70 45 44 72 54 30 42 62 55 57 62 44 41 27 49 49 60 55 49
150
0
49 47 44 53 46 25 37 60 52 46 77 35 50 58 58 49 46 41 50 51
151
0
36 58 63 49 45 31 48 59 45 53 49 45 46 41 63 50 48 30 35 39
152
0
37 55 43 32 35 50 43 50 47 39 51 57 53 51 44 64 64 52 59 65
153
0
52 76 64 52 41 48 37 37 43 40 50 72 30 51 47 49 63 43 42 46
154
0
52 47 57 53 60 34 71 49 37 33 55 53 55 67 49 86 52 42 42 40
155
0
64 53 68 61 38 63 49 52 56 42 37 58 39 70 57 60 44 55 49 54
156
0
51 64 66 41 49 43 61 35 80 46 43 33 45 43 53 28 56 47 51 67
157
0
51 54 55 67 49 56 47 63 42 58 61 48 48 79 57 32 33 62 65 58
158
0
57 45 33 42 35 37 43 44 32 39 66 47 61 56 53 47 38 45 50 53
159
0
48 47 50 45 50 56 70 65 46 35 58 52 44 51 61 49 55 45 41 37
160
0
32 58 38 38 64 52 59 53 55 69 50 42 49 49 28 56 43 65 49 64
161
0
48 42 58 29 52 47 54 37 39 56 59 37 61 59 50 54 53 55 43 83
162
0
38 49 32 73 45 62 40 43 35 53 55 50 51 50 47 30 46 54 31 57
163
0
55 55 60 56 42 65 67 61 27 64 52 43 69 68 56 56 52 37 49 43
164
0
49 46 40 42 47 45 54 44 50 61 46 62 41 36 45 73 45 51 47 44
165
0
53 50 42 41 62 54 52 54 33 67 55 36 61 64 51 62 46 61 57 43
166
0
60 61 56 44 49 53 40 41 51 49 53 56 61 58 35 53 57 38 49 49
167
0
59 40 54 53 49 42 35 42 49 45 31 72 41 42 63 46 51 55 53 74
168
0
42 45 30 36 41 36 49 45 26 45 45 53 41 43 44 59 56 66 58 42
169
0
44 50 56 57 56 39 50 55 34 58 81 68 63 51 70 32 42 51 46 71
170
0
40 46 67 54 41 46 48 54 56 45 50 47 52 38 65 41 49 53 76 55
171
0
52 50 45 48 62 54 43 74 49 43 53 43 50 39 42 57 57 45 48 55
172
0
57 61 55 64 49 43 62 40 59 44 63 57 35 45 62 50 44 51 48 53
173
0
67 52 36 45 52 62 30 64 48 39 48 53 38 33 39 47 66 59 41 36
174
0
57 63 48 57 65 58 38 41 55 58 42 30 55 41 62 50 31 48 51 52
175
0
43 36 40 67 53 44 71 75 45 36 62 47 32 57 47 33 50 32 54 48
176
0
62 48 49 52 40 76 47 51 50 47 64 54 44 51 57 48 48 55 54 44
177
0
57 56 40 38 49 49 50 37 55 52 36 55 58 41 56 44 45 54 54 56
178
0
49 52 36 33 36 64 53 34 55 58 39 36 41 49 60 60 40 52 55 49
179
0
45 36 38 47 41 37 48 47 32 43 49 52 41 49 52 54 69 33 58 31
180
0
58 51 58 58 45 39 50 39 62 57 71 57 63 51 39 56 41 53 69 59
181
0
55 55 55 45 48 57 44 48 47 52 60 52 52 69 48 45 43 60 47 75
182
0
42 54 64 56 42 53 46 61 42 54 66 51 50 49 63 47 59 49 46 34
183
0
54 54 43 44 59 41 45 52 30 48 67 52 44 68 47 41 55 45 43 53
184
0
52 40 49 49 78 50 40 42 36 61 48 41 53 57 57 51 41 59 57 54
185
0
57 65 74 47 56 42 52 62 55 43 47 35 57 40 52 62 55 57 41 38
186
0
54 53 42 57 58 47 64 53 50 44 49 55 57 44 39 57 34 55 53 34
187
0
62 48 36 38 67 41 53 39 38 37 49 51 40 61 57 51 43 48 41 44
188
0
44 56 47 55 52 39 55 53 35 45 35 48 44 58 52 49 49 59 74 51
189
0
58 43 48 38 61 44 63 36 47 37 42 39 44 49 56 37 60 47 37 39
190
0
39 61 46 57 45 44 36 51 68 46 44 43 43 43 46 51 57 40 42 67
191
0
64 37 39 35 48 54 45 37 55 56 47 47 61 44 57 62 58 67 55 48
192
0
53 39 64 52 50 55 53 55 43 37 64 35 44 39 71 55 45 25 38 59
193
0
55 53 44 50 71 52 36 48 40 47 41 47 59 56 44 59 40 41 42 53
194
0
50 79 45 45 40 61 51 51 66 44 47 48 63 61 46 62 53 49 55 32
195
0
71 52 63 47 49 58 45 37 47 36 57 43 38 36 29 40 49 44 54 25
196
0
43 46 62 39 54 37 55 56 55 68 43 38 48 35 72 54 55 48 55 57
197
0
33 57 42 46 76 38 59 41 32 43 59 61 46 52 55 43 65 50 60 64
198
0
48 60 49 43 65 57 53 43 43 52 47 56 56 64 44 36 36 37 41 57
199
0
53 63 54 45 55 63 53 41 49 44 45 42 57 60 34 57 43 40 33 51
