50
20
817631
0
0
40 35 35 37 36 34 35 37 36 34 33 36 34 36 38 35 37 34 40 33
1
0
48 51 48 46 47 48 45 52 46 50 54 50 48 47 48 44 47 52 50 50
2
0
24 23 25 26 23 26 23 25 23 24 29 23 27 26 21 23 23 25 26 27
3
0
40 42 39 36 41 41 37 39 41 40 45 38 41 40 38 41 38 46 40 41
4
0
36 38 40 36 40 39 39 39 41 38 39 40 37 37 37 37 38 39 41 39
5
0
55 59 54 56 56 57 61 55 54 58 58 52 55 53 59 56 56 57 53 52
6
0
57 60 55 57 62 62 61 58 59 61 60 58 59 61 58 56 58 60 61 61
7
0
50 52 52 55 52 54 54 55 54 52 55 54 55 52 56 56 53 57 52 53
8
0
42 44 44 42 44 47 45 43 41 46 45 42 42 44 44 45 46 44 45 44
9
0
38 35 36 36 37 41 35 38 37 38 32 38 35 38 33 39 35 33 36 36
10
0
55 57 54 54 58 54 57 56 55 56 58 56 58 56 57 57 58 56 55 54
11
0
52 49 49 50 51 47 46 47 50 51 51 51 52 51 49 52 49 49 51 53
12
0
45 47 40 40 43 40 44 44 46 43 39 43 43 41 41 45 42 42 42 43
13
0
45 42 42 44 44 43 38 41 44 47 40 42 40 41 40 42 44 41 45 40
14
0
35 31 34 35 33 35 36 32 32 33 33 36 30 33 34 34 34 32 34 31
15
0
53 53 52 51 48 51 50 51 52 52 50 51 50 44 46 51 50 48 50 52
16
0
58 59 59 63 62 63 62 61 62 63 61 61 60 58 61 64 60 59 59 59
17
0
42 38 39 43 39 38 41 44 40 36 42 40 38 42 35 40 40 38 42 40
18
0
55 51 52 50 52 55 55 49 53 53 50 52 49 57 55 51 49 55 57 51
19
0
43 41 44 41 38 40 43 40 41 46 45 40 43 41 38 40 39 43 41 42
20
0
45 44 46 48 45 45 47 47 46 47 50 42 44 45 44 48 46 43 42 41
21
0
62 57 59 61 60 61 62 62 60 56 66 59 64 61 64 61 61 60 58 63
22
0
54 53 52 50 51 54 55 56 60 57 56 53 52 54 54 53 58 52 53 53
23
0
37 38 40 36 39 41 41 40 41 38 42 40 39 44 40 42 37 36 43 41
24
0
37 36 35 38 37 37 32 35 34 32 38 37 35 36 35 35 34 33 34 34
25
0
62 62 63 66 64 65 63 60 61 63 65 57 67 59 62 65 65 60 64 57
26
0
53 54 54 52 52 55 52 53 53 54 53 54 53 55 55 54 53 52 55 51
27
0
64 61 55 65 62 57 63 61 60 62 63 66 62 60 61 61 63 59 56 57
28
0
29 28 30 28 31 32 29 28 31 30 29 30 29 29 30 30 27 31 30 33
29
0
48 51 47 54 54 51 50 50 53 50 49 53 53 55 53 50 50 51 50 52
30
0
44 41 43 42 43 44 44 43 43 40 41 46 40 41 43 43 43 41 43 42
31
0
55 56 51 60 58 57 56 57 52 56 58 54 56 54 54 58 57 57 55 54
32
0
48 49 51 48 48 46 47 49 45 45 45 46 48 45 45 47 45 49 49 43
33
0
58 55 56 60 63 57 58 59 56 56 56 59 56 56 53 60 55 55 61 58
34
0
50 48 49 48 46 46 47 46 46 50 46 44 49 49 51 43 47 48 51 49
35
0
48 50 51 50 49 50 51 50 49 51 49 48 47 50 44 49 46 51 49 48
36
0
53 53 56 56 55 57 55 52 58 58 57 54 54 55 59 57 54 53 59 54
37
0
43 43 47 46 46 40 44 43 46 44 44 46 49 45 44 44 47 46 47 42
38
0
37 37 33 36 38 36 35 39 33 38 40 37 37 37 37 37 35 35 35 34
39
0
46 44 43 43 45 42 44 41 45 44 43 40 44 45 44 46 41 43 42 46
40
0
55 58 56 51 54 52 57 55 54 56 54 53 52 53 48 52 55 50 53 53
41
0
54 53 55 57 58 53 55 56 53 56 54 55 57 55 55 55 54 51 54 56
42
0
59 61 63 60 58 60 60 61 60 60 59 56 62 68 63 60 60 61 57 62
43
0
40 36 37 35 40 39 37 38 38 38 38 36 39 36 39 40 36 38 38 35
44
0
50 53 47 51 50 53 50 49 52 51 49 51 53 48 49 51 55 50 52 50
45
0
40 45 37 41 45 42 44 40 39 40 41 41 38 40 37 42 41 43 38 40
46
0
64 64 63 60 67 65 58 59 62 62 64 61 60 61 62 59 58 64 60 61
47
0
58 59 58 60 59 58 53 54 54 57 59 58 56 57 60 58 56 58 56 54
48
0
45 46 43 48 43 45 47 46 45 45 50 43 45 45 44 42 45 45 47 43
49
0
52 50 54 53 50 53 56 51 53 49 53 52 56 49 53 50 53 53 51 50
