100
5
936207
0
0
46 49 63 46 49
1
0
49 50 62 49 52
2
0
48 47 64 48 49
3
0
46 54 56 47 53
4
0
45 48 62 47 44
5
0
47 49 62 49 49
6
0
51 47 59 48 49
7
0
46 48 60 48 54
8
0
48 50 59 44 56
9
0
45 51 57 46 54
10
0
45 49 61 46 53
11
0
47 49 60 49 53
12
0
46 49 65 49 51
13
0
49 50 63 45 57
14
0
44 49 64 52 50
15
0
51 52 59 48 48
16
0
49 47 64 45 53
17
0
49 51 61 51 49
18
0
49 49 60 48 53
19
0
46 51 62 47 53
20
0
48 48 63 47 49
21
0
47 53 60 46 53
22
0
44 48 65 52 52
23
0
52 48 62 53 50
24
0
47 47 64 47 48
25
0
49 50 65 47 52
26
0
50 51 58 50 53
27
0
46 49 56 46 49
28
0
47 49 58 47 52
29
0
48 51 63 45 52
30
0
46 46 59 47 46
31
0
49 50 64 45 50
32
0
48 50 58 49 56
33
0
49 48 61 47 53
34
0
46 48 64 50 49
35
0
49 51 64 49 47
36
0
47 48 63 45 52
37
0
48 50 64 51 51
38
0
51 52 59 46 53
39
0
46 50 58 44 49
40
0
45 51 62 46 53
41
0
52 50 67 47 52
42
0
52 50 65 49 52
43
0
47 55 63 46 54
44
0
46 49 63 49 51
45
0
47 47 60 47 52
46
0
51 49 61 45 54
47
0
44 48 57 50 52
48
0
48 50 59 47 54
49
0
51 49 61 46 52
50
0
52 49 60 49 49
51
0
48 52 60 48 52
52
0
46 52 64 46 52
53
0
46 48 65 51 49
54
0
48 53 59 48 52
55
0
46 50 61 47 48
56
0
48 49 61 49 48
57
0
49 51 58 49 51
58
0
44 50 64 46 53
59
0
46 49 59 45 51
60
0
53 47 63 51 49
61
0
51 52 57 50 51
62
0
46 51 64 44 52
63
0
48 49 58 43 54
64
0
48 49 65 48 55
65
0
46 52 64 49 48
66
0
49 50 63 49 50
67
0
49 52 63 45 50
68
0
47 51 63 48 52
69
0
52 50 62 48 50
70
0
48 46 65 50 53
71
0
49 47 63 47 52
72
0
44 44 64 50 46
73
0
45 47 64 48 51
74
0
44 46 61 50 51
75
0
51 48 59 44 47
76
0
46 49 61 48 50
77
0
47 48 62 48 54
78
0
49 50 58 46 52
79
0
46 47 65 51 49
80
0
50 46 64 53 49
81
0
47 45 63 47 50
82
0
47 50 60 48 52
83
0
47 46 63 46 54
84
0
47 48 60 46 54
85
0
47 47 63 50 50
86
0
47 50 64 47 52
87
0
46 47 59 46 50
88
0
48 48 62 48 51
89
0
50 52 59 45 53
90
0
49 49 61 53 51
91
0
49 48 64 47 48
92
0
47 49 57 47 50
93
0
45 48 65 47 51
94
0
45 50 64 46 51
95
0
46 50 59 52 51
96
0
46 52 64 49 47
97
0
48 45 61 50 53
98
0
50 48 65 49 51
99
0
46 49 63 51 51
