20
20
537966
0
0
47 52 50 55 74 47 60 67 64 54 46 42 32 39 37 36 62 57 51 40
1
0
46 53 48 52 74 51 56 66 64 54 47 40 38 39 37 39 55 55 53 34
2
0
48 58 50 50 71 51 57 59 63 60 46 40 38 41 38 36 61 60 51 36
3
0
48 56 47 51 68 50 54 65 61 59 44 44 33 40 37 39 62 62 51 39
4
0
46 56 48 51 68 47 57 68 65 55 45 45 32 39 32 37 61 56 52 38
5
0
46 52 50 51 71 48 56 66 63 58 45 39 35 43 34 36 63 60 50 41
6
0
52 53 50 48 69 48 58 67 63 60 47 43 34 39 38 40 63 56 53 40
7
0
44 57 50 50 75 49 59 67 62 56 44 39 33 41 40 40 67 57 52 38
8
0
45 59 48 50 68 53 56 63 65 55 47 37 36 38 33 38 58 56 49 36
9
0
44 52 49 50 68 49 56 64 66 59 47 44 35 37 38 39 61 58 53 41
10
0
40 56 51 52 70 49 62 63 63 57 45 41 35 40 35 37 61 58 48 40
11
0
48 52 51 51 67 48 59 65 64 58 42 43 35 39 40 37 61 57 56 39
12
0
42 55 45 49 71 48 57 65 65 55 49 41 36 38 38 42 54 51 53 41
13
0
46 54 51 49 73 46 58 65 64 55 44 41 37 42 37 37 62 58 52 36
14
0
43 56 51 52 71 50 54 63 64 54 48 42 33 41 36 36 62 57 52 38
15
0
48 53 48 51 75 48 55 62 64 61 48 39 34 40 37 37 57 56 53 40
16
0
47 52 50 50 73 50 56 62 60 58 48 39 36 39 35 37 59 57 50 40
17
0
46 54 51 49 70 46 55 63 62 55 44 45 37 42 39 38 57 60 54 38
18
0
45 58 52 49 73 48 58 67 62 59 48 43 31 41 33 37 59 56 50 39
19
0
44 56 56 49 71 48 54 61 62 58 44 41 35 42 36 39 58 59 54 38
