100
20
497127
0
0
55 67 58 50 45 46 69 48 49 45 62 47 48 50 33 75 56 45 51 52
1
0
60 60 53 46 51 49 63 46 52 42 56 46 46 44 31 74 59 45 47 56
2
0
61 69 61 52 47 46 70 48 50 45 61 49 50 43 32 81 57 47 50 50
3
0
57 69 55 51 49 43 70 47 55 45 59 44 50 47 32 79 57 44 50 53
4
0
61 62 57 52 49 51 71 46 51 45 60 46 52 48 33 78 59 45 48 47
5
0
55 68 53 49 54 48 72 47 53 43 64 51 48 50 30 72 58 46 49 56
6
0
59 70 56 53 47 46 67 45 52 44 63 47 47 49 31 76 57 47 48 51
7
0
59 66 56 50 49 50 68 47 49 45 64 48 49 46 36 75 57 44 41 49
8
0
54 64 54 49 47 45 69 49 50 44 60 50 46 51 30 73 64 43 48 53
9
0
61 67 56 50 48 45 67 49 50 45 61 46 50 47 31 78 56 50 46 52
10
0
57 63 58 55 49 47 67 51 50 48 60 45 49 49 32 79 56 50 46 54
11
0
57 64 59 51 51 46 70 46 54 49 59 48 47 48 32 78 57 47 44 53
12
0
59 67 57 51 52 46 69 50 54 46 61 48 45 48 30 77 56 45 47 57
13
0
63 65 56 50 48 46 67 45 57 43 62 50 50 46 30 75 59 49 45 54
14
0
61 61 57 49 48 47 68 51 53 45 59 48 47 51 31 78 60 44 46 52
15
0
59 69 56 53 51 49 66 54 50 48 58 49 48 53 31 76 59 46 44 53
16
0
54 70 55 47 47 50 67 48 49 46 60 50 46 49 30 77 57 44 48 51
17
0
58 67 56 47 49 47 71 48 54 45 60 45 46 48 29 74 58 47 47 52
18
0
56 71 58 50 51 45 70 46 54 43 58 49 49 46 31 81 59 48 47 52
19
0
59 68 54 52 50 45 68 49 53 46 60 49 50 48 30 75 56 47 50 49
20
0
58 66 57 51 48 47 69 53 53 47 58 46 53 49 33 79 57 48 51 50
21
0
58 67 52 53 49 47 67 50 56 43 59 51 48 47 30 75 57 49 50 52
22
0
58 72 54 47 50 47 70 51 51 42 62 47 52 48 34 73 59 50 47 52
23
0
58 65 56 48 51 47 65 46 51 47 61 45 48 47 31 75 61 48 49 52
24
0
54 69 53 53 49 45 70 48 49 48 63 48 47 50 32 79 62 46 46 55
25
0
57 71 60 50 46 43 67 47 53 46 60 43 52 49 33 75 60 49 49 48
26
0
58 69 57 50 54 52 66 44 53 44 62 47 47 50 34 76 55 48 45 52
27
0
56 67 52 53 49 44 68 49 53 46 59 46 52 46 36 80 61 48 50 51
28
0
52 68 57 50 46 47 69 50 55 42 63 45 52 47 32 83 55 48 50 51
29
0
58 67 57 48 51 46 69 49 54 47 64 48 50 50 34 77 59 48 47 53
30
0
58 71 59 49 49 40 74 49 54 44 65 44 51 47 32 80 59 45 47 52
31
0
56 67 57 48 49 47 68 46 51 43 59 49 51 53 32 72 57 47 47 54
32
0
59 68 57 53 48 44 71 46 52 46 61 46 50 49 29 78 62 49 48 51
33
0
55 64 53 48 50 43 69 52 52 45 64 47 50 47 34 78 63 50 51 53
34
0
59 66 56 52 50 50 67 46 54 41 58 46 50 56 32 75 57 51 45 54
35
0
55 64 54 53 48 48 71 47 50 44 57 48 49 48 32 77 58 47 48 53
36
0
57 70 56 45 47 45 67 48 54 50 56 46 50 51 32 74 56 44 50 51
37
0
54 67 54 49 50 44 69 45 52 47 57 46 49 45 35 76 63 44 48 53
38
0
59 63 59 48 50 50 67 50 51 46 61 46 47 47 33 76 59 49 43 54
39
0
61 66 57 50 48 46 71 48 50 45 57 46 47 48 30 77 55 51 49 51
40
0
55 66 56 52 49 45 68 48 51 47 57 48 50 47 29 72 56 46 45 50
41
0
60 70 56 54 51 46 69 46 49 44 58 48 48 44 33 74 57 47 43 53
42
0
61 67 57 47 48 48 68 49 54 44 60 45 50 50 33 75 55 49 45 52
43
0
57 69 56 49 44 45 67 54 53 43 59 44 47 45 32 76 57 51 47 51
44
0
60 66 52 52 45 51 70 45 56 45 62 44 49 47 34 79 60 46 48 55
45
0
58 69 55 49 50 47 71 50 49 41 59 44 48 48 33 76 56 46 47 50
46
0
58 66 56 50 49 43 66 50 51 49 63 49 52 45 31 78 54 48 48 54
47
0
55 67 58 52 50 46 72 45 53 45 64 48 49 50 32 81 58 49 46 50
48
0
55 63 54 49 48 45 65 51 50 45 60 48 50 46 31 74 57 47 50 51
49
0
61 63 58 51 46 43 71 47 49 44 59 45 50 42 30 73 54 48 49 50
50
0
54 64 60 48 47 44 69 49 56 46 61 48 48 49 34 74 54 48 47 48
51
0
59 67 57 49 47 50 70 47 52 45 61 46 47 47 30 72 55 48 48 53
52
0
60 66 58 54 50 47 68 45 56 44 57 49 52 51 30 76 58 49 48 54
53
0
55 65 55 50 46 43 71 48 54 43 60 50 53 49 33 77 60 45 49 52
54
0
59 71 57 51 48 43 67 49 54 49 60 43 47 47 33 78 57 45 44 50
55
0
57 67 55 48 52 42 65 47 56 46 59 47 51 48 33 80 62 47 48 52
56
0
56 65 57 54 51 46 68 48 54 47 63 47 50 50 39 78 62 48 47 55
57
0
56 64 52 53 48 48 66 49 53 49 62 49 50 51 35 75 56 48 49 49
58
0
55 68 56 50 46 51 68 46 52 43 64 43 50 48 33 70 60 45 50 53
59
0
57 72 61 50 47 45 67 42 52 46 61 47 45 47 33 81 53 48 47 53
60
0
58 69 55 51 49 45 70 47 50 44 54 48 49 49 30 78 58 47 49 52
61
0
62 63 54 53 56 46 66 47 51 46 60 49 50 46 32 74 54 47 51 54
62
0
57 64 56 49 49 49 66 44 51 44 59 47 49 50 34 76 56 44 46 52
63
0
57 75 55 52 50 51 69 45 50 47 62 49 49 49 31 77 56 45 47 53
64
0
57 67 58 50 50 46 73 50 56 44 59 47 48 50 32 75 56 47 45 51
65
0
57 65 55 52 46 48 65 46 52 42 63 50 50 44 33 81 59 45 45 55
66
0
58 69 55 52 49 41 71 51 53 44 60 48 51 48 30 76 61 45 49 53
67
0
56 69 55 49 47 46 68 48 54 45 60 45 50 46 32 76 61 51 51 49
68
0
54 66 58 48 47 46 66 53 52 47 58 47 48 46 31 77 57 49 47 54
69
0
58 70 57 50 47 48 72 48 54 43 57 46 47 46 30 77 62 46 52 55
70
0
61 66 54 52 49 42 74 44 49 46 58 49 53 46 33 81 61 44 45 54
71
0
58 67 57 49 48 43 67 44 55 43 62 44 45 49 33 79 56 45 47 52
72
0
55 70 54 49 47 45 64 47 51 46 62 46 46 49 31 72 58 47 49 54
73
0
57 68 56 52 45 49 69 48 55 48 61 46 48 44 33 75 53 48 51 50
74
0
57 64 54 55 49 42 69 50 52 42 56 46 52 52 30 74 58 50 46 50
75
0
56 66 55 53 50 45 67 49 55 43 60 46 48 47 33 74 57 45 52 52
76
0
55 70 57 54 51 46 72 50 51 42 61 49 50 47 33 76 54 49 48 55
77
0
59 66 54 56 48 43 68 49 54 44 58 45 49 49 33 78 58 50 50 56
78
0
56 65 60 53 50 47 71 50 54 47 58 49 51 48 29 82 54 46 45 55
79
0
57 68 57 53 52 47 65 47 54 46 58 44 52 45 31 72 60 47 44 50
80
0
56 64 56 54 49 43 72 52 54 49 58 48 50 49 32 76 57 48 48 57
81
0
52 65 55 52 49 46 70 46 53 45 60 45 51 50 35 73 60 47 46 50
82
0
57 70 54 52 49 46 69 46 50 45 62 48 46 50 31 74 61 50 48 53
83
0
54 69 55 52 48 44 69 45 53 47 62 50 47 49 29 78 58 47 48 51
84
0
54 67 57 49 48 47 66 51 54 44 61 49 47 48 32 75 60 46 46 51
85
0
55 66 54 51 49 48 66 48 51 44 57 46 52 47 35 76 59 46 45 53
86
0
57 68 56 53 50 44 68 47 52 48 60 45 44 51 35 78 63 47 47 51
87
0
55 69 53 53 47 45 67 49 50 49 58 50 50 48 32 77 61 48 49 52
88
0
54 66 55 51 48 49 71 46 55 47 58 45 52 46 35 79 58 43 46 48
89
0
57 64 53 50 46 46 70 46 53 48 65 48 48 46 31 77 57 47 44 53
90
0
58 68 55 52 46 46 71 50 50 42 65 47 48 43 30 75 58 46 45 51
91
0
58 73 54 54 47 48 73 47 55 47 61 46 51 49 32 74 60 46 47 55
92
0
58 71 55 49 45 48 70 48 55 44 64 47 50 50 32 69 61 46 42 54
93
0
55 74 59 48 48 47 69 44 51 44 62 44 47 51 33 79 55 50 46 54
94
0
56 68 54 51 52 45 73 49 53 45 58 46 50 45 33 81 55 47 47 54
95
0
57 66 56 55 50 45 67 48 57 46 63 41 47 48 29 79 57 46 45 54
96
0
55 67 57 58 46 49 69 45 53 47 63 48 51 50 32 78 59 45 50 51
97
0
54 68 54 52 50 44 67 47 53 43 59 47 50 50 31 79 54 46 47 49
98
0
57 67 56 51 51 46 67 46 55 50 56 49 50 48 35 79 59 49 49 50
99
0
55 69 54 54 49 50 68 46 54 46 61 46 45 52 32 69 56 46 52 54
