200
10
648176
0
0
73 73 72 66 68 72 71 70 72 71
1
0
69 64 72 63 61 64 65 65 66 62
2
0
36 37 39 37 38 34 36 34 34 37
3
0
49 53 50 53 51 48 54 51 52 53
4
0
36 36 40 37 39 35 34 37 38 35
5
0
50 47 48 52 52 52 48 52 51 50
6
0
51 55 53 51 57 50 53 52 54 52
7
0
42 41 41 45 45 38 41 42 41 40
8
0
49 45 46 44 45 45 47 49 47 46
9
0
58 52 54 56 53 55 52 55 54 57
10
0
37 41 37 36 37 38 38 35 38 36
11
0
52 49 49 47 48 49 48 50 51 47
12
0
39 43 43 40 40 39 38 40 38 41
13
0
49 50 48 47 45 46 45 46 46 42
14
0
62 60 69 69 64 61 58 60 58 62
15
0
43 45 44 43 43 43 44 47 42 40
16
0
48 46 45 47 44 50 45 46 47 46
17
0
42 43 42 38 43 41 40 38 40 36
18
0
48 50 50 54 52 49 49 52 50 51
19
0
55 60 57 57 60 58 54 54 58 58
20
0
37 42 37 43 42 40 42 41 38 42
21
0
39 41 39 38 39 42 40 38 37 38
22
0
60 60 59 56 57 56 60 57 62 59
23
0
54 56 63 57 57 55 56 55 58 60
24
0
49 44 43 49 45 48 45 42 46 43
25
0
60 60 60 62 59 57 59 61 59 58
26
0
42 42 43 37 39 45 39 41 40 43
27
0
53 60 59 56 59 58 52 58 59 60
28
0
51 53 54 51 52 50 54 54 52 50
29
0
35 36 37 36 37 36 37 35 33 39
30
0
48 50 48 49 46 51 49 54 46 53
31
0
51 56 54 57 57 56 53 58 54 54
32
0
59 55 54 58 56 60 55 54 58 58
33
0
46 46 44 47 49 45 49 48 53 52
34
0
50 51 49 45 43 46 45 45 47 49
35
0
82 77 77 81 77 82 81 83 81 75
36
0
41 40 41 38 41 41 38 39 40 41
37
0
61 57 64 61 61 58 61 59 59 60
38
0
36 39 37 37 37 38 37 35 40 36
39
0
61 58 66 58 62 57 58 56 60 63
40
0
47 49 53 49 52 51 51 49 54 49
41
0
52 50 45 53 56 50 50 50 47 52
42
0
54 51 58 55 51 53 53 48 55 49
43
0
44 43 40 45 40 43 46 41 43 46
44
0
49 46 47 44 46 45 47 45 48 49
45
0
62 64 60 63 61 64 61 60 61 63
46
0
41 37 38 41 38 36 39 37 41 35
47
0
53 51 52 53 52 52 52 51 52 53
48
0
53 56 56 55 52 53 54 51 52 50
49
0
45 46 45 50 46 47 49 49 47 50
50
0
45 46 41 37 46 41 47 43 43 43
51
0
45 42 48 40 45 46 49 50 43 47
52
0
47 46 49 44 47 45 46 42 45 41
53
0
60 62 62 63 66 68 67 65 66 60
54
0
86 84 82 82 83 83 88 80 83 87
55
0
51 51 51 55 55 56 55 55 55 55
56
0
43 45 42 42 42 44 46 44 44 40
57
0
33 36 32 37 33 35 35 38 34 36
58
0
44 44 45 42 42 42 44 46 43 43
59
0
50 54 49 48 50 51 48 49 53 52
60
0
60 54 55 54 56 55 55 54 52 54
61
0
42 40 43 40 41 42 42 40 41 37
62
0
49 52 51 47 53 51 55 53 54 53
63
0
48 56 50 53 51 51 50 53 54 56
64
0
49 53 51 53 49 55 53 53 48 51
65
0
33 32 30 31 35 30 31 29 35 31
66
0
41 43 43 44 45 45 41 47 43 45
67
0
54 46 49 50 53 53 48 51 48 50
68
0
46 41 43 43 46 46 46 46 44 42
69
0
52 52 49 51 49 51 47 49 51 56
70
0
64 60 67 61 62 61 58 59 58 66
71
0
40 42 37 39 41 42 41 40 38 40
72
0
42 44 44 42 40 44 40 44 42 42
73
0
31 31 37 32 32 33 31 33 32 31
74
0
63 57 61 60 61 62 64 61 58 61
75
0
47 51 49 48 53 52 49 48 48 53
76
0
43 50 50 47 50 48 46 48 50 48
77
0
67 64 64 68 69 68 65 67 61 66
78
0
47 48 47 47 49 46 48 46 44 46
79
0
47 45 47 49 45 49 44 48 49 48
80
0
56 57 58 58 56 54 58 54 56 55
81
0
34 35 36 39 37 37 38 38 38 39
82
0
46 42 46 46 45 46 46 48 43 46
83
0
48 46 49 50 46 49 48 49 46 48
84
0
52 54 51 52 52 51 54 52 53 51
85
0
47 43 41 48 39 43 40 43 43 40
86
0
49 46 49 49 45 48 47 48 48 47
87
0
39 39 42 40 38 41 38 39 38 38
88
0
74 71 72 72 73 75 72 73 73 74
89
0
55 58 56 61 57 55 57 53 59 58
90
0
42 43 45 47 41 44 40 44 43 41
91
0
60 57 63 60 60 58 57 55 57 62
92
0
60 64 64 65 62 60 62 62 65 63
93
0
50 55 55 51 52 51 50 49 51 48
94
0
52 48 47 51 49 51 49 46 50 45
95
0
49 53 55 50 50 49 53 54 51 50
96
0
57 59 52 58 56 56 50 57 59 60
97
0
49 48 52 49 48 48 47 46 49 48
98
0
52 49 50 49 49 55 50 51 51 53
99
0
64 66 62 59 61 67 66 58 63 58
100
0
51 52 53 52 53 53 58 53 51 52
101
0
44 41 44 41 39 41 42 41 40 42
102
0
43 41 42 47 45 42 46 47 43 46
103
0
45 46 44 49 49 41 43 44 44 44
104
0
43 42 40 42 40 45 39 41 41 39
105
0
56 54 54 51 53 48 55 52 47 49
106
0
53 55 56 52 54 57 53 54 54 55
107
0
38 38 40 38 37 38 37 37 37 35
108
0
52 49 50 48 46 48 50 43 49 47
109
0
48 47 50 52 50 52 52 48 47 52
110
0
38 40 42 37 40 40 39 40 43 40
111
0
49 45 47 42 46 47 47 46 48 47
112
0
78 73 75 74 74 75 75 69 75 72
113
0
44 47 49 45 48 45 44 46 48 48
114
0
45 43 44 46 47 41 46 43 47 43
115
0
54 56 52 52 53 53 50 52 59 50
116
0
52 53 51 48 47 51 50 48 51 52
117
0
47 51 46 51 49 56 54 50 51 52
118
0
53 52 48 53 49 47 50 47 53 48
119
0
50 49 49 50 47 48 48 51 47 50
120
0
49 50 52 50 51 51 52 53 47 52
121
0
57 59 59 61 60 58 54 60 56 61
122
0
47 47 51 51 52 47 48 51 49 49
123
0
44 42 41 43 43 46 43 44 39 44
124
0
40 41 42 39 39 40 40 42 40 39
125
0
32 35 32 36 38 34 37 35 33 39
126
0
51 54 52 59 57 56 53 57 53 53
127
0
83 83 80 76 75 86 80 79 82 81
128
0
54 56 55 56 56 54 54 58 54 63
129
0
56 53 56 53 50 56 56 53 55 50
130
0
51 57 57 61 57 58 59 56 57 63
131
0
33 32 32 28 33 33 29 30 32 31
132
0
48 50 51 48 46 50 45 48 49 46
133
0
55 54 57 56 56 54 50 54 55 56
134
0
43 41 41 39 41 43 38 40 42 42
135
0
49 52 53 47 45 51 51 54 53 53
136
0
46 51 49 51 50 52 52 54 49 50
137
0
49 49 52 48 51 52 57 51 54 54
138
0
47 51 49 52 51 47 44 52 49 47
139
0
50 54 52 51 60 52 51 50 47 57
140
0
62 57 57 55 59 59 59 57 66 57
141
0
33 34 37 36 34 34 36 34 31 35
142
0
52 50 50 53 53 49 55 48 52 52
143
0
55 53 52 52 55 55 51 53 53 50
144
0
54 56 57 56 57 57 57 56 55 54
145
0
58 54 55 52 51 53 58 52 53 57
146
0
35 35 35 34 36 35 37 34 36 39
147
0
51 49 47 46 45 45 48 46 53 47
148
0
58 55 54 58 57 57 57 58 55 58
149
0
36 40 41 40 39 39 38 39 41 35
150
0
47 46 47 50 46 46 43 45 48 50
151
0
41 44 39 44 41 38 44 43 41 40
152
0
43 47 44 46 43 42 47 45 41 47
153
0
51 51 51 49 51 49 51 51 52 55
154
0
53 52 49 49 55 54 50 52 51 53
155
0
40 33 37 36 35 35 39 34 36 37
156
0
45 41 42 44 46 46 44 43 42 46
157
0
43 41 43 43 41 43 42 45 46 43
158
0
59 60 53 58 57 57 57 61 59 54
159
0
35 33 32 35 37 32 32 31 31 34
160
0
48 48 46 46 45 47 47 45 49 46
161
0
33 31 35 30 30 33 33 33 34 32
162
0
35 34 33 36 31 32 33 33 34 34
163
0
45 43 43 48 46 42 44 45 46 45
164
0
37 38 35 36 31 38 37 39 33 38
165
0
55 50 56 52 55 51 50 53 56 54
166
0
43 43 41 41 40 43 42 45 45 42
167
0
62 58 61 61 57 58 57 62 57 62
168
0
46 47 45 48 48 47 47 43 50 44
169
0
46 39 42 45 44 43 44 45 44 40
170
0
67 64 65 66 68 61 64 65 65 69
171
0
53 50 49 49 52 51 52 51 51 52
172
0
56 55 56 56 59 58 59 55 58 59
173
0
68 68 67 65 66 66 64 66 63 69
174
0
52 58 52 58 57 58 55 57 59 56
175
0
60 59 55 53 56 56 59 56 60 61
176
0
48 48 45 44 44 46 46 47 49 43
177
0
52 49 49 48 50 47 50 45 49 50
178
0
45 44 45 45 45 43 44 41 46 41
179
0
53 52 57 54 50 55 55 54 53 54
180
0
56 52 55 54 52 56 55 52 52 55
181
0
46 46 46 49 45 48 49 50 49 47
182
0
55 56 54 55 55 55 58 54 57 59
183
0
48 45 48 47 48 44 50 42 48 48
184
0
45 47 44 46 49 44 43 45 43 46
185
0
38 37 35 32 39 38 35 37 34 33
186
0
55 54 54 58 50 53 51 57 56 51
187
0
56 53 54 56 53 54 56 55 55 53
188
0
33 36 33 33 32 33 33 36 34 32
189
0
51 46 53 54 52 53 50 53 52 50
190
0
49 44 46 46 44 45 45 47 45 43
191
0
53 51 49 50 56 50 49 55 52 49
192
0
56 49 50 51 53 50 51 51 55 53
193
0
60 64 62 63 66 67 62 66 62 63
194
0
63 70 65 68 67 65 70 66 68 65
195
0
40 42 39 43 41 37 44 41 41 43
196
0
55 51 59 52 51 53 52 48 50 56
197
0
63 65 65 67 64 65 67 60 61 63
198
0
33 40 37 38 35 34 32 32 30 33
199
0
54 53 55 55 55 55 56 53 56 53
