200
20
380028
0
0
50 49 46 45 47 36 47 57 48 46 45 44 37 39 64 72 48 40 42 41
1
0
69 30 48 52 58 53 55 43 39 49 31 56 60 54 70 67 76 42 40 55
2
0
64 62 67 62 44 35 62 46 59 51 48 60 41 46 42 55 52 41 40 60
3
0
70 46 35 31 60 44 36 51 62 66 56 50 44 51 48 53 49 53 57 52
4
0
52 49 54 46 47 53 47 49 54 48 61 66 46 58 49 66 40 53 51 56
5
0
43 48 42 46 56 70 56 33 46 49 37 46 57 47 53 50 30 57 60 56
6
0
51 46 50 60 39 45 46 50 55 58 54 49 49 39 40 50 55 50 48 64
7
0
39 54 37 54 55 49 53 46 36 39 48 69 37 68 53 52 33 49 55 62
8
0
49 43 70 73 64 43 55 29 53 50 46 56 52 48 47 61 36 39 66 51
9
0
66 55 62 54 50 62 58 46 32 59 35 58 47 70 47 46 41 52 53 43
10
0
57 32 54 51 48 48 30 64 65 39 60 42 55 45 52 56 69 39 58 44
11
0
36 63 61 35 52 33 48 35 44 67 41 41 47 48 57 51 58 61 72 54
12
0
41 49 39 53 60 48 45 30 69 50 48 43 46 53 58 47 45 39 58 24
13
0
52 47 74 54 73 43 52 46 53 42 40 39 38 34 52 54 48 43 69 53
14
0
37 50 45 41 67 36 67 34 52 33 34 49 57 50 43 55 53 61 46 68
15
0
36 58 55 57 39 50 66 20 72 50 47 44 52 43 50 46 47 60 71 43
16
0
49 54 50 42 34 49 43 41 42 48 40 54 34 44 50 44 40 45 42 44
17
0
52 58 45 46 73 50 40 54 51 40 54 49 67 58 42 59 52 52 51 37
18
0
52 52 41 56 43 51 43 63 47 62 44 42 65 50 42 57 42 54 58 32
19
0
53 54 40 55 35 49 44 48 43 49 56 54 55 60 56 49 55 38 29 57
20
0
34 64 70 55 42 58 52 40 63 29 48 38 51 63 49 57 41 59 31 47
21
0
53 59 43 40 58 54 39 52 53 55 40 56 43 47 51 41 61 38 45 45
22
0
51 47 59 54 67 42 42 70 66 50 48 51 37 46 56 45 36 46 58 35
23
0
67 32 54 66 56 29 43 49 42 53 70 52 54 68 54 43 54 62 45 42
24
0
45 45 58 57 57 63 57 37 28 45 50 48 42 63 52 43 40 41 48 48
25
0
46 40 43 44 54 50 47 51 66 52 63 33 65 69 74 75 53 46 37 60
26
0
48 59 42 53 36 43 50 48 37 69 37 66 36 40 47 54 39 39 56 55
27
0
35 53 60 42 40 60 40 48 59 33 44 47 64 49 64 44 48 40 59 59
28
0
34 59 47 47 35 74 35 55 62 39 36 47 50 30 39 48 47 35 56 66
29
0
59 41 55 56 52 50 45 63 63 50 38 54 48 49 40 54 48 52 38 56
30
0
35 46 52 54 59 63 68 45 29 49 46 51 45 45 50 53 44 38 47 47
31
0
48 41 53 38 41 45 36 41 56 53 48 66 33 42 62 44 47 59 50 55
32
0
41 43 53 49 58 57 39 50 51 42 69 50 45 48 70 32 49 43 48 44
33
0
53 54 31 50 39 47 55 58 50 43 45 48 49 47 46 48 44 41 46 44
34
0
44 47 44 49 49 54 38 41 70 35 45 41 38 55 41 43 46 42 37 45
35
0
42 55 49 59 59 51 58 56 60 40 43 57 45 44 60 46 57 39 61 46
36
0
45 55 42 46 45 60 59 43 55 71 35 56 74 40 55 72 58 42 63 55
37
0
53 34 60 36 46 45 50 39 21 63 59 69 40 38 40 48 57 54 50 46
38
0
46 54 44 52 46 66 46 57 65 33 44 45 51 53 44 50 47 50 49 41
39
0
63 36 58 43 48 54 50 45 68 46 68 64 41 65 48 50 50 48 47 49
40
0
45 44 46 52 47 57 49 47 48 50 40 42 37 42 45 65 52 43 66 44
41
0
53 74 32 43 62 47 60 41 35 43 53 48 46 48 56 51 44 57 48 47
42
0
31 70 44 52 54 72 52 61 49 52 53 59 54 36 60 39 61 35 46 44
43
0
44 63 38 53 43 57 58 50 57 35 36 54 53 60 51 39 27 39 64 58
44
0
38 42 51 43 35 45 65 32 38 50 50 48 46 57 49 74 61 50 53 50
45
0
61 51 66 53 45 49 46 60 63 61 70 56 49 36 37 54 66 59 46 51
46
0
45 69 41 50 38 55 61 69 59 59 46 49 51 56 57 61 44 48 48 64
47
0
47 49 64 45 43 32 39 50 54 50 37 50 63 61 57 53 46 73 62 74
48
0
42 58 43 56 58 46 52 78 41 60 50 48 46 47 47 48 55 53 54 56
49
0
48 45 41 41 51 54 56 63 45 53 64 29 61 52 52 52 39 52 41 48
50
0
39 55 62 53 47 42 45 53 35 42 65 49 51 38 56 41 62 49 43 38
51
0
78 38 60 38 40 60 58 51 39 56 61 52 52 55 41 44 39 41 72 52
52
0
39 43 53 41 28 52 73 50 50 42 63 61 62 43 28 45 62 68 73 52
53
0
48 51 38 41 44 56 60 45 34 39 44 39 57 44 63 49 44 45 66 50
54
0
62 36 54 52 54 47 41 32 52 45 34 53 39 41 66 63 51 62 52 42
55
0
48 46 45 65 56 61 67 55 45 60 65 26 35 45 32 64 51 50 57 56
56
0
47 69 42 50 59 51 54 52 50 46 71 57 51 51 53 53 51 36 70 73
57
0
46 55 62 27 51 54 46 54 54 48 61 46 56 46 56 45 56 54 63 49
58
0
51 54 53 68 42 49 34 55 44 36 55 45 52 52 57 43 46 46 47 53
59
0
34 38 71 49 66 60 44 35 45 58 69 51 58 49 54 86 46 74 55 55
60
0
36 55 45 36 50 52 62 51 45 53 49 46 38 49 59 46 50 52 66 60
61
0
51 43 35 38 51 43 43 70 63 44 47 74 59 41 42 77 41 48 57 44
62
0
51 58 66 46 63 40 43 55 41 54 39 50 42 54 65 56 65 56 47 44
63
0
37 43 43 54 38 36 49 62 47 49 43 63 58 38 36 36 62 68 54 35
64
0
40 42 50 37 30 35 44 62 59 45 39 38 41 58 33 44 52 67 35 30
65
0
54 55 45 53 50 30 42 34 50 56 56 51 53 71 40 93 74 34 44 34
66
0
52 52 52 54 58 48 69 40 53 61 48 47 37 44 55 40 56 47 64 38
67
0
45 23 49 65 56 43 57 46 39 54 44 49 44 49 45 51 50 82 64 51
68
0
44 55 47 53 42 30 55 47 31 50 60 49 44 62 63 42 49 66 61 39
69
0
64 44 57 42 53 31 39 36 36 39 39 51 40 64 46 42 57 28 62 73
70
0
42 40 48 41 51 43 58 43 40 61 52 35 41 59 39 51 36 40 61 52
71
0
47 62 56 59 44 48 50 67 46 58 48 67 58 46 34 43 52 60 64 45
72
0
47 56 36 46 67 48 69 45 46 32 34 34 58 48 60 47 35 67 54 41
73
0
43 56 52 32 49 59 46 52 53 53 46 52 50 55 38 46 55 32 43 55
74
0
61 52 40 48 58 60 32 54 52 44 48 62 63 40 55 61 56 62 54 37
75
0
62 47 47 63 51 55 48 35 61 47 38 39 46 51 45 59 49 59 48 59
76
0
37 64 63 44 54 64 64 47 71 40 51 49 33 35 60 53 45 58 56 59
77
0
39 52 63 53 61 36 48 70 59 66 45 35 49 54 43 58 47 44 47 63
78
0
48 52 43 41 66 52 42 47 36 55 54 56 49 38 37 60 39 46 43 31
79
0
51 55 41 39 52 28 39 62 56 43 45 35 59 51 47 55 39 51 61 62
80
0
34 55 39 48 57 49 45 43 48 38 44 70 43 47 43 33 37 50 67 48
81
0
61 49 59 24 44 65 57 60 52 57 43 55 52 56 67 41 45 69 49 41
82
0
48 46 50 54 52 55 39 63 55 57 52 46 77 47 57 55 58 61 42 38
83
0
37 58 39 41 48 52 41 36 59 48 56 40 39 42 46 46 37 49 39 47
84
0
63 40 51 41 72 44 44 47 37 60 53 45 49 44 42 56 46 65 46 55
85
0
39 49 52 37 47 28 36 45 46 69 71 61 56 58 47 42 51 35 42 36
86
0
38 70 50 65 55 63 43 58 41 58 37 57 70 42 34 51 77 49 53 53
87
0
64 63 55 62 48 52 38 57 52 66 47 64 51 47 41 41 33 66 47 37
88
0
64 41 77 57 54 58 56 55 51 75 49 61 49 45 69 50 59 64 60 68
89
0
44 54 61 50 43 58 42 62 66 61 51 45 48 50 39 39 43 60 54 33
90
0
51 42 51 37 59 37 36 55 40 69 62 61 52 44 37 56 50 51 40 59
91
0
35 55 34 40 45 47 45 42 41 66 45 54 44 55 55 54 48 26 63 44
92
0
83 60 60 49 56 57 31 42 52 45 45 42 43 52 48 55 43 45 36 64
93
0
52 73 59 42 48 55 51 50 46 49 36 55 68 39 35 48 57 40 49 48
94
0
41 63 66 64 62 48 46 63 42 49 45 40 38 40 51 60 49 48 54 40
95
0
51 43 51 55 55 61 45 58 45 59 51 63 44 49 41 40 51 46 39 54
96
0
63 24 58 49 51 59 53 36 51 65 46 58 50 41 42 39 41 37 36 35
97
0
45 64 54 40 54 56 59 57 42 39 56 31 47 63 56 58 50 53 52 66
98
0
57 35 49 72 50 45 38 40 42 52 71 35 51 54 44 52 46 48 41 60
99
0
66 56 63 61 35 44 56 68 37 37 54 52 57 42 33 53 43 47 44 50
100
0
53 45 63 43 37 38 44 45 56 57 52 45 66 49 69 58 59 44 83 54
101
0
36 39 64 58 52 44 44 67 30 44 52 43 56 34 65 41 59 34 58 45
102
0
42 52 51 65 44 37 66 46 56 44 58 73 58 58 34 50 36 68 71 58
103
0
37 50 36 66 67 54 51 44 54 46 49 55 47 55 36 67 41 74 59 45
104
0
61 44 57 45 39 38 63 46 42 52 51 38 56 46 50 60 67 38 42 51
105
0
55 61 55 42 44 48 28 42 56 61 54 27 51 51 44 47 49 39 56 58
106
0
58 41 43 62 54 44 46 42 37 32 57 69 35 62 50 68 49 47 43 42
107
0
61 46 42 42 63 67 33 46 43 50 37 52 52 57 59 59 56 53 51 69
108
0
34 48 36 40 46 54 51 43 27 49 38 58 53 42 33 39 36 48 28 30
109
0
55 64 42 40 57 57 54 52 54 60 55 59 51 37 45 56 52 74 62 48
110
0
61 73 53 67 41 49 40 52 36 50 38 40 40 57 68 44 60 48 50 40
111
0
43 45 47 57 61 51 42 65 68 52 67 42 35 50 34 67 39 51 48 62
112
0
62 66 59 52 52 50 47 58 46 34 59 35 60 21 53 31 44 59 53 59
113
0
48 66 46 52 50 48 42 56 39 62 64 48 44 46 59 46 59 56 46 51
114
0
60 48 57 70 29 48 70 38 49 41 32 46 60 41 42 34 66 49 44 37
115
0
32 48 40 41 43 41 67 62 66 59 44 62 46 55 61 33 60 60 43 50
116
0
54 49 35 54 44 57 32 48 71 55 60 45 62 52 47 73 51 50 42 54
117
0
40 48 42 49 58 49 46 47 61 53 54 68 51 43 46 40 52 49 72 62
118
0
60 39 49 48 47 50 49 54 63 35 53 30 66 33 48 52 48 74 50 39
119
0
64 47 44 43 53 49 55 45 37 48 44 24 48 36 47 48 52 45 48 52
120
0
43 38 44 67 61 44 66 38 45 57 38 38 37 57 37 54 42 36 36 73
121
0
50 51 60 58 41 43 43 57 46 59 55 52 45 58 38 53 52 43 56 44
122
0
42 49 42 57 47 49 63 42 47 43 45 38 46 41 50 70 63 53 57 39
123
0
42 41 55 35 39 66 57 54 43 43 49 54 65 51 51 60 42 45 35 40
124
0
63 46 67 63 55 42 46 31 46 48 43 38 45 37 41 39 50 48 50 46
125
0
33 57 74 53 44 59 39 42 47 68 61 64 56 58 44 68 49 70 48 31
126
0
54 46 58 49 44 32 57 61 48 59 56 62 57 47 42 34 48 60 45 42
127
0
59 46 39 42 56 38 46 56 55 45 34 48 48 41 53 49 43 42 47 42
128
0
62 51 52 47 52 43 52 42 66 62 40 54 42 44 41 56 51 58 47 47
129
0
33 57 50 53 51 44 34 51 47 47 37 41 40 43 38 36 51 62 50 45
130
0
56 62 41 59 50 56 41 45 55 42 44 52 36 48 46 38 55 48 53 44
131
0
44 50 59 46 45 37 39 47 59 61 51 39 40 59 51 57 51 48 37 35
132
0
44 59 45 42 56 55 79 64 38 60 37 47 41 46 41 41 36 61 33 50
133
0
40 69 39 40 59 35 44 41 42 73 48 52 55 44 42 39 47 35 69 52
134
0
48 45 30 47 52 57 47 58 52 50 47 61 59 47 42 50 60 38 41 48
135
0
31 55 57 60 50 62 61 57 55 47 40 34 69 67 30 51 58 54 48 49
136
0
64 43 56 53 16 41 43 45 54 62 54 66 80 46 44 54 51 44 59 46
137
0
44 32 45 45 49 57 60 36 56 41 52 61 51 41 63 46 28 37 57 55
138
0
54 48 57 75 46 47 56 51 83 54 40 38 59 57 50 60 49 63 43 31
139
0
51 37 67 44 41 42 45 44 36 51 48 55 47 41 66 58 50 47 40 60
140
0
37 55 54 49 48 53 58 50 75 57 34 67 67 52 51 44 41 48 35 44
141
0
52 43 40 48 59 46 44 53 58 48 57 67 49 42 35 56 35 57 38 63
142
0
35 56 44 53 36 43 71 60 63 47 41 46 31 54 53 49 50 37 58 55
143
0
41 47 59 76 40 54 69 66 42 51 34 55 39 50 49 45 38 40 36 53
144
0
41 44 49 48 66 45 42 48 41 56 48 64 53 48 43 56 43 56 42 43
145
0
51 64 65 39 57 81 52 43 44 59 44 55 35 42 76 56 48 50 55 61
146
0
65 53 55 48 54 40 45 49 30 55 49 49 61 61 39 59 63 51 39 57
147
0
45 80 65 42 61 39 49 64 31 53 52 53 54 36 44 57 57 43 42 41
148
0
40 49 49 46 65 44 64 56 51 55 55 52 68 71 63 45 63 63 60 55
149
0
59 66 51 57 55 48 54 50 47 35 43 44 48 43 46 43 54 70 60 46
150
0
46 36 47 30 47 38 60 48 48 45 56 36 68 52 42 59 52 50 65 56
151
0
51 56 45 45 38 46 43 45 49 42 53 37 64 63 61 52 36 40 44 38
152
0
51 41 40 60 47 39 59 46 49 64 58 60 49 39 41 51 47 43 56 53
153
0
37 46 54 59 44 61 63 69 41 75 44 38 31 44 76 43 59 59 30 44
154
0
44 46 33 46 42 56 49 45 67 57 40 56 40 55 54 45 46 58 46 42
155
0
35 44 62 41 63 55 38 53 41 55 51 32 37 40 58 33 50 40 82 67
156
0
73 63 42 48 48 48 50 58 50 45 66 47 52 51 73 47 55 50 61 44
157
0
47 32 46 48 53 64 42 54 47 50 65 33 47 50 63 27 60 37 61 51
158
0
39 45 45 43 38 53 57 55 57 39 37 50 40 40 52 48 65 53 44 55
159
0
34 44 56 53 57 54 63 78 57 42 62 54 64 46 48 51 56 45 37 50
160
0
42 63 68 54 56 43 60 54 46 52 48 37 60 64 58 50 45 35 55 59
161
0
46 77 71 47 46 47 38 32 39 47 61 47 49 36 34 42 45 42 58 42
162
0
62 50 40 55 49 42 72 52 39 43 61 53 70 47 65 38 48 46 45 52
163
0
56 43 41 65 68 44 55 49 48 57 66 57 44 56 68 57 35 62 28 50
164
0
45 52 54 54 52 55 33 44 71 42 56 42 75 57 31 48 48 72 65 49
165
0
72 46 37 41 39 73 49 59 52 48 53 53 61 43 51 48 66 46 59 43
166
0
56 45 50 58 46 55 42 63 29 57 42 40 54 57 51 45 33 55 43 44
167
0
48 51 49 49 42 55 42 70 60 43 36 41 33 51 62 55 49 62 40 49
168
0
50 35 58 50 60 42 45 43 54 65 31 56 50 61 46 58 69 40 40 54
169
0
64 65 53 45 41 63 42 60 50 48 43 56 63 61 50 60 48 41 44 50
170
0
49 44 54 51 36 50 43 58 38 39 47 50 26 59 59 57 54 47 45 53
171
0
65 37 48 52 63 58 52 44 39 46 52 62 67 55 70 39 49 30 56 56
172
0
37 59 42 69 43 49 61 47 47 38 47 55 39 41 43 42 44 60 66 45
173
0
43 67 40 41 57 51 48 50 31 53 39 55 56 43 60 44 56 52 63 59
174
0
38 62 54 40 43 52 57 26 49 57 47 51 54 34 32 45 60 50 42 49
175
0
71 48 35 44 36 45 40 39 44 66 55 34 50 65 37 36 64 32 30 53
176
0
45 43 45 43 52 57 54 58 67 64 34 46 37 43 63 52 48 47 38 42
177
0
55 51 42 37 33 46 59 34 53 56 29 40 70 54 25 49 49 47 35 48
178
0
48 42 45 57 41 61 64 42 77 45 53 62 63 57 57 48 52 42 45 42
179
0
46 58 57 47 68 46 52 43 51 45 41 37 45 52 44 55 57 55 35 66
180
0
39 59 65 55 39 43 47 52 49 46 40 55 43 51 65 35 52 48 61 34
181
0
52 52 52 42 48 74 58 50 38 52 45 34 52 35 61 44 40 47 53 52
182
0
65 63 55 34 42 40 38 42 48 50 34 59 56 54 52 63 60 62 55 56
183
0
43 65 46 51 54 42 53 38 69 39 37 47 50 62 48 42 51 62 40 58
184
0
51 53 50 30 39 62 71 43 57 44 57 43 47 55 50 51 43 54 67 59
185
0
69 44 39 56 70 49 56 61 49 39 55 48 51 53 76 56 59 45 62 39
186
0
63 63 62 44 66 57 45 37 42 67 54 40 61 59 63 50 53 64 70 40
187
0
46 49 61 58 42 48 48 46 55 45 41 36 60 43 36 51 67 66 54 64
188
0
54 59 34 45 43 40 51 57 58 48 55 60 45 34 56 46 50 55 63 46
189
0
55 48 40 47 43 53 48 24 43 51 47 59 50 42 48 61 59 65 64 51
190
0
67 53 52 39 50 33 50 52 47 47 49 36 52 49 43 77 25 57 40 33
191
0
47 37 82 62 65 72 44 52 64 43 50 55 54 48 43 44 44 42 70 44
192
0
54 61 39 67 58 40 38 60 44 56 39 51 28 50 51 43 56 58 31 36
193
0
49 67 50 55 62 42 45 45 54 49 66 48 50 54 49 60 34 42 46 72
194
0
47 42 52 47 49 47 52 57 69 48 40 41 47 35 39 38 37 50 39 35
195
0
53 62 70 32 63 48 45 69 80 46 50 39 47 61 60 47 60 44 54 47
196
0
53 45 44 42 41 46 73 39 44 60 47 41 54 49 43 56 53 52 52 44
197
0
53 47 52 42 51 47 64 57 52 37 51 39 54 33 54 46 54 46 52 40
198
0
58 67 60 53 64 54 58 46 49 42 52 66 36 31 33 65 49 58 45 47
199
0
63 41 53 56 63 47 44 37 41 41 48 45 77 58 63 60 58 60 53 41
