20
20
303251
0
0
61 48 67 56 42 47 59 55 38 45 37 38 57 60 64 49 36 49 50 47
1
0
51 62 54 50 40 63 44 50 56 37 42 37 49 55 84 46 34 46 51 53
2
0
37 37 80 52 43 40 53 57 44 48 61 42 53 55 51 56 44 41 60 35
3
0
40 36 48 43 60 42 43 70 56 44 45 51 58 50 40 61 71 52 46 39
4
0
42 34 48 48 44 40 50 52 48 65 55 51 35 62 46 51 35 61 33 51
5
0
42 37 42 31 53 58 68 57 64 53 56 61 38 51 43 46 47 54 43 36
6
0
48 52 57 46 56 42 67 62 81 47 45 45 51 38 48 40 49 43 54 46
7
0
43 52 46 43 47 44 62 50 44 52 34 45 64 43 75 60 36 44 34 57
8
0
48 51 68 81 55 64 44 58 34 50 42 53 53 59 54 50 41 39 59 45
9
0
44 43 48 61 67 45 61 44 60 56 46 52 43 68 46 34 53 47 52 36
10
0
52 59 42 47 41 56 44 43 50 74 43 33 55 46 52 47 51 64 30 40
11
0
44 59 46 36 74 52 50 38 60 34 57 49 41 53 50 39 64 50 56 52
12
0
48 43 42 60 35 43 30 48 74 44 56 56 46 49 49 34 39 58 43 54
13
0
69 55 41 45 66 48 47 58 52 26 59 67 48 66 50 61 48 35 39 52
14
0
40 39 48 44 49 50 37 43 48 66 46 35 47 41 52 59 41 47 38 44
15
0
64 56 33 25 32 38 72 29 49 37 51 52 47 58 53 72 51 51 45 58
16
0
45 46 38 33 66 62 35 75 47 40 72 64 55 53 47 37 54 41 56 32
17
0
57 51 58 50 56 65 49 55 59 57 60 56 57 42 44 51 52 45 56 65
18
0
65 47 58 57 39 61 31 42 56 50 47 48 48 43 38 48 49 54 52 48
19
0
49 67 61 52 40 70 37 60 59 37 49 45 45 62 28 48 54 49 39 69
