50
10
383489
0
0
51 63 32 51 48 51 67 63 44 48
1
0
62 30 50 67 49 46 46 59 68 52
2
0
43 36 38 45 67 44 53 51 59 45
3
0
54 48 38 53 44 41 48 82 48 49
4
0
36 48 48 61 44 49 43 58 56 38
5
0
56 53 58 34 38 39 54 48 56 61
6
0
37 61 38 41 48 74 45 56 49 53
7
0
34 48 50 37 47 63 39 50 46 41
8
0
62 25 47 54 62 33 60 39 50 64
9
0
56 64 50 56 52 54 56 53 59 53
10
0
58 68 64 71 50 42 52 68 53 54
11
0
48 53 41 50 44 42 42 58 59 64
12
0
72 47 38 51 35 46 55 48 48 63
13
0
44 59 55 45 32 53 50 45 43 54
14
0
58 51 45 51 71 55 45 44 46 58
15
0
45 68 55 47 68 58 30 48 57 34
16
0
45 41 45 48 52 42 50 46 44 59
17
0
48 43 69 58 45 29 64 51 56 50
18
0
49 44 52 52 51 68 49 44 42 42
19
0
57 28 48 48 54 59 59 49 59 53
20
0
43 72 46 73 60 76 60 43 61 48
21
0
57 49 48 61 55 64 38 57 45 45
22
0
46 43 55 73 57 51 44 60 40 47
23
0
54 43 49 33 43 73 36 37 58 59
24
0
39 43 66 54 47 55 37 54 48 51
25
0
59 35 59 52 51 44 45 47 56 47
26
0
57 49 48 46 65 45 47 58 59 47
27
0
52 55 48 36 67 29 70 46 69 52
28
0
51 62 69 48 58 50 61 47 63 45
29
0
50 40 49 64 47 57 50 46 32 51
30
0
61 35 55 41 50 49 56 61 62 65
31
0
45 30 44 48 46 55 58 55 60 48
32
0
47 53 42 33 33 44 47 39 57 30
33
0
57 34 72 58 57 69 49 47 59 53
34
0
39 47 62 79 39 50 50 51 62 65
35
0
53 51 49 42 52 34 42 36 39 46
36
0
58 48 49 55 36 56 48 58 58 34
37
0
47 52 48 33 67 42 44 53 41 69
38
0
48 45 45 49 44 46 47 39 46 55
39
0
44 62 54 40 40 38 54 36 49 45
40
0
71 36 67 71 50 39 41 43 55 52
41
0
41 52 51 45 52 49 42 49 63 49
42
0
49 46 35 60 49 41 65 38 34 60
43
0
59 64 56 46 47 50 46 54 40 44
44
0
57 33 35 42 48 62 53 44 68 40
45
0
43 55 58 51 63 41 59 41 41 66
46
0
51 56 47 51 42 63 52 45 43 50
47
0
53 46 70 42 44 56 62 45 44 57
48
0
31 36 48 47 55 42 41 41 53 47
49
0
45 56 50 45 56 43 40 65 58 40
