200
5
783330
0
0
27 38 58 41 58
1
0
38 40 56 63 42
2
0
52 65 64 56 42
3
0
34 65 60 34 55
4
0
57 40 84 41 49
5
0
34 40 43 70 50
6
0
56 58 43 42 39
7
0
55 40 38 54 54
8
0
35 50 51 50 47
9
0
43 36 34 37 35
10
0
64 46 55 48 44
11
0
68 48 64 43 43
12
0
34 49 34 54 48
13
0
49 47 32 49 38
14
0
56 49 52 45 61
15
0
51 44 51 54 87
16
0
68 51 40 49 49
17
0
53 75 63 46 43
18
0
32 60 44 45 57
19
0
47 48 51 68 40
20
0
62 46 43 27 64
21
0
59 43 41 56 54
22
0
43 38 57 64 64
23
0
52 54 36 56 54
24
0
41 48 47 50 35
25
0
38 57 73 62 55
26
0
59 57 44 55 35
27
0
33 58 48 51 40
28
0
30 42 61 57 37
29
0
44 63 46 56 49
30
0
44 46 51 63 59
31
0
41 50 60 58 49
32
0
42 48 45 30 46
33
0
49 59 48 54 51
34
0
51 48 44 47 48
35
0
45 66 59 55 48
36
0
48 45 63 63 58
37
0
34 56 60 41 54
38
0
45 65 57 39 49
39
0
62 64 52 49 58
40
0
55 41 59 51 73
41
0
35 48 34 44 59
42
0
52 63 53 24 54
43
0
66 47 50 43 56
44
0
75 36 56 42 25
45
0
55 52 42 37 44
46
0
49 57 45 59 42
47
0
62 37 74 59 69
48
0
27 42 65 53 48
49
0
76 34 60 69 46
50
0
35 51 47 48 48
51
0
53 41 52 57 49
52
0
44 52 33 42 62
53
0
52 40 59 58 53
54
0
45 44 52 52 48
55
0
52 45 53 49 44
56
0
48 39 40 53 52
57
0
69 44 45 53 36
58
0
56 45 51 45 71
59
0
52 55 49 58 46
60
0
44 54 61 43 60
61
0
46 50 39 36 69
62
0
53 49 37 40 60
63
0
63 56 62 49 51
64
0
42 45 52 65 62
65
0
58 42 44 55 42
66
0
54 62 54 54 62
67
0
40 50 37 58 41
68
0
42 58 34 50 46
69
0
52 42 48 69 44
70
0
45 56 42 71 49
71
0
40 51 35 61 51
72
0
62 61 48 76 46
73
0
52 38 49 51 61
74
0
62 43 62 46 43
75
0
40 71 48 62 48
76
0
41 48 40 43 46
77
0
49 72 46 48 39
78
0
53 51 46 43 49
79
0
38 46 60 58 58
80
0
43 57 46 78 39
81
0
53 48 39 63 50
82
0
50 43 45 55 60
83
0
46 43 45 50 46
84
0
47 71 47 58 51
85
0
31 36 58 48 59
86
0
40 54 40 73 48
87
0
42 44 44 44 57
88
0
59 29 40 51 46
89
0
53 42 53 57 54
90
0
47 38 51 60 42
91
0
52 54 66 41 57
92
0
33 64 43 47 46
93
0
60 50 48 56 49
94
0
56 54 50 46 57
95
0
50 41 42 81 36
96
0
76 40 69 73 40
97
0
49 42 64 65 42
98
0
47 36 43 39 61
99
0
64 42 39 63 46
100
0
58 49 50 46 55
101
0
48 57 68 49 57
102
0
43 42 67 60 58
103
0
47 65 48 42 51
104
0
42 52 61 40 60
105
0
57 44 36 44 53
106
0
40 43 58 63 43
107
0
47 49 31 48 57
108
0
64 45 50 47 43
109
0
45 36 45 45 50
110
0
52 41 75 55 44
111
0
54 53 50 59 52
112
0
46 41 40 57 52
113
0
48 86 36 66 49
114
0
36 33 41 60 39
115
0
33 43 40 53 79
116
0
36 63 36 55 46
117
0
51 65 54 46 53
118
0
50 63 64 33 59
119
0
56 52 48 42 44
120
0
52 42 76 54 55
121
0
42 50 54 50 41
122
0
45 57 57 58 59
123
0
44 49 45 56 42
124
0
55 45 40 51 51
125
0
51 50 28 49 39
126
0
49 50 47 46 55
127
0
52 61 54 41 40
128
0
46 41 67 53 46
129
0
46 56 72 43 43
130
0
55 37 33 36 61
131
0
32 45 44 55 65
132
0
58 58 51 37 65
133
0
39 48 40 56 50
134
0
53 54 60 45 73
135
0
52 53 43 58 66
136
0
65 58 39 62 66
137
0
48 48 39 57 37
138
0
40 42 42 39 50
139
0
48 50 39 66 38
140
0
63 55 52 86 63
141
0
45 52 38 46 56
142
0
47 73 57 57 50
143
0
39 49 64 53 48
144
0
71 69 41 43 54
145
0
40 50 65 50 41
146
0
65 52 31 65 51
147
0
48 45 50 45 50
148
0
42 51 54 38 48
149
0
44 49 41 44 46
150
0
49 37 49 50 57
151
0
40 31 62 53 45
152
0
70 60 62 52 53
153
0
55 58 58 63 42
154
0
55 65 49 52 44
155
0
42 51 52 43 50
156
0
68 49 39 51 74
157
0
54 44 54 56 52
158
0
52 51 44 45 46
159
0
35 42 71 47 50
160
0
64 39 46 60 39
161
0
48 51 46 56 66
162
0
39 42 45 37 42
163
0
56 41 51 72 54
164
0
38 47 47 45 59
165
0
41 53 52 52 51
166
0
31 58 35 85 29
167
0
53 44 40 51 47
168
0
39 57 68 47 50
169
0
65 48 52 72 57
170
0
38 69 50 50 56
171
0
49 32 40 48 43
172
0
38 63 43 52 75
173
0
39 51 49 64 34
174
0
37 42 34 54 39
175
0
38 51 40 46 40
176
0
52 46 49 41 48
177
0
42 44 51 57 55
178
0
47 49 40 41 41
179
0
46 53 60 44 50
180
0
55 54 45 29 39
181
0
39 37 80 80 50
182
0
71 39 32 37 48
183
0
48 54 42 55 34
184
0
46 41 53 45 67
185
0
49 62 39 48 64
186
0
47 45 41 47 51
187
0
65 74 39 52 47
188
0
41 49 28 35 48
189
0
50 55 56 45 63
190
0
72 53 38 63 46
191
0
39 56 44 43 46
192
0
49 32 44 75 46
193
0
50 42 54 52 43
194
0
37 67 57 53 60
195
0
52 43 60 53 60
196
0
47 49 57 63 42
197
0
35 50 57 54 41
198
0
50 53 51 38 29
199
0
37 43 69 48 72
