50
5
850527
0
0
43 42 43 45 44
1
0
50 48 48 51 50
2
0
60 61 61 64 60
3
0
43 51 53 49 51
4
0
37 38 39 41 36
5
0
32 35 33 36 32
6
0
40 40 37 42 40
7
0
63 60 58 60 57
8
0
39 42 40 35 40
9
0
50 53 53 49 50
10
0
57 55 61 52 55
11
0
56 54 53 57 57
12
0
47 47 49 47 46
13
0
56 57 51 54 54
14
0
31 28 32 29 30
15
0
53 55 51 51 55
16
0
47 46 48 47 46
17
0
50 48 47 47 51
18
0
56 55 54 54 56
19
0
57 57 61 60 55
20
0
53 61 61 59 55
21
0
41 40 40 43 38
22
0
51 53 49 51 48
23
0
47 46 46 47 46
24
0
52 55 55 50 53
25
0
58 57 57 59 55
26
0
59 57 54 59 58
27
0
61 61 57 55 53
28
0
42 39 41 41 43
29
0
60 62 60 64 60
30
0
72 72 70 67 67
31
0
48 52 54 54 48
32
0
44 38 39 38 43
33
0
71 68 69 67 71
34
0
51 50 47 51 47
35
0
55 63 62 61 57
36
0
56 60 55 54 56
37
0
57 55 56 54 57
38
0
58 62 59 57 57
39
0
42 40 44 45 40
40
0
46 48 47 46 46
41
0
51 51 49 50 49
42
0
44 43 43 43 43
43
0
48 43 45 50 48
44
0
45 44 43 43 46
45
0
60 63 62 63 64
46
0
33 30 34 34 29
47
0
65 65 66 68 66
48
0
57 57 55 56 57
49
0
56 55 53 52 51
