30
20
124751
0
0
54 40 59 51 48 55 52 53 40 62 46 71 59 34 49 73 54 38 41 62
1
0
51 39 57 50 50 60 55 55 41 64 45 70 64 32 45 75 53 40 40 57
2
0
57 39 59 53 50 66 58 52 42 70 42 67 61 35 45 74 56 40 39 57
3
0
54 38 57 48 47 62 51 56 44 69 45 70 64 33 48 73 56 43 40 64
4
0
57 38 58 44 50 59 56 56 41 69 44 71 61 34 47 71 56 39 39 61
5
0
54 39 58 48 49 59 55 52 43 62 46 72 63 34 43 73 53 37 41 61
6
0
53 41 56 49 50 56 54 53 37 69 46 70 63 35 43 74 51 41 42 58
7
0
54 39 57 54 51 58 57 56 40 70 43 70 61 32 41 70 54 37 41 64
8
0
56 42 60 47 48 60 50 55 42 66 45 74 63 37 48 72 52 41 41 65
9
0
56 40 55 52 47 62 52 53 40 61 46 66 62 36 44 68 54 41 39 63
10
0
52 40 60 46 47 60 54 54 40 64 46 71 61 35 45 73 53 41 41 64
11
0
54 42 59 50 45 61 50 52 44 72 43 68 57 36 43 72 54 39 38 64
12
0
55 37 57 49 47 61 49 56 42 66 43 68 60 34 44 71 57 38 43 61
13
0
54 36 55 51 49 63 55 52 39 63 47 73 63 34 43 76 57 42 37 67
14
0
56 40 55 51 51 57 54 60 38 66 42 70 61 33 42 74 53 41 39 60
15
0
49 39 53 49 51 61 52 54 43 64 44 70 62 34 43 75 54 37 43 61
16
0
54 38 56 51 46 62 48 51 38 66 44 68 59 33 47 75 54 42 40 61
17
0
55 44 57 49 48 57 51 55 40 69 48 69 60 36 44 76 56 40 39 62
18
0
54 40 57 50 49 59 54 52 43 65 46 70 59 35 46 78 53 38 46 61
19
0
56 39 59 51 51 58 49 53 39 63 42 70 60 32 44 77 58 40 41 62
20
0
54 40 59 55 49 61 54 55 41 68 46 75 64 32 41 73 54 39 40 59
21
0
52 43 55 53 49 59 49 54 40 68 40 62 64 33 45 76 52 36 43 60
22
0
53 36 60 49 48 55 51 58 38 66 47 69 58 36 44 76 55 39 41 66
23
0
53 40 58 48 48 60 51 58 40 71 44 69 63 33 45 79 53 39 44 61
24
0
53 37 57 45 48 63 55 57 43 63 46 74 62 33 48 73 51 39 41 62
25
0
52 40 58 49 48 63 56 57 40 64 41 71 60 34 47 72 52 38 38 59
26
0
55 39 64 53 50 63 53 48 41 64 45 73 64 34 46 75 55 37 42 63
27
0
54 42 60 52 46 58 50 57 44 69 44 72 61 32 47 75 53 40 40 60
28
0
53 43 58 52 54 62 51 56 39 68 45 75 66 31 47 69 52 42 40 58
29
0
53 38 57 48 48 61 55 58 40 69 45 67 65 33 44 74 55 39 41 58
