50
5
486495
0
0
48 53 47 47 47
1
0
54 51 54 52 48
2
0
45 45 43 45 42
3
0
47 47 48 47 48
4
0
48 55 47 49 48
5
0
40 39 41 41 41
6
0
51 52 51 44 49
7
0
53 55 51 50 55
8
0
52 50 48 51 51
9
0
53 58 53 53 58
10
0
52 54 58 54 51
11
0
53 53 54 50 57
12
0
46 45 47 50 49
13
0
41 37 42 39 40
14
0
44 42 44 40 42
15
0
59 56 55 57 59
16
0
44 45 45 48 48
17
0
42 43 46 47 45
18
0
60 64 63 60 57
19
0
37 38 36 38 40
20
0
67 68 72 67 69
21
0
45 48 49 46 46
22
0
47 49 47 47 47
23
0
56 52 60 60 56
24
0
32 34 33 34 34
25
0
42 44 47 45 41
26
0
45 42 45 47 39
27
0
44 43 47 46 48
28
0
49 49 48 50 52
29
0
51 50 48 53 47
30
0
61 57 59 61 55
31
0
49 46 46 50 45
32
0
53 57 50 50 51
33
0
47 45 47 46 45
34
0
45 43 48 45 43
35
0
51 54 50 53 53
36
0
37 37 38 40 39
37
0
52 55 53 54 54
38
0
29 29 31 33 32
39
0
55 54 55 55 54
40
0
51 50 45 51 51
41
0
70 69 71 72 71
42
0
49 50 49 50 52
43
0
44 41 46 46 46
44
0
45 48 47 46 47
45
0
80 82 79 86 80
46
0
38 38 33 36 37
47
0
58 60 59 61 59
48
0
73 69 69 70 68
49
0
54 56 50 54 53
