100
5
92405
0
0
60 57 61 64 57
1
0
49 51 49 48 50
2
0
55 55 52 55 52
3
0
47 44 44 49 46
4
0
47 47 46 47 46
5
0
55 54 48 50 54
6
0
47 47 54 53 50
7
0
47 43 47 47 47
8
0
43 47 40 44 42
9
0
60 61 61 59 57
10
0
55 52 55 51 58
11
0
34 36 37 35 39
12
0
50 51 55 52 53
13
0
36 35 35 38 34
14
0
44 42 43 44 43
15
0
46 43 41 43 46
16
0
56 60 58 61 59
17
0
48 48 45 48 46
18
0
58 53 54 56 53
19
0
49 47 49 49 51
20
0
61 63 59 57 62
21
0
50 50 51 52 49
22
0
50 47 46 45 47
23
0
41 39 40 41 39
24
0
30 29 33 32 30
25
0
38 33 34 37 33
26
0
43 44 47 43 43
27
0
57 60 55 55 61
28
0
63 62 61 64 64
29
0
53 50 53 50 52
30
0
48 51 51 53 53
31
0
47 51 50 47 52
32
0
42 44 43 39 41
33
0
58 52 56 57 56
34
0
50 50 47 48 46
35
0
44 38 43 42 45
36
0
32 30 30 31 32
37
0
45 40 44 41 42
38
0
50 49 50 51 53
39
0
78 78 83 75 84
40
0
49 46 45 45 46
41
0
61 60 66 59 59
42
0
49 54 48 45 47
43
0
84 88 87 87 87
44
0
40 36 37 44 39
45
0
43 43 42 44 44
46
0
60 61 57 59 61
47
0
79 73 82 72 73
48
0
52 47 48 51 53
49
0
49 51 46 47 47
50
0
61 58 60 62 60
51
0
61 65 63 58 60
52
0
44 45 44 45 42
53
0
53 58 57 57 56
54
0
52 53 50 55 52
55
0
51 48 51 52 52
56
0
58 59 57 56 60
57
0
39 39 35 38 40
58
0
56 55 57 58 54
59
0
49 56 52 53 53
60
0
43 42 44 38 39
61
0
46 50 48 46 50
62
0
68 69 74 68 68
63
0
52 48 48 48 52
64
0
53 53 55 49 48
65
0
52 53 53 52 56
66
0
53 56 50 53 50
67
0
48 49 46 43 44
68
0
39 40 37 39 38
69
0
43 46 42 42 48
70
0
54 52 53 51 55
71
0
39 48 46 43 40
72
0
60 61 61 59 59
73
0
47 46 49 49 47
74
0
62 60 64 65 63
75
0
54 56 58 57 55
76
0
46 53 49 48 50
77
0
65 67 68 68 69
78
0
46 44 46 47 46
79
0
40 42 41 40 41
80
0
33 34 32 35 39
81
0
35 41 41 41 40
82
0
53 54 52 54 52
83
0
60 59 61 58 66
84
0
52 50 54 54 50
85
0
51 47 48 52 46
86
0
50 47 50 46 51
87
0
62 59 63 60 64
88
0
46 44 43 48 47
89
0
45 46 47 46 46
90
0
53 56 53 56 56
91
0
33 30 33 33 32
92
0
47 43 44 46 47
93
0
36 35 37 33 38
94
0
51 50 56 50 51
95
0
55 55 56 57 49
96
0
52 55 55 56 58
97
0
45 50 49 47 46
98
0
70 68 68 70 66
99
0
54 54 51 48 58
