30
20
54549
0
0
54 45 41 64 49 54 74 53 42 48 50 30 76 41 40 39 49 61 42 50
1
0
58 45 39 65 45 59 77 52 44 48 49 27 86 38 37 39 48 60 41 50
2
0
58 46 38 64 48 53 73 51 41 52 49 30 80 38 41 36 52 58 44 51
3
0
58 45 40 62 43 57 74 51 44 46 48 27 74 39 42 40 50 59 41 53
4
0
51 46 40 64 48 60 70 51 45 45 51 30 79 40 41 37 47 61 40 53
5
0
56 46 43 64 44 55 74 52 41 48 49 27 78 42 39 36 55 60 44 50
6
0
52 44 41 58 45 52 68 49 44 51 48 28 80 39 36 37 50 60 45 54
7
0
55 44 39 62 46 58 75 50 45 46 53 27 80 39 40 37 49 60 43 51
8
0
56 48 39 66 45 55 72 50 43 54 48 32 77 41 39 39 51 57 45 53
9
0
57 40 41 64 50 55 77 48 43 48 53 30 79 43 44 36 51 62 42 47
10
0
52 45 39 60 45 55 75 48 41 49 51 30 77 34 37 35 49 61 43 49
11
0
52 47 37 57 45 52 76 50 42 47 48 27 84 38 41 36 50 61 40 53
12
0
51 43 37 65 48 56 73 51 44 48 51 29 74 36 41 36 52 63 42 48
13
0
53 49 38 61 46 51 76 50 42 48 51 26 78 38 42 34 45 60 41 51
14
0
54 46 40 65 47 54 74 52 43 49 50 27 80 40 43 34 52 63 45 55
15
0
57 48 42 57 49 56 75 49 44 48 51 27 78 38 41 39 47 61 39 50
16
0
59 48 41 60 48 56 73 49 41 50 50 29 82 39 40 36 49 58 43 52
17
0
53 46 40 58 47 59 73 45 43 51 50 26 77 40 38 36 52 63 42 49
18
0
54 45 36 60 42 53 70 51 45 49 50 28 80 38 41 39 49 60 41 48
19
0
54 48 40 60 43 58 74 51 41 50 46 26 78 39 40 36 47 61 43 51
20
0
56 50 39 62 46 54 72 53 43 48 46 27 78 37 38 35 47 62 41 50
21
0
53 46 39 60 44 52 72 46 40 51 51 30 78 37 41 36 52 58 45 52
22
0
53 46 40 64 45 58 73 50 44 51 50 31 78 40 40 39 48 59 42 50
23
0
54 47 41 66 44 54 69 50 39 47 48 28 76 38 43 40 47 59 41 52
24
0
54 46 41 64 47 53 71 53 40 48 46 25 76 44 38 37 52 62 46 53
25
0
53 47 41 65 50 57 76 51 43 50 53 26 75 40 39 35 49 67 45 50
26
0
55 47 38 65 44 53 80 50 44 47 52 25 85 38 42 37 49 56 42 48
27
0
54 43 39 63 47 56 73 45 44 47 47 27 80 38 42 37 50 58 44 51
28
0
57 45 38 57 45 60 68 50 38 49 51 26 72 40 37 38 54 63 44 49
29
0
52 45 38 63 42 52 73 51 41 52 51 25 82 40 42 38 52 57 44 52
