200
5
119217
0
0
54 57 54 60 54
1
0
55 53 45 65 54
2
0
48 56 45 56 50
3
0
81 39 43 50 37
4
0
73 47 46 50 35
5
0
49 63 33 40 47
6
0
43 62 53 79 67
7
0
68 44 45 44 48
8
0
56 62 52 34 35
9
0
53 45 58 36 44
10
0
59 58 50 47 40
11
0
47 53 31 49 40
12
0
52 57 55 46 63
13
0
47 51 56 63 66
14
0
54 40 66 50 45
15
0
52 53 50 37 40
16
0
62 67 50 48 45
17
0
28 35 64 41 37
18
0
63 49 37 51 52
19
0
53 44 51 64 47
20
0
60 53 43 63 60
21
0
36 45 64 45 52
22
0
51 52 38 47 45
23
0
50 43 49 32 54
24
0
60 41 54 32 34
25
0
39 49 45 48 50
26
0
50 66 46 36 43
27
0
61 78 54 51 37
28
0
36 62 48 47 46
29
0
46 57 46 40 55
30
0
56 41 67 39 49
31
0
31 45 73 69 40
32
0
41 48 31 51 67
33
0
48 50 43 49 44
34
0
54 62 29 35 44
35
0
48 43 40 45 39
36
0
34 52 47 40 46
37
0
47 57 64 53 42
38
0
49 38 64 68 52
39
0
43 30 49 42 41
40
0
52 63 48 58 54
41
0
42 52 39 41 64
42
0
49 57 60 62 56
43
0
68 45 39 54 52
44
0
42 47 42 42 39
45
0
45 43 37 68 46
46
0
44 45 32 57 56
47
0
48 44 65 41 56
48
0
30 47 63 49 62
49
0
45 34 43 40 43
50
0
63 44 44 35 52
51
0
46 52 46 49 43
52
0
49 49 52 63 35
53
0
33 41 59 54 36
54
0
54 38 56 49 51
55
0
55 42 46 54 49
56
0
57 60 49 54 52
57
0
58 46 72 57 63
58
0
58 49 46 56 61
59
0
46 45 55 42 50
60
0
51 47 28 42 67
61
0
46 55 49 52 47
62
0
39 51 60 51 52
63
0
54 61 42 45 47
64
0
55 31 42 43 55
65
0
61 48 63 36 48
66
0
55 54 43 62 43
67
0
64 44 47 43 47
68
0
75 54 57 43 31
69
0
63 57 43 45 42
70
0
40 41 56 49 43
71
0
69 52 39 49 51
72
0
62 42 30 42 66
73
0
60 60 40 42 50
74
0
58 58 45 47 65
75
0
91 50 29 45 42
76
0
49 40 53 43 39
77
0
56 49 53 69 59
78
0
47 42 48 56 43
79
0
45 55 49 34 67
80
0
35 63 64 47 49
81
0
38 46 55 47 48
82
0
63 59 64 41 35
83
0
63 49 48 67 43
84
0
42 62 63 47 56
85
0
56 41 58 57 43
86
0
55 60 47 50 48
87
0
32 70 48 64 49
88
0
58 40 44 42 43
89
0
37 41 42 44 46
90
0
53 38 53 45 57
91
0
55 51 63 37 61
92
0
33 61 71 37 55
93
0
44 55 46 60 59
94
0
45 48 53 65 56
95
0
79 47 51 52 51
96
0
42 68 43 52 49
97
0
49 51 62 27 69
98
0
43 30 43 78 51
99
0
33 84 51 51 68
100
0
56 58 46 41 33
101
0
49 49 44 67 36
102
0
78 53 58 56 58
103
0
52 34 71 40 63
104
0
61 63 55 45 43
105
0
68 65 30 61 45
106
0
63 41 57 46 49
107
0
30 68 39 44 59
108
0
44 49 36 38 60
109
0
43 53 39 55 57
110
0
51 55 30 40 46
111
0
49 64 36 60 40
112
0
57 69 44 59 50
113
0
42 52 47 57 55
114
0
78 59 44 48 45
115
0
57 47 56 48 30
116
0
30 35 48 50 57
117
0
41 42 39 57 57
118
0
60 43 62 61 57
119
0
55 44 46 53 56
120
0
57 42 46 32 41
121
0
39 47 66 78 49
122
0
50 47 45 54 50
123
0
49 50 54 45 54
124
0
38 45 55 43 52
125
0
67 36 46 66 53
126
0
33 51 40 42 50
127
0
62 73 50 52 51
128
0
44 31 37 43 57
129
0
41 34 65 59 50
130
0
50 39 57 57 49
131
0
56 58 72 58 43
132
0
45 41 43 70 61
133
0
57 52 42 40 35
134
0
48 45 42 49 46
135
0
56 80 61 33 53
136
0
41 53 49 42 48
137
0
51 65 46 48 35
138
0
56 76 36 58 60
139
0
30 39 39 30 69
140
0
57 65 61 49 50
141
0
70 45 41 44 53
142
0
54 62 43 40 64
143
0
42 70 41 46 77
144
0
64 44 47 51 47
145
0
48 46 83 39 38
146
0
49 58 55 54 42
147
0
60 49 46 59 63
148
0
33 34 46 56 62
149
0
51 49 41 39 49
150
0
55 47 52 38 38
151
0
51 47 44 62 67
152
0
72 37 47 49 59
153
0
48 80 52 36 54
154
0
47 53 49 48 41
155
0
51 57 52 45 64
156
0
33 46 41 50 31
157
0
43 76 61 74 43
158
0
58 55 50 82 46
159
0
60 47 44 57 48
160
0
64 43 40 45 60
161
0
55 35 54 49 41
162
0
61 48 36 41 61
163
0
35 37 46 37 46
164
0
61 49 47 50 49
165
0
71 45 56 41 49
166
0
42 42 50 60 61
167
0
49 72 57 43 50
168
0
39 67 58 64 65
169
0
54 54 52 33 41
170
0
41 46 53 68 67
171
0
54 44 35 44 59
172
0
56 39 49 49 36
173
0
44 60 48 65 52
174
0
52 70 36 49 43
175
0
51 41 35 53 58
176
0
61 58 58 46 47
177
0
64 43 51 43 44
178
0
49 39 43 55 34
179
0
41 49 55 51 55
180
0
46 58 38 39 46
181
0
64 69 39 44 67
182
0
64 49 71 41 66
183
0
43 43 56 53 49
184
0
39 46 41 32 31
185
0
60 44 38 58 66
186
0
62 43 45 47 53
187
0
54 43 49 50 47
188
0
52 34 62 43 44
189
0
47 43 55 51 48
190
0
54 49 58 34 57
191
0
52 56 58 33 42
192
0
47 49 43 54 54
193
0
62 72 56 53 45
194
0
29 74 43 36 48
195
0
33 49 46 47 62
196
0
48 59 38 52 52
197
0
29 50 27 57 35
198
0
60 39 51 48 65
199
0
48 35 37 48 70
