50
20
817631
0
0
40 48 24 40 36 55 57 50 42 38 55 52 45 45 35 53 58 42 55 43
1
0
39 52 26 37 33 58 57 54 36 38 53 54 45 47 36 52 59 41 50 43
2
0
41 51 27 36 35 54 61 54 38 39 48 55 43 47 37 56 61 44 53 40
3
0
42 48 27 35 31 55 59 48 37 36 50 50 44 47 35 55 60 40 51 45
4
0
38 51 27 36 33 57 58 51 38 36 54 52 46 42 38 58 60 43 53 41
5
0
37 49 27 36 36 53 56 52 39 37 50 51 39 45 37 54 60 41 52 44
6
0
41 50 26 38 33 56 59 46 40 36 52 49 46 45 36 56 62 45 49 41
7
0
40 51 28 36 31 50 57 51 37 40 52 49 45 41 35 55 60 45 50 42
8
0
39 50 24 38 35 53 62 55 36 36 54 53 41 43 37 58 58 47 49 47
9
0
39 55 25 40 33 55 60 52 38 36 48 54 44 42 37 55 57 45 55 44
10
0
39 49 25 39 35 55 63 51 39 37 54 53 44 45 36 51 62 42 52 39
11
0
39 50 25 38 34 56 58 52 41 40 53 54 43 49 34 54 60 44 54 43
12
0
38 53 24 40 34 60 63 52 36 36 49 52 46 46 37 56 64 45 56 47
13
0
39 48 23 37 35 55 62 50 41 36 51 53 46 47 36 57 62 40 55 43
14
0
41 51 24 37 32 56 61 46 38 36 49 50 44 46 38 55 62 43 52 44
15
0
38 48 24 35 34 60 61 52 39 35 53 49 45 40 38 53 62 44 55 44
16
0
41 52 28 40 30 55 59 53 38 37 53 52 43 45 36 56 60 43 51 43
17
0
42 51 26 37 33 58 54 46 40 41 53 56 45 44 37 53 60 45 51 44
18
0
40 48 26 36 31 55 59 55 36 36 53 53 47 46 35 52 61 43 50 42
19
0
40 51 26 38 32 55 57 50 41 35 53 53 45 45 35 53 57 40 53 42
20
0
40 48 25 39 35 53 59 52 36 37 51 54 47 46 34 56 61 42 53 42
21
0
40 50 30 39 31 54 59 50 39 39 51 49 42 44 35 54 64 45 48 44
22
0
39 48 26 38 35 52 59 48 38 37 49 54 44 46 35 57 63 42 55 44
23
0
40 52 26 42 32 56 61 46 39 41 53 48 47 44 32 55 62 44 52 43
24
0
37 50 24 37 36 57 62 51 40 37 53 53 44 44 37 53 61 44 52 40
25
0
37 56 31 43 34 57 60 52 39 33 54 54 40 42 35 53 61 45 50 46
26
0
43 55 27 41 36 58 59 52 38 36 50 54 41 43 35 53 63 43 56 43
27
0
39 49 26 39 33 55 61 53 42 38 52 54 42 42 37 50 59 44 50 44
28
0
39 52 26 37 36 55 60 50 38 35 47 51 43 45 37 49 61 47 53 46
29
0
42 48 25 40 31 54 58 52 39 33 50 52 41 43 37 54 59 44 50 44
30
0
37 50 28 39 31 54 59 52 37 35 54 55 45 42 32 53 59 41 49 44
31
0
37 54 25 37 33 59 59 51 38 39 49 53 45 43 37 51 60 48 52 44
32
0
38 53 28 39 36 52 57 50 38 40 52 50 45 44 34 51 62 42 53 45
33
0
39 51 25 37 33 49 56 53 43 36 51 53 44 49 37 51 63 42 51 47
34
0
38 49 24 37 35 56 59 51 39 39 51 53 51 42 33 53 59 43 51 41
35
0
42 50 22 36 32 58 58 53 40 33 52 51 43 43 37 49 61 39 55 40
36
0
38 53 26 38 33 55 61 50 39 38 52 51 42 40 39 48 64 43 53 43
37
0
34 50 27 39 33 51 59 54 38 38 50 48 42 46 34 54 58 45 53 46
38
0
40 52 28 38 34 56 62 51 37 35 54 53 43 47 36 56 61 43 52 42
39
0
39 53 26 41 29 55 61 51 39 39 49 53 44 46 37 55 58 44 48 41
40
0
40 50 25 36 33 55 59 50 41 35 53 51 43 46 37 53 60 44 49 41
41
0
40 51 29 36 32 57 59 52 36 35 52 53 42 42 36 50 59 45 50 40
42
0
41 50 26 36 37 55 56 50 39 37 50 56 44 51 37 54 62 47 52 40
43
0
39 50 26 37 32 53 58 50 41 38 49 51 42 41 34 51 59 42 54 43
44
0
38 52 28 36 34 57 57 52 37 37 48 48 44 45 35 56 63 44 52 43
45
0
44 52 27 38 36 52 61 49 40 36 50 53 43 47 36 53 59 46 56 43
46
0
36 48 25 41 32 56 61 46 39 36 52 51 46 48 39 53 65 45 50 41
47
0
39 50 24 38 34 52 57 49 40 36 48 54 47 46 36 49 62 43 52 42
48
0
37 54 26 36 31 57 57 51 37 37 47 55 43 46 34 48 58 40 56 44
49
0
39 49 23 38 35 54 58 48 36 39 51 53 45 41 35 53 60 41 50 41
