200
10
531735
0
0
50 58 64 31 50 53 40 52 36 41
1
0
44 51 53 56 67 52 45 60 48 53
2
0
57 53 44 36 42 52 41 42 33 63
3
0
50 45 45 48 58 32 36 60 39 63
4
0
61 45 63 50 65 35 55 40 62 41
5
0
42 46 60 65 69 32 63 59 40 43
6
0
51 62 47 56 49 52 52 53 59 44
7
0
47 42 74 60 53 53 52 52 52 48
8
0
69 59 40 38 47 58 46 47 39 54
9
0
76 54 43 62 61 41 55 58 50 76
10
0
38 24 45 39 49 69 42 45 40 45
11
0
49 42 28 42 42 40 66 54 56 45
12
0
43 44 58 56 58 39 53 62 47 30
13
0
52 47 47 49 50 42 51 52 57 59
14
0
46 66 66 36 40 35 46 55 35 47
15
0
71 38 45 66 65 51 57 53 32 49
16
0
53 37 59 56 63 50 43 47 62 49
17
0
54 46 50 45 45 64 60 49 60 50
18
0
35 53 42 50 47 58 40 45 61 49
19
0
51 54 40 39 36 38 47 65 41 63
20
0
51 49 51 61 50 69 48 42 68 50
21
0
62 53 62 47 48 52 36 56 44 65
22
0
37 43 52 52 48 48 53 47 53 67
23
0
61 50 56 62 44 57 55 57 42 42
24
0
49 46 41 53 53 77 28 51 62 33
25
0
67 48 50 51 48 56 52 30 46 38
26
0
53 61 52 41 55 33 61 37 63 58
27
0
45 46 38 46 48 40 50 59 41 41
28
0
59 38 57 42 61 50 55 50 50 64
29
0
51 48 53 44 45 55 64 62 56 53
30
0
56 31 57 61 43 68 37 57 56 39
31
0
46 42 44 58 45 57 44 66 59 51
32
0
42 50 29 42 55 47 57 55 47 42
33
0
50 47 34 58 47 69 36 30 46 57
34
0
41 68 67 41 40 61 55 45 35 57
35
0
52 42 58 61 67 40 66 64 76 59
36
0
61 33 44 58 39 41 39 38 43 59
37
0
58 47 54 35 49 43 56 62 62 56
38
0
46 43 47 47 38 53 45 40 44 48
39
0
62 42 50 40 53 64 41 53 74 42
40
0
57 54 57 43 54 57 54 54 46 42
41
0
45 44 65 38 42 57 37 48 39 50
42
0
49 46 40 64 36 52 53 57 49 33
43
0
52 46 45 39 49 55 41 59 46 43
44
0
49 49 65 37 42 55 72 57 47 43
45
0
60 65 62 40 44 71 46 31 36 41
46
0
54 36 48 42 62 41 65 37 55 53
47
0
56 57 57 45 55 55 34 48 60 41
48
0
47 36 65 75 46 36 49 48 44 48
49
0
64 45 49 45 55 47 40 47 55 60
50
0
26 44 64 31 38 49 49 54 46 38
51
0
72 38 58 45 63 48 44 38 47 46
52
0
50 38 57 44 49 52 40 58 40 37
53
0
55 54 51 88 35 33 67 47 51 85
54
0
56 38 54 46 35 35 37 42 48 52
55
0
38 47 40 61 62 47 66 41 64 53
56
0
55 47 44 54 49 50 40 52 48 66
57
0
54 35 43 49 66 37 64 61 34 62
58
0
36 63 62 61 38 39 56 40 42 41
59
0
38 59 69 50 46 61 52 78 60 50
60
0
58 43 51 59 37 67 88 61 32 34
61
0
59 51 44 53 40 55 62 59 51 54
62
0
53 41 45 48 48 38 58 44 50 65
63
0
41 60 52 59 32 36 46 51 33 59
64
0
51 48 43 36 46 41 42 50 45 52
65
0
40 78 51 43 43 62 42 33 60 53
66
0
66 39 53 52 49 48 42 47 45 59
67
0
47 59 45 43 59 46 46 64 43 56
68
0
53 46 61 36 48 41 52 53 43 34
69
0
60 44 53 52 54 34 50 52 65 50
70
0
57 64 39 55 33 43 57 40 42 50
71
0
51 54 54 36 48 46 44 39 49 54
72
0
56 38 56 51 58 53 29 40 40 47
73
0
45 45 30 48 49 42 39 63 50 49
74
0
57 43 55 61 53 49 53 39 63 44
75
0
47 58 64 50 57 59 59 57 52 46
76
0
57 45 54 50 44 46 44 52 44 56
77
0
52 55 44 48 33 53 52 48 50 38
78
0
46 54 60 56 34 55 53 43 40 53
79
0
30 50 49 57 45 62 53 47 55 53
80
0
53 50 67 43 38 49 34 40 46 52
81
0
46 46 31 57 56 48 41 55 43 60
82
0
25 44 70 32 50 59 50 48 55 51
83
0
59 52 51 43 49 42 45 48 54 59
84
0
50 46 41 42 39 62 52 54 38 54
85
0
49 37 55 63 43 50 53 45 61 39
86
0
55 51 41 70 44 40 53 48 55 50
87
0
47 41 35 63 53 43 40 39 52 49
88
0
66 56 34 61 64 45 55 57 47 39
89
0
52 55 77 60 59 54 40 45 45 55
90
0
69 59 49 58 68 53 64 45 48 43
91
0
54 38 38 44 55 47 41 35 58 48
92
0
43 32 68 54 44 36 42 64 50 55
93
0
38 39 38 63 66 35 41 72 55 39
94
0
35 75 63 62 48 49 58 43 64 43
95
0
43 62 45 60 38 35 58 32 50 54
96
0
53 37 58 42 75 62 56 41 52 58
97
0
58 43 47 42 46 64 43 55 41 50
98
0
48 59 61 41 55 44 70 69 27 25
99
0
47 80 53 41 46 40 58 32 66 43
100
0
40 32 56 47 49 52 63 78 38 45
101
0
63 44 53 55 38 52 61 36 62 41
102
0
44 38 49 52 52 36 31 47 49 50
103
0
50 48 41 35 60 68 37 38 45 50
104
0
55 62 45 52 65 34 54 44 33 40
105
0
54 60 57 58 47 52 66 44 53 51
106
0
52 51 54 52 47 37 53 47 35 55
107
0
52 52 45 47 55 65 42 39 38 45
108
0
50 51 32 71 47 46 50 53 47 46
109
0
42 42 48 60 53 46 53 57 57 43
110
0
48 43 35 43 39 59 29 45 46 61
111
0
56 54 48 64 66 49 45 59 39 45
112
0
52 32 50 67 47 38 30 62 54 56
113
0
60 49 37 47 43 57 59 52 48 41
114
0
51 47 46 50 46 61 53 47 44 47
115
0
53 43 48 54 42 41 35 46 52 49
116
0
51 43 48 58 49 38 66 46 46 42
117
0
37 41 58 38 61 40 52 60 54 47
118
0
42 49 38 48 49 38 33 47 51 56
119
0
47 38 62 49 33 45 45 63 51 32
120
0
48 51 60 52 52 52 62 78 47 33
121
0
60 46 53 64 66 67 43 41 49 62
122
0
39 84 51 34 56 54 63 54 50 50
123
0
55 44 65 38 49 44 64 38 52 46
124
0
44 64 70 46 47 46 54 33 59 38
125
0
33 50 52 63 47 49 55 47 40 40
126
0
56 62 32 65 36 53 39 51 61 44
127
0
46 31 46 56 47 50 54 54 40 39
128
0
42 51 27 62 61 53 49 41 39 38
129
0
41 51 51 44 46 52 57 46 41 55
130
0
50 51 52 52 43 43 69 46 44 51
131
0
40 34 59 46 53 57 28 60 40 49
132
0
52 39 51 56 52 48 64 49 46 45
133
0
40 41 57 39 28 41 41 35 60 52
134
0
48 55 56 44 51 56 44 49 65 35
135
0
46 57 60 54 68 53 50 62 43 37
136
0
52 47 48 51 51 76 47 54 68 41
137
0
28 57 45 35 35 52 44 52 57 39
138
0
76 51 56 30 50 45 69 62 62 59
139
0
47 47 35 46 51 44 46 54 70 58
140
0
55 64 58 35 66 60 37 53 44 53
141
0
37 51 43 48 48 55 68 66 58 43
142
0
30 49 42 57 52 43 59 56 44 54
143
0
64 48 38 52 55 46 46 57 55 49
144
0
66 55 42 63 61 57 64 34 46 51
145
0
56 53 35 58 58 54 45 30 42 52
146
0
44 42 60 47 51 38 68 44 56 53
147
0
74 53 39 51 59 54 57 48 70 72
148
0
48 60 48 39 61 60 45 83 39 64
149
0
57 53 32 40 40 59 52 53 61 47
150
0
40 29 34 49 46 46 42 60 57 67
151
0
39 44 56 54 51 62 58 46 48 43
152
0
42 55 62 45 42 49 49 65 56 46
153
0
60 39 49 53 55 60 43 48 65 63
154
0
58 51 56 55 37 62 41 67 53 40
155
0
60 45 55 30 48 42 38 49 31 60
156
0
57 34 38 49 57 51 52 36 45 32
157
0
51 39 39 50 53 25 27 56 50 50
158
0
48 49 70 68 67 39 42 44 46 51
159
0
39 23 45 28 40 57 56 49 52 54
160
0
49 52 65 39 59 38 51 53 49 60
161
0
40 48 56 45 73 43 63 60 37 68
162
0
38 66 61 54 51 64 44 61 61 42
163
0
87 48 57 62 68 55 49 43 46 71
164
0
55 36 43 34 49 45 59 50 36 41
165
0
65 51 32 53 50 58 29 50 42 53
166
0
63 49 45 61 37 66 56 42 50 35
167
0
55 54 44 42 39 45 41 44 51 47
168
0
29 43 40 60 59 35 61 57 42 40
169
0
51 36 49 63 44 52 52 39 46 36
170
0
46 59 41 46 50 34 49 47 30 62
171
0
66 33 56 52 47 70 47 43 62 50
172
0
67 39 53 46 52 45 56 47 43 51
173
0
65 76 51 56 38 33 50 43 46 53
174
0
45 55 50 75 55 46 48 59 56 54
175
0
59 49 30 39 63 62 39 40 55 61
176
0
47 57 44 54 40 53 46 49 53 43
177
0
36 57 46 36 41 40 48 58 38 47
178
0
61 55 48 43 36 26 76 57 50 42
179
0
51 46 46 51 50 56 38 67 59 43
180
0
45 55 63 48 44 41 46 30 58 47
181
0
62 59 57 48 34 53 60 36 71 75
182
0
54 35 64 28 26 55 50 49 56 45
183
0
56 37 54 53 58 58 48 50 74 49
184
0
79 52 42 68 56 55 47 48 58 41
185
0
34 46 41 51 43 48 37 44 50 59
186
0
45 46 44 62 57 34 27 53 58 42
187
0
52 38 47 56 55 47 62 55 44 44
188
0
63 49 54 37 52 34 59 56 56 47
189
0
45 51 46 55 59 40 51 43 36 62
190
0
48 52 45 47 42 49 46 32 44 48
191
0
36 73 41 53 66 48 53 40 50 34
192
0
60 69 60 51 51 44 48 43 56 54
193
0
61 45 43 55 53 28 49 64 57 42
194
0
53 49 51 52 47 46 49 74 51 63
195
0
52 65 40 43 38 45 44 63 54 35
196
0
41 59 43 64 46 61 52 40 37 40
197
0
53 57 49 57 55 56 46 45 55 54
198
0
52 59 60 37 64 60 55 67 46 54
199
0
44 53 48 50 52 51 67 54 59 64
