50
5
425652
0
0
42 42 43 43 44
1
0
38 38 36 37 40
2
0
42 46 44 43 44
3
0
51 50 46 46 49
4
0
75 73 73 79 72
5
0
60 57 58 57 61
6
0
33 30 33 33 34
7
0
39 44 40 47 41
8
0
60 58 54 51 60
9
0
38 34 38 38 35
10
0
50 50 49 45 51
11
0
61 65 59 63 61
12
0
66 71 72 75 69
13
0
71 67 65 72 67
14
0
44 42 41 43 44
15
0
64 67 64 67 69
16
0
68 65 65 64 70
17
0
49 47 43 44 47
18
0
69 66 64 65 73
19
0
44 45 38 42 43
20
0
61 69 66 71 68
21
0
67 73 69 71 71
22
0
53 50 47 51 46
23
0
38 37 39 37 37
24
0
36 41 42 44 40
25
0
53 52 54 52 51
26
0
72 72 78 70 79
27
0
55 54 53 55 55
28
0
37 39 41 34 39
29
0
58 63 64 62 61
30
0
53 51 53 51 55
31
0
61 59 64 64 61
32
0
47 53 47 50 45
33
0
52 48 52 48 48
34
0
63 64 64 66 68
35
0
42 38 35 38 39
36
0
63 67 68 64 66
37
0
44 49 47 45 50
38
0
62 57 59 61 56
39
0
54 53 57 55 53
40
0
45 46 46 47 45
41
0
35 31 33 39 33
42
0
45 46 43 45 48
43
0
50 53 52 50 54
44
0
44 46 45 48 46
45
0
42 42 41 40 43
46
0
74 76 73 74 74
47
0
32 31 29 32 31
48
0
57 58 60 62 69
49
0
40 42 44 40 46
