100
5
651752
0
0
53 55 39 63 60
1
0
53 49 42 66 68
2
0
59 42 32 41 41
3
0
34 68 25 50 38
4
0
49 66 28 55 42
5
0
47 42 56 55 43
6
0
34 51 55 60 42
7
0
38 45 35 43 42
8
0
35 54 43 75 51
9
0
51 28 55 44 44
10
0
38 46 42 41 44
11
0
62 55 40 59 51
12
0
79 44 35 63 56
13
0
49 48 40 46 60
14
0
44 36 56 46 65
15
0
49 43 53 45 56
16
0
61 44 55 44 53
17
0
52 63 65 51 56
18
0
40 48 45 40 64
19
0
71 64 57 49 76
20
0
47 45 41 46 44
21
0
65 71 52 73 40
22
0
75 40 56 59 44
23
0
42 47 55 50 59
24
0
50 49 39 42 45
25
0
50 60 39 47 50
26
0
58 47 46 50 48
27
0
55 59 38 79 61
28
0
44 49 65 63 33
29
0
42 39 48 31 58
30
0
57 60 58 40 43
31
0
35 63 41 72 48
32
0
65 50 30 45 51
33
0
42 68 43 53 57
34
0
39 30 47 58 56
35
0
45 33 48 35 52
36
0
56 53 48 45 51
37
0
47 43 48 50 47
38
0
57 52 43 55 59
39
0
47 59 58 62 52
40
0
65 47 53 61 27
41
0
46 71 39 50 49
42
0
44 58 32 46 40
43
0
52 36 64 57 38
44
0
42 42 32 39 27
45
0
50 75 62 53 44
46
0
43 55 51 53 46
47
0
55 63 50 54 68
48
0
54 37 57 39 68
49
0
61 50 63 53 43
50
0
42 52 50 59 58
51
0
45 55 50 54 46
52
0
52 62 46 55 39
53
0
65 68 45 49 38
54
0
73 31 31 45 50
55
0
40 55 54 65 64
56
0
47 62 39 65 45
57
0
34 50 43 46 45
58
0
46 45 59 54 41
59
0
60 52 37 45 53
60
0
62 44 31 50 58
61
0
37 52 51 37 56
62
0
69 42 49 50 55
63
0
52 41 57 52 43
64
0
39 54 53 42 40
65
0
51 44 51 40 32
66
0
33 68 49 53 52
67
0
54 62 54 32 45
68
0
47 43 41 38 74
69
0
50 44 51 45 56
70
0
57 52 42 66 40
71
0
51 59 42 45 50
72
0
60 43 53 68 47
73
0
46 60 57 59 44
74
0
57 71 54 63 60
75
0
49 50 46 58 67
76
0
52 44 50 67 42
77
0
49 53 55 57 51
78
0
58 49 38 34 61
79
0
65 48 46 59 54
80
0
50 46 39 50 64
81
0
50 41 56 53 52
82
0
58 76 61 50 57
83
0
42 64 73 53 40
84
0
48 41 66 54 49
85
0
45 60 57 49 47
86
0
48 36 51 62 48
87
0
40 47 37 44 50
88
0
56 46 65 45 39
89
0
47 58 62 36 42
90
0
38 62 52 42 34
91
0
67 65 36 45 47
92
0
54 58 74 37 68
93
0
40 48 52 37 45
94
0
55 34 49 45 54
95
0
57 44 51 71 52
96
0
50 49 54 36 47
97
0
54 46 52 39 39
98
0
36 63 44 57 43
99
0
54 47 68 55 44
