200
5
499451
0
0
42 54 50 57 59
1
0
50 53 44 35 45
2
0
29 54 56 59 42
3
0
67 50 66 53 81
4
0
66 58 46 40 71
5
0
55 34 55 63 64
6
0
54 46 51 52 46
7
0
50 60 48 45 43
8
0
34 55 55 57 49
9
0
43 57 33 53 40
10
0
46 50 53 49 60
11
0
43 46 74 58 40
12
0
47 67 57 63 56
13
0
52 55 54 54 54
14
0
63 42 44 39 63
15
0
45 44 60 42 35
16
0
29 42 69 59 57
17
0
62 40 55 39 57
18
0
57 44 44 37 31
19
0
62 52 51 50 33
20
0
55 64 44 35 46
21
0
48 61 47 58 48
22
0
52 38 43 53 54
23
0
61 46 34 66 53
24
0
67 42 51 62 56
25
0
52 51 45 68 40
26
0
45 52 55 55 43
27
0
43 55 39 70 66
28
0
38 79 52 37 46
29
0
59 54 45 41 55
30
0
76 49 47 47 51
31
0
46 40 50 63 25
32
0
45 41 37 62 58
33
0
46 44 52 39 55
34
0
52 49 50 70 24
35
0
51 46 50 48 42
36
0
56 50 60 58 49
37
0
47 62 46 58 40
38
0
54 56 53 47 53
39
0
64 55 52 45 50
40
0
42 54 41 46 53
41
0
65 72 34 49 45
42
0
67 57 64 52 60
43
0
77 74 61 36 40
44
0
63 58 63 26 57
45
0
31 70 37 47 47
46
0
46 64 36 46 49
47
0
30 51 68 51 56
48
0
41 61 44 49 50
49
0
60 52 56 39 52
50
0
46 47 56 56 51
51
0
45 50 48 38 75
52
0
46 25 41 41 62
53
0
41 45 48 42 52
54
0
49 56 52 42 41
55
0
55 64 49 65 69
56
0
65 39 47 54 66
57
0
34 54 44 47 60
58
0
35 56 37 47 37
59
0
62 52 37 49 40
60
0
52 54 50 64 53
61
0
57 38 62 45 44
62
0
41 49 56 41 58
63
0
45 40 62 63 31
64
0
37 54 56 49 41
65
0
55 38 37 43 41
66
0
44 41 39 46 43
67
0
59 53 69 76 37
68
0
53 50 45 41 46
69
0
76 49 64 55 55
70
0
51 48 45 38 52
71
0
47 36 32 44 49
72
0
67 60 54 44 75
73
0
64 58 66 42 49
74
0
68 44 52 56 37
75
0
45 54 63 54 37
76
0
48 49 30 36 60
77
0
45 44 50 48 49
78
0
59 57 59 69 52
79
0
63 64 62 36 60
80
0
44 59 35 62 61
81
0
54 42 54 62 47
82
0
40 32 54 58 43
83
0
53 34 38 45 40
84
0
59 52 46 44 53
85
0
46 26 52 51 36
86
0
68 49 39 64 68
87
0
49 44 51 52 57
88
0
56 54 46 55 27
89
0
58 51 48 70 47
90
0
37 58 46 45 34
91
0
38 56 39 40 49
92
0
48 45 50 56 48
93
0
55 42 60 36 32
94
0
71 45 60 41 61
95
0
37 47 59 56 42
96
0
54 56 45 45 52
97
0
54 48 40 29 54
98
0
63 44 65 56 49
99
0
77 37 42 34 57
100
0
43 53 53 44 52
101
0
37 51 47 35 35
102
0
60 65 48 76 59
103
0
36 44 57 51 45
104
0
60 46 47 58 52
105
0
46 59 45 41 78
106
0
57 54 46 59 44
107
0
35 44 77 36 42
108
0
28 60 49 60 71
109
0
58 55 64 52 42
110
0
45 69 49 47 63
111
0
48 50 52 53 49
112
0
65 48 51 51 45
113
0
58 64 30 35 35
114
0
49 58 62 67 37
115
0
55 50 42 42 54
116
0
56 69 47 55 55
117
0
51 48 45 54 47
118
0
55 47 62 53 42
119
0
42 57 49 58 60
120
0
39 44 46 50 43
121
0
61 47 54 56 44
122
0
46 56 58 55 57
123
0
70 35 54 48 52
124
0
51 34 51 65 64
125
0
54 57 35 42 40
126
0
58 40 57 41 60
127
0
49 46 41 32 46
128
0
77 31 65 45 66
129
0
58 60 35 55 39
130
0
47 57 48 57 50
131
0
63 62 58 56 52
132
0
43 35 47 43 44
133
0
62 42 49 50 42
134
0
64 39 49 38 57
135
0
60 36 51 40 47
136
0
51 34 40 44 43
137
0
74 56 54 39 41
138
0
54 40 44 54 59
139
0
52 45 39 67 44
140
0
37 29 37 47 50
141
0
49 46 58 36 60
142
0
52 59 57 35 31
143
0
45 47 64 41 38
144
0
60 68 64 55 31
145
0
46 60 44 19 38
146
0
35 60 39 37 44
147
0
52 47 48 41 41
148
0
65 40 53 56 57
149
0
46 65 57 54 54
150
0
42 31 55 42 46
151
0
46 38 32 59 45
152
0
45 37 53 54 42
153
0
68 46 51 58 45
154
0
29 65 38 43 61
155
0
60 62 52 49 53
156
0
56 48 36 32 38
157
0
50 36 58 44 59
158
0
48 35 39 53 46
159
0
57 64 50 63 44
160
0
53 55 71 44 40
161
0
52 49 39 53 40
162
0
46 50 40 46 41
163
0
50 73 48 30 45
164
0
26 67 52 53 43
165
0
51 49 57 47 43
166
0
60 49 48 56 48
167
0
57 58 49 55 42
168
0
52 27 32 43 44
169
0
49 50 51 57 52
170
0
60 44 41 76 39
171
0
49 46 58 52 68
172
0
59 37 72 49 52
173
0
52 52 44 49 48
174
0
54 52 56 56 46
175
0
39 49 46 33 62
176
0
41 69 43 53 69
177
0
67 40 44 41 49
178
0
46 45 31 61 49
179
0
61 41 45 61 65
180
0
52 58 45 28 46
181
0
48 64 53 46 55
182
0
57 47 51 31 39
183
0
48 71 42 53 58
184
0
49 32 49 51 38
185
0
49 64 68 53 50
186
0
53 50 48 49 47
187
0
36 55 60 60 50
188
0
39 70 57 38 47
189
0
31 49 57 46 44
190
0
41 42 45 45 58
191
0
50 48 49 50 66
192
0
50 51 51 60 32
193
0
42 44 47 49 40
194
0
52 55 77 42 50
195
0
41 48 38 60 46
196
0
40 44 44 40 54
197
0
43 39 38 63 54
198
0
48 44 44 59 52
199
0
50 62 26 52 44
