50
10
692467
0
0
53 50 52 56 55 49 53 51 52 56
1
0
60 61 59 64 61 59 58 58 56 56
2
0
25 25 26 26 26 25 27 25 26 26
3
0
46 46 46 43 47 46 46 42 43 46
4
0
51 48 50 49 48 47 47 53 48 45
5
0
36 38 39 40 38 38 37 42 35 37
6
0
34 32 35 32 35 35 31 35 37 37
7
0
41 45 43 45 42 46 41 41 43 44
8
0
70 65 68 68 72 63 61 67 65 68
9
0
54 56 52 55 53 55 51 54 51 50
10
0
28 31 33 29 32 31 31 29 33 28
11
0
69 69 65 67 66 64 65 68 66 67
12
0
48 47 44 47 47 45 47 45 42 45
13
0
42 43 38 39 38 42 39 40 41 41
14
0
49 44 43 42 42 47 42 41 43 44
15
0
52 55 53 51 52 51 53 55 53 54
16
0
60 63 57 56 57 56 61 58 61 59
17
0
39 39 42 43 39 40 45 41 44 41
18
0
42 44 42 49 47 47 45 45 47 47
19
0
58 64 60 60 64 63 64 59 57 63
20
0
59 62 62 60 57 63 59 58 60 61
21
0
36 43 41 40 41 40 43 37 40 41
22
0
52 50 49 52 46 47 52 53 47 51
23
0
46 46 44 44 45 48 44 44 43 44
24
0
54 56 61 59 55 57 55 58 58 56
25
0
35 39 36 35 37 39 41 39 40 38
26
0
68 65 68 71 70 72 71 71 70 71
27
0
40 41 42 41 39 41 38 39 41 41
28
0
61 59 55 59 60 61 64 60 62 60
29
0
62 61 65 62 61 61 60 62 62 63
30
0
57 61 64 58 63 61 67 65 58 64
31
0
36 34 36 33 34 32 30 32 32 34
32
0
63 60 63 60 62 59 60 61 57 64
33
0
64 63 67 64 65 68 66 61 63 63
34
0
53 53 54 57 60 62 59 59 55 55
35
0
56 58 56 59 55 60 56 58 59 58
36
0
52 50 48 50 56 49 51 48 51 50
37
0
50 54 50 55 50 51 49 53 55 52
38
0
56 63 59 68 61 64 61 63 62 61
39
0
52 54 54 54 52 50 54 51 49 57
40
0
42 44 47 46 45 46 45 47 43 47
41
0
58 53 58 52 55 55 58 55 53 58
42
0
51 48 48 50 52 51 48 52 49 49
43
0
46 48 40 44 45 47 46 45 44 43
44
0
44 45 40 43 41 44 40 43 48 42
45
0
41 37 45 44 42 41 40 40 40 43
46
0
44 42 44 44 43 43 46 46 44 43
47
0
48 42 52 47 49 49 48 43 55 48
48
0
51 52 48 49 48 53 52 51 51 52
49
0
38 33 33 37 35 35 35 35 35 36
