20
20
303251
0
0
61 60 65 64 61 61 64 64 59 61 59 59 63 64 65 62 58 62 62 61
1
0
51 54 53 53 50 55 51 53 54 50 50 49 52 53 59 52 49 51 52 53
2
0
37 34 42 38 36 36 38 39 36 37 40 36 38 38 38 39 37 36 40 35
3
0
40 36 38 37 40 36 36 41 39 37 37 38 40 38 36 40 42 39 38 36
4
0
42 37 39 39 38 37 39 39 39 42 40 39 36 41 39 39 36 41 36 39
5
0
42 38 38 35 39 40 42 41 42 41 41 42 38 40 39 39 39 41 39 37
6
0
48 49 51 49 51 48 53 53 57 50 50 50 51 48 50 48 50 49 51 50
7
0
43 44 43 42 43 42 45 43 42 43 39 42 46 41 48 45 40 42 40 44
8
0
48 49 53 57 53 55 51 54 48 52 50 53 53 54 53 52 50 49 54 51
9
0
44 42 43 46 47 43 47 43 47 46 44 45 43 48 44 42 45 44 45 42
10
0
52 55 51 52 50 54 51 51 52 57 51 49 53 51 53 52 53 55 48 50
11
0
44 47 45 42 50 46 46 43 48 42 47 46 44 46 46 43 48 46 47 46
12
0
48 46 45 49 43 45 41 45 50 45 47 47 45 46 46 42 43 47 44 47
13
0
69 70 67 67 72 69 68 71 70 62 71 73 69 73 69 72 69 65 66 70
14
0
40 38 39 38 39 39 36 37 38 41 38 35 37 36 38 40 36 37 35 37
15
0
64 66 59 55 56 57 65 54 59 56 59 60 59 61 60 64 60 60 58 62
16
0
45 44 42 39 46 46 40 48 43 42 48 47 45 45 44 41 45 42 45 40
17
0
57 57 59 58 59 62 59 60 61 61 62 61 61 58 58 60 60 59 61 63
18
0
65 64 67 67 62 68 60 63 66 65 64 64 64 63 61 64 64 65 65 64
19
0
49 54 54 53 50 57 50 55 55 50 52 51 51 55 47 52 53 52 50 56
