10
20
450534
0
0
52 51 66 53 50 53 56 51 51 42 45 47 39 50 37 53 51 47 55 55
1
0
39 54 43 55 49 42 50 54 53 35 31 59 36 42 75 42 42 59 40 41
2
0
71 31 51 50 65 43 56 39 46 58 57 36 44 45 54 31 55 42 40 61
3
0
47 53 55 36 72 46 68 48 45 38 47 47 74 39 45 50 54 43 52 56
4
0
55 52 58 44 42 66 67 48 52 47 48 61 48 43 47 69 43 50 39 48
5
0
41 37 55 56 61 47 53 38 60 66 47 69 63 39 52 49 53 55 38 38
6
0
52 72 43 52 56 43 49 52 37 39 52 53 59 49 63 44 48 48 51 50
7
0
47 44 55 43 51 55 55 58 64 48 50 44 27 44 58 44 33 41 27 54
8
0
56 57 49 47 54 52 49 34 69 39 34 48 62 46 52 57 50 42 41 46
9
0
32 42 47 54 44 86 39 57 35 57 49 70 53 40 31 65 41 51 44 43
