20
20
633552
0
0
55 57 52 53 53 56 57 54 53 56 51 53 54 55 56 55 56 56 52 52
1
0
55 54 54 49 56 53 52 50 54 51 54 55 56 51 53 54 57 52 54 53
2
0
47 49 47 51 44 47 48 47 46 46 47 48 47 45 46 49 47 47 48 49
3
0
50 49 47 42 48 48 49 47 49 48 51 45 51 49 48 47 47 45 47 50
4
0
60 62 63 57 62 63 58 63 60 59 60 61 62 60 61 62 61 64 67 65
5
0
57 62 57 59 58 61 58 55 57 54 56 56 57 57 60 54 58 56 58 56
6
0
47 45 46 45 46 43 44 43 46 42 44 47 45 41 42 42 44 44 44 43
7
0
65 62 61 62 59 65 62 61 62 63 59 62 61 63 59 58 64 62 63 63
8
0
61 64 63 65 66 66 64 64 65 60 67 68 68 63 62 61 66 65 64 64
9
0
45 47 50 48 46 47 48 45 48 46 49 51 47 47 47 48 46 48 50 52
10
0
45 42 43 43 42 46 43 43 41 44 46 43 42 43 44 41 43 42 43 41
11
0
39 41 46 38 42 42 40 42 43 42 40 40 39 41 41 41 41 39 42 40
12
0
39 39 38 39 38 40 41 42 40 38 39 37 35 37 37 40 40 41 42 41
13
0
56 56 58 55 55 53 58 57 57 51 59 61 51 58 55 55 56 57 55 56
14
0
46 48 45 47 47 46 45 48 47 49 46 47 47 46 50 45 48 49 46 46
15
0
72 74 72 66 72 70 71 75 66 71 73 73 71 69 71 69 70 73 72 66
16
0
62 59 61 61 58 59 55 61 62 59 59 59 60 62 57 58 63 57 59 63
17
0
53 57 59 57 57 61 59 56 61 60 60 57 58 58 56 59 59 56 60 57
18
0
43 45 44 44 48 43 45 47 47 45 45 46 44 46 43 46 46 45 42 46
19
0
43 44 39 43 41 44 42 46 43 44 44 43 43 45 44 45 48 45 40 42
