30
10
623489
0
0
50 57 56 65 61 64 42 36 65 44
1
0
47 61 56 70 60 69 39 37 64 48
2
0
50 57 56 66 61 62 40 38 62 46
3
0
48 58 53 67 59 68 43 38 64 44
4
0
47 61 56 73 64 64 44 34 68 45
5
0
51 55 57 66 54 67 40 36 60 45
6
0
50 56 55 71 57 65 43 37 67 45
7
0
50 60 56 68 58 64 41 38 64 48
8
0
49 57 56 68 57 64 39 36 62 48
9
0
50 60 55 69 60 66 40 34 62 46
10
0
52 61 53 63 55 67 42 32 61 44
11
0
46 60 58 72 60 65 44 34 66 47
12
0
48 57 59 69 63 62 43 35 66 47
13
0
51 59 59 64 59 61 40 36 66 48
14
0
50 58 60 71 61 64 44 34 62 47
15
0
53 60 56 69 60 67 41 36 63 45
16
0
50 56 56 67 58 66 40 37 69 44
17
0
53 62 55 65 59 62 40 40 68 48
18
0
49 62 56 69 56 65 41 37 61 47
19
0
50 58 61 67 55 62 43 38 64 47
20
0
50 59 58 66 56 63 39 36 62 46
21
0
47 60 59 67 57 64 40 40 66 50
22
0
51 64 58 64 59 62 40 40 62 44
23
0
51 62 60 69 63 63 41 37 65 47
24
0
49 59 58 65 55 65 37 38 65 48
25
0
50 58 59 69 61 64 43 33 64 46
26
0
49 57 60 63 54 60 43 36 64 47
27
0
50 57 61 65 59 63 42 37 64 45
28
0
49 62 60 70 57 67 40 39 60 46
29
0
46 58 57 68 60 65 41 37 66 45
