20
10
533871
0
0
72 36 85 43 62 58 49 49 74 40
1
0
74 36 84 38 61 58 46 50 71 36
2
0
69 32 90 41 57 53 45 49 71 37
3
0
73 35 81 42 60 56 47 49 71 35
4
0
70 36 91 41 61 60 43 56 70 38
5
0
69 37 82 42 59 58 45 53 72 35
6
0
73 37 85 40 57 58 45 52 75 33
7
0
70 38 86 43 61 58 48 46 76 35
8
0
69 37 83 43 60 60 43 52 69 37
9
0
72 34 81 40 56 55 42 49 71 37
10
0
72 38 83 40 59 59 44 51 68 36
11
0
71 39 81 40 58 59 47 49 74 36
12
0
71 36 85 38 63 59 45 53 66 36
13
0
73 37 87 42 61 62 48 45 72 35
14
0
78 38 85 40 62 57 45 50 73 37
15
0
70 36 79 38 61 58 45 56 69 38
16
0
72 35 84 42 59 60 46 50 73 36
17
0
71 40 80 40 60 58 45 52 72 38
18
0
71 36 82 42 58 58 46 48 74 38
19
0
72 36 90 42 55 57 43 55 74 37
