50
20
821255
0
0
50 47 31 64 48 36 48 49 36 51 77 50 49 60 44 43 58 49 61 38
1
0
49 39 44 54 49 48 34 50 33 48 29 38 52 32 57 61 36 47 58 51
2
0
45 41 68 62 32 42 34 47 57 65 56 44 43 47 57 61 52 33 62 44
3
0
35 52 49 63 44 46 41 45 47 54 48 49 44 35 57 34 44 57 38 37
4
0
54 66 53 47 51 37 34 61 47 58 52 52 76 43 45 39 38 53 35 76
5
0
49 59 41 58 49 59 40 55 46 53 50 46 50 67 49 52 44 61 53 51
6
0
48 58 52 34 51 66 58 53 59 65 45 35 36 39 46 55 48 35 52 36
7
0
49 54 51 64 51 56 47 53 46 43 37 36 46 61 46 38 43 51 54 53
8
0
58 71 46 46 44 27 45 44 55 62 55 41 54 35 61 57 45 37 66 48
9
0
22 63 61 35 33 51 67 53 66 43 71 65 51 47 45 46 49 51 43 52
10
0
50 56 41 58 55 36 47 60 61 60 55 44 64 46 48 61 50 46 47 52
11
0
66 43 66 37 45 50 52 44 45 58 40 25 47 47 60 54 38 48 49 47
12
0
40 71 55 49 53 51 42 51 65 36 40 39 85 38 69 47 51 60 51 48
13
0
50 42 39 56 52 73 51 35 58 51 66 60 57 44 57 48 55 48 55 48
14
0
49 57 52 50 41 62 51 41 48 48 45 61 47 51 54 53 56 44 43 58
15
0
54 29 35 43 49 39 40 64 42 57 52 53 52 60 45 52 55 65 49 54
16
0
54 64 57 44 33 61 55 48 52 49 42 53 47 56 53 57 62 55 63 50
17
0
51 40 41 38 67 57 41 43 38 53 36 53 55 59 85 57 47 46 45 38
18
0
50 35 59 33 66 41 69 49 52 47 53 50 52 33 49 55 54 47 54 66
19
0
41 65 42 31 43 57 51 37 50 45 49 51 80 56 58 49 47 36 34 64
20
0
71 53 41 51 41 34 38 49 39 47 58 31 42 45 56 50 76 47 32 34
21
0
53 44 51 60 39 40 38 61 50 42 45 72 46 44 31 50 51 53 47 57
22
0
53 53 38 46 22 34 40 60 51 48 51 55 40 50 48 40 42 52 38 41
23
0
51 48 45 51 38 59 43 63 55 41 39 48 67 35 58 44 37 40 46 47
24
0
50 53 70 60 51 67 47 41 48 34 53 59 46 58 40 45 52 53 42 56
25
0
38 57 47 56 46 45 44 41 52 41 35 50 43 68 37 35 43 56 49 62
26
0
46 62 43 44 48 50 50 53 43 44 60 55 45 43 67 39 34 26 45 57
27
0
40 33 68 55 67 54 39 71 46 29 56 52 38 36 72 57 32 44 45 47
28
0
44 34 61 35 49 49 56 50 49 48 58 48 44 51 50 63 36 66 56 54
29
0
45 48 42 63 49 53 48 48 52 68 45 55 46 44 49 75 50 50 53 68
30
0
78 34 47 51 33 41 50 44 63 40 44 45 49 54 45 42 39 61 45 59
31
0
42 72 49 49 43 75 57 34 44 50 47 47 59 46 50 50 41 54 50 36
32
0
57 53 54 73 44 46 33 49 52 27 67 37 61 36 63 45 48 62 51 52
33
0
29 38 52 41 34 45 62 41 52 55 48 55 40 37 44 38 37 54 73 53
34
0
46 48 51 40 36 48 48 39 58 36 39 47 35 53 45 45 56 48 64 68
35
0
58 50 55 64 65 60 44 58 59 51 59 52 58 38 67 67 54 54 56 49
36
0
78 53 28 31 36 36 66 60 40 57 69 37 51 41 65 41 60 49 38 37
37
0
54 52 42 43 53 33 46 46 53 50 39 62 53 74 52 47 49 63 49 58
38
0
47 58 50 59 51 46 55 49 68 37 52 52 58 45 43 59 51 49 35 30
39
0
43 53 59 35 36 39 57 71 41 51 47 52 55 60 54 47 51 49 53 52
40
0
71 44 67 36 47 58 47 45 53 63 36 53 37 60 50 50 42 55 56 58
41
0
77 70 50 38 64 57 38 53 43 36 50 37 61 52 40 79 51 55 61 63
42
0
87 52 53 58 58 35 48 44 32 57 58 46 65 40 61 39 53 58 27 49
43
0
49 48 37 37 52 41 43 40 60 45 45 47 47 56 52 57 53 32 49 31
44
0
44 55 59 55 50 43 56 36 49 51 65 55 46 61 67 46 53 60 51 51
45
0
45 55 63 54 56 61 36 58 50 34 40 74 54 43 49 43 46 65 56 48
46
0
56 44 52 41 52 43 41 50 50 61 42 36 43 62 52 38 42 56 72 58
47
0
58 41 63 57 33 55 41 45 57 43 48 56 38 32 51 42 35 60 45 47
48
0
52 56 37 46 35 54 42 48 48 60 51 57 40 48 52 57 44 46 51 50
49
0
47 45 46 49 58 54 48 54 54 43 42 52 45 49 59 29 49 44 39 45
