200
20
524803
0
0
53 50 54 38 36 43 49 50 31 63 64 50 52 41 45 55 48 47 45 50
1
0
51 56 56 44 35 37 49 48 35 59 62 52 49 42 50 61 47 52 44 54
2
0
51 53 58 38 39 40 49 50 33 59 64 52 56 40 47 60 42 47 44 55
3
0
50 54 56 39 35 42 47 47 36 61 63 50 52 37 43 58 47 49 43 55
4
0
50 53 55 40 34 38 48 45 35 61 65 52 53 39 47 57 49 49 43 52
5
0
49 51 57 40 34 40 49 49 36 58 63 48 53 40 46 56 48 50 47 51
6
0
48 56 56 39 34 38 47 53 33 60 62 49 55 41 43 54 43 53 46 51
7
0
49 52 57 40 34 40 49 53 31 63 61 52 57 37 45 65 48 46 46 54
8
0
45 51 56 42 39 45 49 53 36 54 66 51 48 44 45 58 46 50 45 58
9
0
52 49 57 39 37 40 47 52 32 58 63 50 51 41 44 57 42 48 49 54
10
0
49 52 53 38 36 37 48 53 32 62 64 50 52 42 44 59 47 49 49 51
11
0
51 54 55 41 40 43 48 55 30 64 63 50 56 37 48 57 43 52 44 54
12
0
47 54 54 42 36 39 48 52 33 58 64 50 50 39 49 60 46 54 45 54
13
0
48 53 55 40 33 38 48 49 32 59 64 48 57 42 44 58 44 49 45 53
14
0
49 49 57 40 36 38 48 47 34 61 64 57 54 40 47 60 47 48 44 55
15
0
49 54 54 41 36 39 49 49 34 60 64 51 56 38 47 59 46 50 46 52
16
0
47 52 61 42 35 40 52 51 30 66 64 56 47 38 47 59 46 45 41 53
17
0
51 51 57 41 32 41 49 52 34 63 67 49 54 42 45 55 45 46 45 55
18
0
48 53 53 41 39 40 46 50 29 64 63 51 54 38 48 58 46 51 47 53
19
0
48 54 58 41 37 39 47 49 33 62 63 54 53 40 48 57 47 51 45 55
20
0
47 49 58 41 39 43 45 47 31 60 62 54 51 39 48 58 48 52 48 55
21
0
54 54 56 43 39 40 49 49 30 63 65 50 52 38 45 63 49 46 47 55
22
0
46 54 59 38 39 38 47 45 32 61 60 52 53 39 43 59 41 49 46 52
23
0
49 51 56 39 37 41 50 46 32 62 65 58 52 40 48 57 48 51 43 56
24
0
50 51 58 42 35 35 47 47 33 59 68 53 52 41 45 57 47 46 44 52
25
0
50 53 55 37 37 42 45 50 34 59 62 53 55 39 49 61 46 45 48 54
26
0
50 58 55 47 35 40 46 49 34 64 65 51 57 39 45 59 47 50 43 57
27
0
56 57 61 42 36 38 47 51 33 63 67 51 52 43 46 59 47 49 47 55
28
0
55 53 56 37 38 39 49 47 32 64 60 55 54 38 43 54 45 47 48 53
29
0
51 53 54 38 37 38 50 52 34 62 64 55 51 41 46 58 43 50 43 55
30
0
46 55 55 41 38 40 48 47 35 59 65 54 53 40 46 59 47 52 48 53
31
0
49 55 57 38 36 40 49 50 34 60 66 54 53 40 48 55 47 48 43 54
32
0
48 51 56 40 37 38 46 50 32 62 61 53 51 42 46 59 45 48 44 55
33
0
53 58 57 41 36 42 45 50 35 57 63 54 49 39 47 60 46 48 47 55
34
0
47 52 56 41 38 42 46 48 33 66 63 53 53 42 48 62 43 51 44 51
35
0
51 54 60 38 40 38 47 44 33 60 61 47 55 41 45 59 50 51 46 51
36
0
50 51 58 38 36 39 45 45 33 63 66 47 52 43 50 54 46 50 43 49
37
0
50 56 56 41 37 40 45 50 30 58 62 56 54 38 46 59 44 48 43 52
38
0
51 52 53 37 35 40 48 48 31 60 65 53 51 41 44 58 48 49 44 56
39
0
50 52 60 40 38 37 49 48 37 65 64 49 54 38 46 57 46 50 46 55
40
0
54 55 61 37 38 40 52 51 29 58 67 49 51 41 45 64 45 49 47 54
41
0
49 56 57 40 37 37 50 50 31 63 64 48 48 38 48 57 42 50 44 53
42
0
47 54 58 40 35 38 47 51 32 64 65 50 55 42 48 57 48 47 47 54
43
0
55 53 58 41 36 40 50 50 31 60 65 53 51 44 40 61 45 52 40 54
44
0
48 55 55 38 35 38 49 48 35 63 65 46 50 38 45 57 46 48 42 60
45
0
50 54 56 40 37 39 49 51 35 62 67 51 56 40 42 63 47 51 46 56
46
0
45 49 51 38 39 40 50 48 32 62 66 54 54 40 47 57 45 45 43 54
47
0
48 53 58 41 36 40 47 51 34 58 62 52 50 39 45 57 44 52 43 53
48
0
50 51 58 41 38 40 50 53 35 65 62 52 55 42 46 60 50 47 40 55
49
0
49 53 54 39 37 39 44 48 34 59 62 48 54 42 45 56 46 48 43 52
50
0
49 57 57 39 39 39 50 52 32 61 64 49 53 39 46 59 47 47 46 55
51
0
48 53 58 39 38 40 45 47 33 63 63 50 55 40 47 59 45 45 41 52
52
0
48 53 54 41 38 38 45 49 31 60 62 54 56 40 44 64 49 49 43 52
53
0
46 54 57 39 37 40 48 52 32 60 61 53 55 41 46 58 47 50 44 53
54
0
52 52 59 40 34 44 47 51 36 63 59 54 54 39 42 56 51 47 44 55
55
0
50 53 60 46 37 38 47 48 33 64 68 56 54 42 46 60 48 51 48 52
56
0
48 53 55 40 36 37 49 48 32 67 68 53 53 43 46 54 47 46 42 53
57
0
52 49 60 39 37 38 49 48 34 68 64 50 52 40 46 62 48 46 46 55
58
0
55 51 59 41 38 40 46 47 32 57 63 51 51 40 48 58 43 49 45 53
59
0
50 55 58 44 35 40 45 48 30 58 62 51 53 40 46 56 47 48 44 54
60
0
50 52 58 40 40 39 48 47 32 68 66 49 50 40 44 63 46 47 45 52
61
0
49 51 55 42 34 38 50 55 33 62 67 50 55 39 48 57 47 50 44 57
62
0
49 54 57 39 38 39 47 50 32 58 61 50 51 37 46 55 49 48 47 51
63
0
52 53 56 38 35 39 49 53 34 62 64 51 52 44 48 56 47 49 46 54
64
0
49 56 51 38 37 37 44 49 33 64 61 55 53 41 48 58 42 50 46 52
65
0
49 55 58 37 38 39 48 52 34 61 67 53 56 42 47 61 48 47 43 54
66
0
51 52 53 37 33 43 48 49 33 62 61 51 52 40 47 55 45 49 43 54
67
0
54 53 56 43 35 39 47 46 32 60 67 51 55 42 46 59 48 49 45 51
68
0
53 54 59 38 38 40 51 49 34 62 64 54 57 40 49 61 43 49 49 55
69
0
51 51 56 42 35 41 47 50 34 62 63 49 55 41 46 61 44 50 48 52
70
0
49 50 60 39 35 35 49 49 36 61 62 49 50 38 46 60 47 47 42 53
71
0
49 54 55 41 37 41 51 52 35 62 63 51 53 40 49 59 44 47 44 55
72
0
48 53 57 42 37 40 44 50 33 64 62 55 48 39 43 63 46 49 43 52
73
0
47 52 52 42 35 37 46 50 31 63 62 52 55 38 47 57 48 46 47 51
74
0
47 53 59 42 37 34 49 50 35 63 66 52 54 40 51 59 48 50 46 56
75
0
51 55 59 43 37 37 51 49 32 62 60 54 52 39 48 59 49 52 45 52
76
0
51 52 56 40 37 40 48 49 34 63 65 54 50 40 45 55 46 47 47 50
77
0
49 57 55 40 40 36 49 47 35 57 58 55 49 43 46 60 42 47 47 55
78
0
46 52 58 41 39 39 50 48 33 60 67 49 52 40 47 58 46 50 46 52
79
0
52 53 55 39 37 37 48 56 33 66 64 52 51 38 42 54 44 50 44 52
80
0
48 52 53 34 36 40 50 46 32 63 59 53 55 38 46 54 45 53 41 52
81
0
50 55 58 40 37 40 52 54 29 64 63 51 53 38 45 59 46 49 41 49
82
0
48 56 54 40 35 39 47 51 34 59 66 52 49 40 45 57 49 51 48 55
83
0
54 50 59 37 37 41 49 49 34 64 63 52 50 42 51 58 48 48 43 54
84
0
52 53 56 40 35 41 47 47 31 63 66 51 52 42 43 56 44 47 42 55
85
0
49 56 57 41 38 40 48 52 34 63 60 54 56 39 47 57 48 45 45 52
86
0
52 55 55 40 34 38 49 53 38 65 65 49 55 43 46 58 45 52 42 55
87
0
45 54 57 44 36 37 49 48 30 63 64 49 53 39 45 57 45 49 45 55
88
0
51 52 62 39 38 41 49 51 33 64 63 54 58 42 48 53 50 46 42 51
89
0
48 52 60 39 38 41 48 48 34 58 61 49 53 37 46 55 45 50 45 52
90
0
49 52 58 39 36 41 44 51 35 59 64 49 51 40 46 59 44 46 45 53
91
0
48 55 55 40 36 43 47 50 34 62 64 53 49 45 42 59 47 52 45 54
92
0
51 53 56 43 40 36 48 47 35 61 67 51 50 39 46 54 46 47 40 54
93
0
52 54 55 42 37 42 47 47 33 65 67 52 51 37 46 54 47 46 43 52
94
0
52 54 60 42 37 41 45 51 31 63 63 50 52 37 45 61 47 47 44 52
95
0
53 54 57 42 34 38 50 47 34 68 64 51 58 40 46 59 44 49 43 52
96
0
49 56 56 44 39 38 50 50 36 61 64 49 51 40 48 56 41 46 44 55
97
0
50 58 56 43 39 40 46 45 33 64 69 54 52 42 43 53 47 49 44 58
98
0
49 54 60 40 37 37 46 46 36 60 64 50 55 38 47 57 46 51 43 55
99
0
49 51 57 37 37 38 48 54 32 60 62 52 50 39 48 57 51 47 45 52
100
0
48 55 60 39 36 43 49 48 38 58 62 52 56 40 47 55 47 53 47 51
101
0
52 54 57 40 36 43 48 49 32 64 68 54 50 41 43 59 45 50 48 52
102
0
52 55 56 39 33 40 46 48 36 59 63 52 50 38 44 52 44 46 46 57
103
0
50 51 62 40 36 39 47 49 35 60 64 55 52 40 46 59 47 52 46 52
104
0
55 52 62 40 39 40 50 51 33 62 66 54 51 40 44 60 47 47 45 49
105
0
47 56 59 37 39 42 47 52 33 62 63 49 52 40 47 58 43 46 45 55
106
0
49 49 53 37 35 37 51 52 34 64 59 51 50 42 47 62 50 52 45 55
107
0
49 52 55 36 33 38 50 48 35 63 63 51 51 40 46 56 45 50 46 52
108
0
50 56 57 42 37 36 49 47 32 63 61 50 55 38 47 58 46 48 47 54
109
0
50 51 57 39 38 41 47 50 34 61 64 56 51 43 45 61 48 48 43 51
110
0
49 53 56 40 38 37 45 49 34 62 66 54 51 38 49 58 47 47 45 53
111
0
50 51 63 43 39 40 47 51 33 59 66 52 54 41 43 59 49 48 41 54
112
0
52 52 57 41 39 40 46 52 35 61 63 54 55 42 46 54 45 48 52 52
113
0
51 53 54 37 37 41 51 51 35 62 64 50 54 41 45 57 47 50 47 52
114
0
47 54 60 43 35 41 41 49 31 57 64 48 50 41 46 58 43 49 45 51
115
0
51 56 58 42 35 37 47 53 33 59 68 50 53 40 45 60 47 50 46 53
116
0
51 56 58 42 34 37 49 52 32 61 64 56 54 40 46 61 48 47 45 58
117
0
49 55 59 40 34 39 49 48 33 62 62 51 57 42 48 59 44 50 42 50
118
0
49 52 59 41 40 37 50 52 32 55 65 51 50 40 42 57 48 51 49 56
119
0
47 52 59 40 34 37 45 52 32 64 61 52 51 39 49 60 45 48 42 51
120
0
49 51 54 39 38 37 46 51 33 61 64 51 55 43 46 58 47 47 42 54
121
0
47 52 57 39 33 39 45 48 36 61 63 51 51 37 45 60 41 51 46 54
122
0
50 51 54 39 39 37 46 51 31 58 68 54 54 38 47 59 44 48 41 53
123
0
49 54 56 41 36 41 51 47 32 60 63 55 52 40 48 63 44 49 43 50
124
0
47 52 56 40 35 36 45 53 37 59 65 52 53 39 47 55 45 50 44 56
125
0
48 52 58 38 38 39 46 50 33 63 63 50 56 42 47 61 48 46 45 54
126
0
50 53 55 41 35 41 47 47 32 61 60 54 53 40 45 56 45 51 46 51
127
0
49 57 57 40 34 39 42 49 34 60 63 53 53 41 45 61 45 48 44 56
128
0
48 54 59 39 34 37 49 47 32 60 66 49 54 38 47 57 45 49 46 54
129
0
51 54 55 42 36 39 47 49 33 60 64 53 52 37 47 61 48 50 44 55
130
0
50 54 56 39 36 35 51 51 33 60 60 52 51 40 43 59 47 50 43 51
131
0
47 50 58 41 35 39 48 52 35 61 63 52 54 39 49 64 49 48 46 54
132
0
49 52 56 39 39 37 48 49 33 62 62 52 51 41 47 56 47 49 42 49
133
0
52 55 56 38 36 40 47 49 33 63 62 52 56 40 48 61 49 52 45 50
134
0
50 52 59 40 35 37 48 52 35 63 62 51 54 40 46 58 45 50 46 53
135
0
49 53 58 40 35 41 45 52 33 61 63 48 50 38 44 62 44 52 43 56
136
0
47 54 55 40 34 36 47 53 32 60 63 52 55 41 43 55 44 50 43 53
137
0
50 51 55 40 34 39 45 51 33 62 65 49 54 40 46 56 44 52 41 56
138
0
53 56 54 41 36 39 51 49 32 63 63 49 48 43 47 60 44 49 41 60
139
0
53 53 57 39 37 36 48 47 33 59 66 50 53 38 47 58 47 47 45 57
140
0
52 52 58 38 32 42 47 52 34 57 55 53 58 40 46 59 44 54 43 56
141
0
56 49 60 41 36 45 49 52 32 66 66 53 52 41 42 56 47 48 43 53
142
0
49 52 58 44 36 36 45 51 32 65 63 50 50 40 42 60 44 45 47 54
143
0
50 56 53 40 36 39 49 48 33 58 66 52 56 39 45 58 49 48 43 55
144
0
49 52 53 41 33 42 49 45 35 62 63 49 52 42 41 56 50 45 46 55
145
0
49 54 53 43 35 40 48 54 33 60 59 55 53 38 46 55 45 49 46 57
146
0
46 53 56 41 37 43 50 52 32 61 65 53 52 39 46 62 44 47 40 50
147
0
46 54 56 38 37 39 47 50 37 62 61 52 50 40 45 60 47 48 48 46
148
0
49 50 60 38 39 41 48 50 34 61 67 50 53 37 47 56 46 48 47 54
149
0
51 49 55 39 35 40 48 54 34 60 68 49 51 41 46 60 44 50 48 54
150
0
50 56 55 41 39 40 49 50 32 57 62 51 53 41 45 54 48 54 46 51
151
0
48 54 53 38 35 42 46 46 31 59 62 49 53 37 46 57 47 51 40 54
152
0
50 54 56 41 34 39 46 50 33 64 62 49 49 42 46 58 49 47 45 52
153
0
52 57 56 39 33 36 48 45 34 65 61 54 53 39 49 58 42 50 42 53
154
0
52 50 57 41 35 38 49 45 30 63 65 47 56 45 49 59 47 50 44 56
155
0
50 51 59 40 38 40 48 47 34 59 59 49 49 39 45 59 49 49 44 53
156
0
51 54 62 40 39 38 46 48 33 57 63 51 53 41 46 61 45 49 48 60
157
0
49 53 54 39 37 40 47 49 33 58 62 51 52 38 46 58 46 51 49 51
158
0
50 55 58 39 34 40 50 50 32 63 66 51 52 42 43 60 49 48 48 58
159
0
49 54 54 39 39 40 50 48 32 65 61 53 50 36 47 63 47 50 45 56
160
0
51 53 55 38 36 39 51 50 37 62 70 53 50 37 45 58 46 48 42 53
161
0
51 53 56 38 33 42 48 54 35 62 66 48 55 40 44 57 47 51 42 56
162
0
49 48 58 41 37 40 52 52 32 64 67 50 54 40 43 58 45 51 44 56
163
0
50 50 56 39 37 38 50 46 33 61 62 53 53 41 43 57 47 47 48 55
164
0
48 54 59 39 36 41 45 47 32 64 60 52 54 42 45 54 47 50 42 54
165
0
49 56 62 39 34 41 44 49 31 58 58 52 54 40 48 61 45 49 44 54
166
0
48 47 56 42 35 38 46 50 33 63 65 46 51 38 44 59 45 50 43 59
167
0
54 53 53 40 35 38 43 47 33 62 64 56 52 40 43 54 46 48 42 56
168
0
50 54 58 39 34 36 44 47 35 64 61 49 54 42 49 58 47 47 46 55
169
0
53 52 60 40 36 40 49 48 36 61 64 48 49 44 44 62 49 49 48 55
170
0
48 53 57 37 36 42 46 45 36 61 63 52 55 38 48 61 49 47 47 54
171
0
50 52 57 42 42 40 48 48 33 60 62 54 56 42 47 56 46 46 46 55
172
0
48 49 56 40 37 37 46 48 34 65 61 48 52 43 46 63 42 52 50 56
173
0
52 54 58 38 37 40 53 48 33 61 61 50 51 40 44 62 48 49 43 48
174
0
50 53 60 36 33 36 50 47 32 61 65 53 54 41 45 60 49 48 43 52
175
0
50 51 55 39 34 40 47 47 32 61 65 53 55 39 45 58 45 49 47 56
176
0
49 53 54 40 37 38 46 48 30 64 65 46 56 42 48 58 49 50 44 52
177
0
48 55 58 35 38 40 51 52 34 61 64 51 53 42 47 59 48 50 44 53
178
0
51 54 57 39 37 40 48 54 32 59 64 56 54 41 47 60 46 50 44 53
179
0
54 54 56 41 40 40 47 48 33 60 66 54 54 40 45 58 46 49 45 53
180
0
47 53 60 42 37 41 49 53 33 63 62 51 51 35 43 57 44 46 45 57
181
0
54 54 56 42 36 43 48 51 34 59 65 49 55 37 48 59 44 49 45 52
182
0
48 54 57 39 34 42 47 49 30 61 62 48 56 42 45 61 43 44 45 56
183
0
53 56 60 40 38 36 50 47 34 60 61 53 55 40 45 59 47 49 45 51
184
0
49 56 58 40 38 42 50 51 34 62 63 52 56 42 47 60 45 47 46 54
185
0
52 53 54 38 37 39 47 49 36 65 66 50 53 43 46 60 43 52 46 53
186
0
48 50 56 43 33 42 46 46 34 67 67 51 51 41 46 58 46 45 42 51
187
0
45 57 55 41 34 40 47 48 38 63 66 52 54 39 45 55 47 48 43 55
188
0
49 58 55 37 38 38 46 50 33 63 64 53 52 42 44 61 45 49 46 53
189
0
49 55 54 38 35 40 49 52 33 63 61 52 55 37 43 60 49 47 43 54
190
0
53 54 58 39 37 38 48 48 31 64 67 50 53 38 45 55 47 51 44 54
191
0
48 56 56 39 39 39 48 52 33 63 59 56 53 39 48 58 46 50 46 55
192
0
50 56 56 39 34 42 48 47 35 64 62 51 51 39 48 60 45 52 45 55
193
0
50 51 61 39 34 42 45 52 34 56 70 49 55 37 45 59 44 47 43 60
194
0
52 55 53 38 36 37 44 48 33 62 62 50 49 38 49 59 45 51 43 56
195
0
51 52 53 39 37 45 48 48 32 60 65 52 51 40 45 57 46 46 43 55
196
0
50 53 57 44 34 35 46 52 35 57 64 50 52 39 45 63 45 47 47 51
197
0
46 56 59 37 37 42 49 53 33 57 64 52 52 41 45 58 47 53 45 50
198
0
52 50 59 42 36 41 44 50 34 63 63 54 54 43 44 58 44 51 44 55
199
0
53 52 56 41 40 39 49 53 34 62 64 50 54 36 46 65 48 51 46 53
