50
20
511301
0
0
37 35 33 33 35 32 32 34 29 33 35 37 37 34 37 37 38 35 35 39
1
0
66 67 62 64 63 64 63 61 63 64 63 60 66 62 66 63 64 61 65 63
2
0
64 64 57 62 62 64 64 61 62 64 61 66 59 64 64 62 65 65 62 58
3
0
32 34 34 33 35 36 38 36 38 32 37 35 33 36 36 34 36 34 36 34
4
0
47 52 47 47 47 47 43 48 50 47 47 43 46 47 50 45 46 49 44 48
5
0
43 42 40 43 37 43 41 43 39 39 42 40 38 39 38 40 40 37 40 40
6
0
58 63 65 66 60 64 62 58 66 60 68 63 59 64 61 61 61 59 61 64
7
0
58 55 60 59 59 59 57 56 61 58 60 53 59 58 58 55 58 53 52 59
8
0
69 73 68 66 69 65 68 71 69 69 67 69 69 72 64 67 68 72 66 63
9
0
53 53 55 50 51 46 46 48 48 51 49 52 51 50 50 49 50 51 51 51
10
0
71 67 65 66 72 65 71 68 74 62 66 65 64 69 70 66 67 65 67 68
11
0
40 45 40 39 47 41 39 40 41 44 40 43 43 44 43 47 44 42 44 41
12
0
65 64 68 62 67 65 70 64 62 58 63 64 66 64 64 66 64 66 65 64
13
0
38 39 41 36 37 40 38 44 43 44 39 40 44 41 42 43 44 44 42 40
14
0
56 56 56 53 59 56 53 56 56 54 57 53 57 55 55 58 51 55 58 55
15
0
49 54 52 53 52 51 53 49 52 54 50 53 48 52 48 49 51 51 49 53
16
0
54 48 44 49 48 49 48 47 48 46 48 46 52 48 43 52 43 49 47 52
17
0
61 61 58 58 55 56 56 60 56 60 60 62 58 57 56 61 57 60 59 60
18
0
66 64 62 64 63 67 63 60 61 65 67 62 65 69 65 67 62 58 67 61
19
0
70 64 68 73 67 63 63 68 69 67 67 70 69 65 69 67 64 65 71 67
20
0
34 36 32 36 36 37 33 36 36 36 36 39 35 35 35 36 33 35 33 33
21
0
41 40 42 41 41 45 43 42 42 42 42 41 42 43 43 43 42 41 43 44
22
0
53 49 55 50 50 53 54 55 52 49 53 53 48 51 53 53 53 50 53 53
23
0
51 54 54 52 54 52 50 50 51 52 53 51 50 51 52 53 49 51 52 51
24
0
53 51 47 50 53 50 50 51 51 52 55 54 51 51 48 51 53 49 55 51
25
0
40 44 41 43 44 42 42 44 43 39 42 44 39 42 39 40 38 41 44 41
26
0
56 55 57 54 55 57 56 57 54 53 57 54 52 55 53 51 54 55 57 55
27
0
35 41 38 36 35 35 36 39 37 40 34 38 38 40 36 36 36 38 37 38
28
0
45 43 43 43 45 45 39 42 43 45 41 40 39 45 41 42 43 41 40 42
29
0
54 47 53 52 50 53 55 54 56 52 52 54 55 49 52 53 52 54 52 54
30
0
51 43 46 46 44 46 48 52 43 46 47 45 46 47 44 47 45 45 45 45
31
0
28 26 24 23 27 25 26 26 27 24 26 27 29 26 26 25 25 25 28 30
32
0
61 59 56 58 59 61 60 60 60 59 61 56 58 61 62 66 63 63 63 58
33
0
41 44 39 40 38 41 42 38 39 37 41 39 45 39 37 42 39 42 39 41
34
0
61 57 61 60 58 59 59 56 62 60 62 59 62 61 58 60 58 61 60 59
35
0
52 50 53 53 51 53 54 52 52 53 51 45 54 49 54 50 52 52 53 47
36
0
52 45 50 48 48 50 53 53 50 49 51 49 51 58 49 53 53 52 45 49
37
0
58 53 57 61 59 61 59 56 60 57 56 59 58 58 57 57 60 59 59 60
38
0
58 61 64 61 62 67 64 66 63 61 62 63 68 63 67 62 65 63 64 61
39
0
56 56 54 56 55 55 59 61 57 56 58 58 59 56 59 57 55 60 53 53
40
0
45 41 46 44 45 44 42 43 44 41 45 46 44 43 42 42 44 43 43 46
41
0
53 51 52 54 51 49 52 54 48 49 49 45 48 48 49 46 49 50 53 50
42
0
49 49 52 52 51 55 52 53 48 50 49 53 50 47 47 50 49 50 52 49
43
0
54 60 53 57 60 60 56 55 57 59 59 52 56 58 59 62 59 57 59 53
44
0
68 72 72 73 73 69 70 75 73 70 72 72 68 71 69 74 71 75 72 70
45
0
60 58 57 61 59 59 60 62 59 60 61 59 57 59 52 55 60 58 60 59
46
0
60 60 61 63 61 62 61 64 60 62 63 60 62 59 58 66 62 60 64 63
47
0
34 35 37 36 37 36 34 33 36 34 36 30 31 39 31 36 34 33 35 34
48
0
36 36 39 38 35 38 37 39 34 34 36 35 37 38 34 37 37 34 33 36
49
0
57 58 56 55 58 58 53 51 53 57 59 53 58 53 57 57 55 53 52 57
