30
10
623489
0
0
50 48 50 50 48 53 49 47 48 50
1
0
57 56 54 58 54 58 60 58 57 55
2
0
56 53 54 54 57 55 55 57 57 59
3
0
65 65 69 67 67 68 68 65 64 64
4
0
61 58 56 59 63 61 56 58 55 59
5
0
64 67 64 66 62 67 65 64 66 64
6
0
42 46 46 43 45 43 44 43 39 44
7
0
36 38 38 35 36 37 38 41 39 38
8
0
65 66 69 64 68 65 63 68 66 65
9
0
44 41 42 43 44 41 44 47 45 43
10
0
42 41 43 45 44 43 44 45 44 43
11
0
63 67 68 70 67 63 66 72 65 70
12
0
48 49 49 46 51 49 53 50 51 52
13
0
67 73 69 63 63 66 66 63 68 69
14
0
49 54 50 48 50 49 46 50 52 48
15
0
65 62 62 65 60 64 60 60 62 65
16
0
36 40 37 39 37 36 39 36 40 37
17
0
50 45 49 42 47 48 49 52 44 50
18
0
48 52 50 48 51 55 51 49 51 47
19
0
62 62 66 60 66 60 64 61 63 62
20
0
55 59 57 52 57 59 56 58 56 53
21
0
44 41 41 43 42 46 43 46 41 42
22
0
50 52 52 54 57 52 54 56 56 53
23
0
48 45 47 50 50 46 46 49 44 47
24
0
52 44 46 48 49 48 45 51 43 49
25
0
37 39 38 38 37 35 36 36 34 37
26
0
48 45 44 48 49 46 44 47 49 46
27
0
54 52 51 49 49 56 51 53 52 52
28
0
42 38 38 42 38 43 39 41 40 42
29
0
50 49 53 52 52 54 52 53 53 51
