50
5
929480
0
0
42 27 62 49 53
1
0
41 31 62 54 51
2
0
45 30 65 57 52
3
0
41 27 68 51 52
4
0
46 29 67 54 51
5
0
39 28 61 58 53
6
0
44 31 62 60 51
7
0
42 29 58 57 52
8
0
45 30 60 52 55
9
0
44 30 63 51 54
10
0
44 29 58 57 54
11
0
42 30 61 53 52
12
0
41 27 66 54 54
13
0
41 29 63 51 52
14
0
46 28 64 54 56
15
0
40 26 67 52 54
16
0
41 31 67 50 54
17
0
40 29 61 56 54
18
0
44 31 61 58 52
19
0
42 28 63 54 55
20
0
39 28 67 54 54
21
0
42 29 63 53 56
22
0
44 31 62 51 54
23
0
42 26 68 55 55
24
0
40 29 64 59 53
25
0
42 28 65 56 53
26
0
43 26 59 56 50
27
0
41 30 64 53 52
28
0
43 31 60 57 53
29
0
39 30 64 52 54
30
0
41 26 61 52 52
31
0
41 30 59 54 48
32
0
40 30 64 58 51
33
0
43 29 64 53 54
34
0
39 28 61 56 52
35
0
41 31 59 52 55
36
0
43 28 63 56 54
37
0
41 25 62 58 54
38
0
42 28 62 57 52
39
0
39 29 67 56 53
40
0
39 28 68 52 54
41
0
42 32 65 52 53
42
0
43 30 61 56 56
43
0
38 30 63 54 51
44
0
40 27 66 54 53
45
0
47 30 63 54 48
46
0
41 32 61 49 50
47
0
42 30 63 54 54
48
0
44 28 63 53 52
49
0
42 29 62 57 52
