50
10
783769
0
0
26 43 59 51 32 58 66 43 73 39
1
0
27 43 61 46 34 57 63 48 80 42
2
0
29 46 61 49 34 59 61 46 75 43
3
0
32 44 60 49 30 57 62 44 76 40
4
0
31 43 58 47 30 57 63 47 75 36
5
0
32 46 58 48 31 61 63 50 77 39
6
0
30 44 58 47 34 59 59 48 76 41
7
0
33 44 61 47 34 64 64 49 73 38
8
0
29 43 59 49 35 58 64 47 79 39
9
0
30 44 57 48 33 56 62 48 78 41
10
0
31 44 60 47 32 59 68 51 74 42
11
0
34 48 62 45 32 56 62 46 77 37
12
0
31 46 60 46 34 56 69 45 72 38
13
0
30 48 55 50 31 61 66 47 76 42
14
0
32 46 60 47 32 59 68 46 77 42
15
0
30 44 57 47 34 58 68 48 70 43
16
0
30 45 61 48 31 59 64 50 73 41
17
0
30 46 60 49 35 58 63 45 79 39
18
0
29 46 57 50 31 55 62 48 74 41
19
0
29 45 57 47 36 60 70 44 70 41
20
0
28 49 66 47 35 58 65 47 75 41
21
0
31 49 61 46 31 57 63 47 77 43
22
0
30 42 57 47 33 57 65 50 74 38
23
0
30 46 59 52 32 60 62 48 75 43
24
0
29 46 63 48 32 60 67 45 73 36
25
0
33 45 59 49 30 60 67 50 79 41
26
0
30 45 59 47 31 55 62 47 77 39
27
0
27 45 60 48 30 59 65 43 79 40
28
0
30 48 59 47 35 60 65 48 76 42
29
0
32 46 59 49 31 58 66 48 73 38
30
0
29 47 58 47 34 61 69 46 76 42
31
0
32 47 57 47 32 56 62 46 75 42
32
0
29 47 58 44 33 59 61 45 77 40
33
0
30 45 65 48 31 57 63 46 75 40
34
0
31 43 60 48 32 60 66 47 75 38
35
0
30 47 61 43 31 56 67 46 76 41
36
0
30 41 57 45 35 57 69 50 77 41
37
0
29 47 61 47 33 59 65 47 82 40
38
0
29 47 61 46 31 56 67 45 73 42
39
0
29 45 63 47 32 58 65 50 74 41
40
0
30 45 59 54 31 62 63 46 77 41
41
0
28 47 60 52 33 61 66 49 78 41
42
0
31 48 60 49 35 57 65 49 72 38
43
0
29 46 60 46 32 60 63 52 77 43
44
0
33 42 61 44 34 61 71 47 73 41
45
0
28 45 62 48 31 62 65 44 76 41
46
0
31 45 64 47 32 53 67 48 78 41
47
0
28 44 64 49 32 58 62 51 75 42
48
0
30 44 61 50 33 59 66 48 79 40
49
0
29 49 61 44 30 55 66 47 80 41
