30
20
124751
0
0
54 53 54 53 52 50 54 54 53 56 48 53 53 50 51 55 52 49 52 52
1
0
40 40 39 41 42 41 41 41 38 43 40 39 41 41 44 40 38 41 44 44
2
0
59 64 60 60 59 58 57 59 59 61 55 56 59 57 56 56 58 57 61 62
3
0
51 48 46 49 48 46 51 50 49 48 48 47 49 46 51 51 44 48 50 45
4
0
48 44 44 46 47 42 43 45 43 42 46 47 45 44 45 45 44 47 42 47
5
0
55 57 58 54 52 52 58 56 57 59 57 57 55 59 55 58 60 55 55 52
6
0
52 51 47 52 50 50 48 49 45 52 48 49 50 54 46 50 52 47 47 48
7
0
53 55 57 53 53 51 52 55 56 57 55 57 53 55 54 53 57 52 57 57
8
0
40 39 43 40 36 41 39 40 40 37 42 40 42 40 39 41 43 38 44 39
9
0
62 57 63 61 64 66 56 64 61 67 60 60 60 62 63 67 59 59 64 58
10
0
46 51 50 49 50 51 51 49 48 51 49 50 51 50 44 48 51 50 48 48
11
0
71 69 71 70 70 74 66 73 69 70 70 76 71 72 62 71 74 70 72 68
12
0
59 61 63 60 62 63 61 63 60 59 62 61 59 63 64 62 62 68 61 61
13
0
34 37 34 34 36 33 36 35 34 37 35 34 36 40 34 33 35 38 33 33
14
0
49 51 51 51 47 48 48 46 47 51 47 48 50 49 49 48 52 50 51 49
15
0
73 83 77 75 78 78 72 78 75 73 79 73 81 78 79 77 76 81 78 78
16
0
54 59 58 58 53 52 56 51 59 56 55 53 54 57 53 54 52 56 54 57
17
0
38 36 40 36 39 39 39 36 37 43 35 39 36 39 35 41 38 33 39 41
18
0
41 42 42 43 44 43 41 46 45 40 46 42 49 43 45 43 44 44 43 42
19
0
62 71 72 63 64 66 68 73 66 67 66 70 67 70 66 73 68 66 66 70
20
0
40 36 41 41 40 41 38 38 39 36 39 42 41 40 38 39 38 39 39 40
21
0
46 43 43 46 45 48 46 44 41 44 43 44 43 48 41 44 44 46 48 42
22
0
44 44 45 46 44 45 47 41 42 43 43 43 45 46 47 46 45 47 45 47
23
0
46 48 41 45 49 50 43 49 48 45 48 48 48 44 45 45 46 47 49 46
24
0
54 51 54 49 53 55 50 50 52 49 48 51 53 48 51 52 51 52 57 50
25
0
68 68 65 68 65 66 67 67 70 69 70 70 66 67 62 72 71 69 70 68
26
0
60 62 64 60 65 61 62 63 64 61 57 64 57 61 59 60 65 62 59 62
27
0
58 59 61 55 60 60 59 57 57 59 55 58 57 58 62 58 61 56 60 58
28
0
50 49 48 50 48 50 49 47 47 48 45 47 46 47 45 52 47 49 46 48
29
0
57 54 58 57 60 62 57 60 55 56 58 58 55 55 57 57 56 58 59 54
