30
10
1738752922
0
0
49 52 51 47 58 44 47 53 46 41
1
0
44 48 58 53 52 52 49 52 51 56
2
0
48 50 46 47 50 43 48 50 44 43
3
0
56 53 56 45 45 60 54 45 52 44
4
0
47 52 44 49 51 48 51 64 52 50
5
0
57 45 38 55 56 41 54 65 42 49
6
0
52 55 55 45 47 45 51 54 48 50
7
0
57 49 60 53 41 47 46 47 44 58
8
0
48 48 50 46 54 56 44 48 52 49
9
0
53 46 48 38 44 53 55 43 56 49
10
0
43 49 50 48 50 49 46 49 51 49
11
0
49 61 51 54 54 50 48 55 51 51
12
0
50 49 57 57 46 39 68 52 49 56
13
0
53 56 53 53 54 46 51 60 43 51
14
0
45 43 48 54 51 54 50 48 44 52
15
0
45 49 43 49 56 60 51 44 44 46
16
0
55 53 38 45 51 41 45 51 47 52
17
0
53 49 51 48 41 51 44 51 51 53
18
0
58 53 50 48 47 56 56 49 50 40
19
0
46 55 48 44 44 57 53 40 48 59
20
0
46 53 49 43 56 48 53 45 58 43
21
0
51 49 54 42 52 56 52 48 53 47
22
0
51 54 52 52 54 50 45 50 55 50
23
0
58 44 49 47 48 55 47 48 50 49
24
0
56 48 53 54 50 45 50 49 50 44
25
0
50 56 55 46 48 51 53 50 48 56
26
0
56 45 44 41 50 50 43 49 46 61
27
0
51 48 53 52 50 51 47 48 53 53
28
0
53 52 47 52 46 56 55 45 51 49
29
0
51 47 40 49 57 50 47 57 51 53
