10
20
687751
0
0
63 42 38 46 55 40 47 43 54 55 60 45 39 54 37 45 41 44 45 50
1
0
33 41 53 59 32 58 44 47 43 42 27 50 57 65 46 62 65 54 33 48
2
0
75 50 62 43 44 46 64 46 49 55 47 57 49 60 64 56 64 51 39 51
3
0
58 37 33 57 40 51 57 43 54 50 61 55 68 46 52 61 48 39 50 57
4
0
57 36 51 68 45 60 36 55 42 45 45 49 39 41 42 51 56 40 34 56
5
0
49 45 52 55 68 34 38 47 67 44 35 55 59 45 41 53 57 73 42 63
6
0
47 72 63 57 60 69 41 46 39 50 45 58 48 41 52 40 50 47 52 39
7
0
37 55 48 54 40 46 63 51 50 66 42 56 56 54 43 43 51 57 42 59
8
0
66 54 48 42 44 35 56 65 41 42 68 36 39 45 49 44 59 68 40 57
9
0
40 42 92 46 69 54 26 48 52 43 51 39 41 51 40 48 60 56 44 54
