20
20
633552
0
0
55 55 47 50 60 57 47 65 61 45 45 39 39 56 46 72 62 53 43 43
1
0
57 54 49 49 62 62 45 62 64 47 42 41 39 56 48 74 59 57 45 44
2
0
52 54 47 47 63 57 46 61 63 50 43 46 38 58 45 72 61 59 44 39
3
0
53 49 51 42 57 59 45 62 65 48 43 38 39 55 47 66 61 57 44 43
4
0
53 56 44 48 62 58 46 59 66 46 42 42 38 55 47 72 58 57 48 41
5
0
56 53 47 48 63 61 43 65 66 47 46 42 40 53 46 70 59 61 43 44
6
0
57 52 48 49 58 58 44 62 64 48 43 40 41 58 45 71 55 59 45 42
7
0
54 50 47 47 63 55 43 61 64 45 43 42 42 57 48 75 61 56 47 46
8
0
53 54 46 49 60 57 46 62 65 48 41 43 40 57 47 66 62 61 47 43
9
0
56 51 46 48 59 54 42 63 60 46 44 42 38 51 49 71 59 60 45 44
10
0
51 54 47 51 60 56 44 59 67 49 46 40 39 59 46 73 59 60 45 44
11
0
53 55 48 45 61 56 47 62 68 51 43 40 37 61 47 73 59 57 46 43
12
0
54 56 47 51 62 57 45 61 68 47 42 39 35 51 47 71 60 58 44 43
13
0
55 51 45 49 60 57 41 63 63 47 43 41 37 58 46 69 62 58 46 45
14
0
56 53 46 48 61 60 42 59 62 47 44 41 37 55 50 71 57 56 43 44
15
0
55 54 49 47 62 54 42 58 61 48 41 41 40 55 45 69 58 59 46 45
16
0
56 57 47 47 61 58 44 64 66 46 43 41 40 56 48 70 63 59 46 48
17
0
56 52 47 45 64 56 44 62 65 48 42 39 41 57 49 73 57 56 45 45
18
0
52 54 48 47 67 58 44 63 64 50 43 42 42 55 46 72 59 60 42 40
19
0
52 53 49 50 65 56 43 63 64 52 41 40 41 56 46 66 63 57 46 42
