10
20
175163657
0
0
42 54 44 50 56 55 58 57 50 48 56 48 43 62 60 56 48 48 52 49
1
0
62 49 48 40 52 49 56 48 57 47 55 49 45 50 43 58 52 43 40 53
2
0
50 53 60 53 49 55 46 54 52 51 48 54 45 43 55 45 52 47 56 60
3
0
40 61 47 46 54 46 56 47 47 55 50 55 51 47 48 42 52 45 49 46
4
0
54 46 55 45 55 51 54 54 44 47 60 51 50 44 48 55 53 45 51 51
5
0
47 51 57 47 51 39 51 40 45 51 43 50 49 57 49 54 39 41 57 43
6
0
54 49 39 52 43 57 51 54 49 55 48 46 41 55 48 50 52 39 48 62
7
0
49 50 51 49 49 45 63 61 48 47 50 55 42 56 53 46 51 54 50 59
8
0
54 40 44 51 53 46 44 48 54 43 48 52 47 45 47 46 52 51 44 41
9
0
54 56 55 51 60 53 51 52 42 47 55 58 49 57 51 52 58 50 52 51
