100
5
572995
0
0
48 58 36 46 52
1
0
44 57 36 46 51
2
0
48 57 37 49 49
3
0
52 55 35 46 55
4
0
47 56 39 45 51
5
0
46 53 37 50 53
6
0
46 57 35 50 54
7
0
54 55 34 50 58
8
0
48 58 36 48 51
9
0
48 55 36 46 53
10
0
50 57 41 50 56
11
0
50 59 37 46 56
12
0
48 53 33 49 56
13
0
48 56 35 44 52
14
0
49 54 37 48 53
15
0
47 62 40 46 52
16
0
46 59 36 48 55
17
0
48 58 39 47 56
18
0
49 53 40 51 54
19
0
49 59 36 48 59
20
0
47 56 39 50 53
21
0
49 57 40 49 51
22
0
46 57 36 45 53
23
0
46 55 36 49 55
24
0
47 58 37 50 52
25
0
47 55 39 49 56
26
0
51 54 36 52 51
27
0
48 51 39 46 56
28
0
46 56 35 45 53
29
0
49 57 36 44 57
30
0
50 52 36 50 52
31
0
50 55 37 46 53
32
0
47 57 37 45 53
33
0
45 60 37 45 56
34
0
53 57 36 46 53
35
0
46 59 39 51 55
36
0
52 57 35 48 51
37
0
47 61 35 47 53
38
0
49 56 38 47 51
39
0
48 59 37 49 51
40
0
49 56 36 48 54
41
0
48 54 36 48 54
42
0
47 58 36 51 55
43
0
45 57 39 50 52
44
0
47 57 35 47 52
45
0
46 58 37 48 55
46
0
49 56 37 48 56
47
0
44 51 36 51 56
48
0
48 61 37 50 55
49
0
51 56 35 48 50
50
0
47 56 36 49 54
51
0
47 56 34 49 53
52
0
46 59 35 50 55
53
0
49 56 39 48 53
54
0
48 59 34 49 54
55
0
44 58 39 50 53
56
0
45 57 39 51 52
57
0
49 53 34 47 54
58
0
47 56 37 48 58
59
0
43 58 34 47 51
60
0
49 55 37 47 54
61
0
47 60 36 47 53
62
0
48 54 36 49 54
63
0
50 52 35 50 56
64
0
46 57 36 45 48
65
0
48 60 36 48 53
66
0
45 55 36 47 51
67
0
47 61 35 47 52
68
0
49 59 34 44 54
69
0
51 57 35 50 54
70
0
46 61 36 50 55
71
0
46 57 34 51 56
72
0
48 55 37 49 54
73
0
46 59 35 47 52
74
0
47 59 35 49 52
75
0
47 55 33 49 54
76
0
45 58 34 48 53
77
0
46 58 35 49 54
78
0
48 53 37 48 53
79
0
48 58 38 47 54
80
0
51 59 34 52 52
81
0
46 57 41 51 56
82
0
53 60 37 49 57
83
0
49 56 38 49 53
84
0
47 57 39 46 52
85
0
46 57 34 47 53
86
0
50 58 34 51 54
87
0
49 58 35 47 53
88
0
48 55 35 50 52
89
0
46 57 35 52 54
90
0
50 53 35 45 54
91
0
47 58 35 47 53
92
0
49 55 35 48 52
93
0
44 62 38 49 55
94
0
47 55 36 49 58
95
0
51 51 36 47 54
96
0
47 58 35 50 48
97
0
50 52 36 51 50
98
0
49 57 36 52 51
99
0
50 54 38 47 52
