30
20
580137
0
0
40 49 56 64 49 48 55 59 54 44 63 45 37 81 38 77 46 49 71 60
1
0
39 54 58 43 50 53 52 56 53 44 43 48 53 37 31 62 34 77 48 64
2
0
46 57 57 51 39 48 57 59 52 59 44 43 44 27 52 42 45 56 42 47
3
0
54 54 51 56 53 55 40 48 45 34 50 52 43 61 59 51 50 51 47 67
4
0
53 55 45 56 41 49 58 49 46 55 45 54 52 39 50 43 56 54 41 54
5
0
47 33 31 47 47 53 47 44 54 55 44 42 72 42 45 41 53 49 51 50
6
0
56 45 49 39 50 48 36 52 60 39 61 61 42 55 45 50 33 42 44 45
7
0
59 58 47 45 42 45 64 29 38 38 49 46 46 46 44 47 55 34 49 45
8
0
63 62 51 57 40 57 41 43 52 67 38 46 35 69 57 38 54 72 45 43
9
0
33 59 55 48 43 41 41 49 55 49 34 39 52 54 33 44 44 36 53 52
10
0
56 53 42 54 53 53 61 46 67 38 56 55 47 63 61 48 63 42 54 35
11
0
54 53 67 54 48 54 68 44 42 35 47 64 42 44 49 46 51 42 54 50
12
0
41 52 55 57 45 37 72 51 42 51 68 39 41 69 57 47 48 32 49 51
13
0
51 44 62 45 40 56 51 46 72 46 71 38 37 51 51 25 84 49 58 65
14
0
50 78 34 51 58 42 48 52 53 40 51 59 49 50 39 57 50 43 84 52
15
0
39 56 46 40 54 55 37 51 58 52 47 46 47 54 40 37 33 55 54 45
16
0
47 39 47 48 44 63 52 51 63 51 57 47 35 56 57 49 73 43 47 49
17
0
51 23 61 34 74 55 73 39 54 47 52 41 54 55 38 70 55 54 48 51
18
0
60 40 56 61 52 34 31 68 42 57 47 42 55 65 53 54 51 55 51 52
19
0
52 69 46 52 61 34 68 53 48 45 46 62 52 39 57 48 40 68 47 60
20
0
38 48 57 43 46 63 35 49 37 37 46 42 48 61 50 46 48 59 48 44
21
0
53 47 52 40 51 54 48 51 39 56 46 66 56 46 58 40 40 69 56 39
22
0
32 59 41 58 55 45 64 40 38 48 61 43 58 61 49 48 53 53 43 41
23
0
44 44 37 72 44 48 43 42 42 33 52 44 35 73 41 47 54 39 50 37
24
0
63 45 48 51 49 33 57 46 35 37 55 46 63 42 46 55 48 43 37 50
25
0
60 37 47 49 47 46 50 61 48 66 46 47 52 54 47 45 31 48 47 66
26
0
43 69 48 40 60 50 62 41 52 35 52 44 55 50 50 39 41 43 75 41
27
0
52 37 51 40 55 54 41 49 43 60 49 65 45 47 51 55 50 52 46 39
28
0
56 54 37 39 61 43 77 38 67 54 57 50 57 59 52 77 39 52 47 61
29
0
48 60 45 35 56 46 34 38 47 59 53 44 43 50 45 57 51 55 44 42
