100
20
809501
0
0
51 51 48 53 53 50 52 49 52 51 51 53 48 53 50 50 49 52 53 53
1
0
57 55 58 62 57 56 59 62 57 57 58 59 61 58 61 60 62 60 59 59
2
0
63 61 61 53 60 55 57 57 66 58 61 55 57 57 59 59 61 54 55 63
3
0
50 52 49 48 51 49 47 52 49 48 52 53 54 50 51 55 53 51 48 49
4
0
48 48 42 44 46 43 45 44 44 42 47 43 47 46 45 47 44 47 46 44
5
0
56 58 62 56 56 56 53 56 58 58 59 55 58 58 60 58 57 58 58 61
6
0
50 51 54 53 49 50 45 48 50 51 48 52 49 51 50 49 50 49 50 48
7
0
53 54 58 55 54 55 57 55 56 53 52 55 53 53 53 58 57 56 56 58
8
0
64 68 66 64 60 63 63 66 66 63 66 65 60 61 62 60 66 63 65 67
9
0
63 60 64 59 59 64 61 62 55 62 60 59 60 61 58 63 60 59 58 61
10
0
61 61 60 61 64 63 61 60 63 58 63 61 64 65 61 64 65 59 64 63
11
0
41 42 41 40 41 40 40 39 40 41 39 38 44 42 40 46 43 39 42 40
12
0
49 48 48 51 43 45 49 47 47 46 45 43 46 47 42 47 46 42 44 43
13
0
52 56 51 52 57 51 48 51 52 50 51 49 56 52 54 55 49 55 53 49
14
0
44 46 43 48 47 44 43 43 46 43 48 44 47 43 43 46 44 47 44 43
15
0
52 50 52 52 51 52 46 51 48 53 55 51 50 52 50 47 49 53 52 50
16
0
37 41 41 38 38 38 40 37 37 39 40 38 37 41 39 39 42 40 41 40
17
0
51 51 52 51 49 50 50 52 51 46 48 54 44 46 47 53 51 51 50 48
18
0
48 45 45 45 43 48 45 45 42 46 47 43 43 43 47 45 50 44 40 43
19
0
51 54 49 51 47 55 51 52 51 53 53 50 53 52 53 49 50 55 50 56
20
0
56 54 58 59 60 58 55 55 54 55 56 60 56 58 53 57 53 57 58 56
21
0
44 45 45 47 43 46 44 41 50 47 45 41 42 44 43 41 45 44 43 41
22
0
57 55 58 58 57 54 58 54 58 57 58 56 54 57 54 52 55 57 58 55
23
0
44 45 47 42 44 47 43 46 45 45 43 48 47 45 46 47 44 43 46 47
24
0
34 38 41 37 41 36 41 40 37 37 39 40 35 38 38 41 37 40 41 35
25
0
39 44 43 38 42 40 42 40 38 40 41 40 44 45 46 42 40 44 43 44
26
0
51 50 49 50 46 49 50 48 53 51 48 47 48 50 49 48 46 49 48 57
27
0
57 61 55 54 52 55 55 56 54 56 54 49 53 57 53 50 56 53 53 57
28
0
42 41 42 38 40 39 40 41 42 41 43 41 37 44 43 41 44 41 40 40
29
0
58 58 64 60 62 59 63 58 60 58 57 61 64 60 58 57 64 59 59 61
30
0
47 53 49 50 47 48 51 44 46 49 48 49 49 43 47 45 46 49 48 46
31
0
70 72 75 72 74 80 71 73 71 74 71 67 67 73 72 70 72 75 77 74
32
0
43 46 44 44 41 43 45 49 45 41 45 41 43 45 48 47 41 43 45 43
33
0
57 54 52 56 59 54 60 58 55 55 57 58 60 55 57 54 55 55 59 57
34
0
46 46 45 44 47 44 47 44 45 44 45 47 50 47 46 49 47 44 47 47
35
0
39 38 39 40 39 37 37 37 41 41 39 39 40 40 39 39 39 35 41 39
36
0
57 60 65 61 63 66 61 59 58 64 65 62 63 61 64 58 54 64 60 65
37
0
46 46 44 46 45 43 46 45 45 46 42 46 45 45 40 45 49 46 46 45
38
0
36 36 36 38 36 34 35 36 34 34 38 37 36 36 39 36 35 37 38 36
39
0
48 49 50 47 49 49 44 45 47 50 49 50 45 48 48 45 46 45 49 48
40
0
54 53 53 55 51 56 49 58 54 56 53 54 52 53 52 53 52 55 55 51
41
0
51 52 50 51 52 53 51 49 50 48 48 50 54 52 48 46 49 52 50 53
42
0
62 59 64 62 59 58 63 60 58 60 59 60 63 60 61 65 66 61 59 62
43
0
49 51 48 45 50 49 49 48 50 52 48 49 48 49 48 44 50 50 46 49
44
0
38 35 38 36 36 38 36 40 39 38 35 37 35 38 38 37 34 38 38 37
45
0
37 37 38 40 38 38 37 39 39 37 38 37 35 38 36 38 37 36 36 35
46
0
63 62 65 68 61 68 63 68 66 69 61 66 64 62 66 68 65 68 67 65
47
0
64 65 62 62 63 57 64 61 58 61 65 66 63 63 61 58 68 61 62 62
48
0
53 55 51 51 49 52 52 52 53 48 49 49 54 48 50 50 51 51 50 50
49
0
44 46 43 46 44 44 48 47 43 49 46 50 41 47 47 46 47 46 45 46
50
0
61 65 66 61 63 58 68 62 62 66 58 62 63 61 63 60 59 59 64 60
51
0
50 50 55 53 52 51 51 55 53 56 54 56 56 56 55 54 58 56 54 54
52
0
80 81 82 78 76 78 78 76 80 78 82 80 79 76 80 81 81 82 78 79
53
0
40 43 41 44 41 41 42 39 41 37 45 43 42 40 42 40 40 40 42 38
54
0
46 49 50 49 51 50 49 45 47 49 51 48 45 49 50 47 48 49 50 45
55
0
58 53 57 56 53 52 60 56 57 52 58 61 53 54 56 57 59 59 54 58
56
0
40 40 37 40 40 41 41 41 41 38 37 38 39 41 39 43 40 43 40 43
57
0
34 36 36 36 33 38 34 36 36 34 34 35 35 40 37 35 37 34 33 38
58
0
39 38 37 35 36 36 37 39 36 38 39 35 38 39 35 37 36 37 36 34
59
0
51 52 55 50 52 50 54 49 52 51 53 50 51 53 51 48 52 54 55 53
60
0
51 55 56 56 52 57 55 52 53 56 51 57 58 53 54 53 57 55 53 55
61
0
48 50 48 48 50 48 48 52 48 51 46 46 45 46 49 51 50 47 52 49
62
0
47 46 45 46 50 48 43 53 45 48 48 48 47 47 48 48 45 47 46 46
63
0
53 54 53 57 56 55 55 56 56 58 57 61 54 54 55 53 56 55 55 51
64
0
47 47 49 48 48 53 50 49 49 49 51 50 51 51 44 52 48 48 52 48
65
0
54 53 54 53 51 49 52 55 52 50 53 51 52 56 52 52 53 52 53 52
66
0
49 47 44 46 45 48 48 46 47 46 43 46 46 42 43 44 49 45 45 47
67
0
42 44 42 47 45 42 42 43 38 42 43 43 42 42 46 43 42 43 44 43
68
0
56 57 58 57 58 59 58 61 61 57 55 54 62 57 56 56 61 55 58 57
69
0
53 55 52 56 52 55 53 54 54 53 53 56 50 51 50 55 55 52 51 51
70
0
47 45 51 51 51 52 51 47 53 46 49 50 47 49 48 51 51 47 47 51
71
0
58 54 56 59 56 54 62 58 52 59 57 56 55 55 60 56 58 57 61 56
72
0
54 57 50 52 56 57 52 51 55 53 56 56 54 54 57 53 56 50 56 55
73
0
69 68 66 67 65 68 66 69 64 69 71 69 63 67 70 68 66 66 64 67
74
0
50 49 48 51 50 48 51 49 51 47 48 53 50 52 54 51 50 50 50 47
75
0
44 48 44 47 45 42 48 46 44 46 43 47 44 46 46 46 46 45 42 47
76
0
54 57 57 57 58 55 58 59 58 58 58 56 56 59 55 54 55 58 55 55
77
0
61 56 58 57 59 61 63 61 58 57 60 59 60 57 59 62 60 60 61 60
78
0
51 47 52 50 52 49 54 59 48 54 56 52 55 51 50 49 51 52 53 49
79
0
35 33 35 34 37 36 34 37 37 35 38 38 33 35 35 34 33 30 35 39
80
0
52 52 51 48 49 53 50 49 51 51 53 51 47 53 50 49 54 51 52 49
81
0
60 58 60 56 59 57 59 55 58 57 60 58 59 60 59 57 56 57 59 57
82
0
46 44 42 44 40 45 44 45 41 41 45 45 41 40 41 42 44 43 43 45
83
0
65 64 62 63 63 62 62 66 65 63 65 62 63 66 59 66 61 62 63 59
84
0
44 43 44 49 48 45 47 44 48 47 49 48 44 48 43 46 46 43 50 50
85
0
43 42 41 42 45 43 42 42 42 41 41 43 43 44 43 43 45 40 39 42
86
0
48 45 43 45 48 46 46 47 47 48 45 47 46 44 46 44 44 47 48 47
87
0
55 53 54 53 55 52 53 52 58 50 53 52 55 56 52 49 53 51 51 55
88
0
51 50 55 54 51 50 49 50 53 50 53 53 49 51 52 55 51 48 51 51
89
0
54 54 51 53 55 53 52 55 48 49 51 53 52 52 51 54 52 52 48 51
90
0
44 45 44 41 42 44 47 45 41 45 40 43 43 42 42 40 46 43 48 44
91
0
63 62 59 59 59 61 60 61 58 60 59 63 59 61 64 60 61 61 62 62
92
0
66 72 66 61 65 63 60 64 65 68 66 65 64 61 59 68 63 67 64 68
93
0
67 74 73 69 71 70 65 68 67 67 73 74 70 71 70 70 71 72 70 68
94
0
50 51 48 45 49 45 49 45 48 46 53 46 46 46 46 47 44 47 48 49
95
0
50 50 46 46 45 48 45 48 49 49 46 46 47 46 44 45 48 50 47 43
96
0
64 65 63 68 66 61 68 62 67 64 67 65 62 64 68 67 64 67 66 62
97
0
48 46 46 48 46 44 47 46 46 43 47 50 42 46 47 46 48 45 44 48
98
0
56 55 55 56 54 48 53 54 55 56 54 57 55 53 55 52 51 52 56 54
99
0
54 60 56 59 62 61 63 56 58 59 58 57 56 58 62 57 58 54 60 59
