50
20
511301
0
0
37 42 35 38 55 35 40 49 26 49 59 73 69 51 68 65 67 52 50 75
1
0
66 54 38 49 42 49 47 37 48 49 47 37 61 45 58 48 50 38 54 47
2
0
64 50 30 51 49 58 57 44 48 56 44 64 39 59 58 48 62 58 45 31
3
0
32 57 51 48 57 60 69 57 65 33 65 52 41 53 57 46 57 44 56 47
4
0
47 67 40 45 46 46 31 53 61 48 45 32 46 49 65 40 44 57 37 56
5
0
43 43 40 55 28 56 49 58 38 38 53 44 33 40 36 45 49 33 51 46
6
0
58 68 65 65 37 55 46 32 66 41 74 50 35 58 46 46 47 36 44 57
7
0
58 41 63 54 56 55 45 40 64 49 56 30 54 51 51 36 51 31 29 57
8
0
69 64 41 37 50 36 47 61 51 49 43 50 52 62 34 44 50 63 42 32
9
0
53 50 58 38 45 27 30 38 41 55 45 60 55 47 50 45 49 56 55 52
10
0
71 43 40 45 68 40 62 49 72 26 42 39 37 57 60 43 48 41 48 51
11
0
40 69 39 38 79 46 36 41 47 64 43 55 57 60 54 76 58 46 59 43
12
0
65 48 65 36 59 50 72 42 36 26 45 48 56 47 48 58 48 55 52 48
13
0
38 52 61 33 41 61 45 83 69 73 44 52 71 52 60 63 71 65 55 46
14
0
56 50 48 39 66 48 38 52 51 43 54 39 56 49 46 59 31 50 60 48
15
0
49 66 49 53 51 47 53 37 52 61 42 55 32 51 35 40 51 48 41 57
16
0
54 33 25 49 49 50 49 43 46 38 48 39 69 51 30 71 28 55 46 68
17
0
61 52 39 41 35 40 43 56 40 59 56 65 48 43 41 62 44 57 51 56
18
0
66 47 40 48 47 63 45 36 40 58 62 43 56 72 52 62 41 28 63 36
19
0
70 38 55 73 42 32 34 54 57 48 50 62 58 41 55 47 37 42 66 48
20
0
34 55 39 59 57 60 39 55 57 54 53 69 46 49 45 55 38 48 40 36
21
0
41 47 55 49 49 67 57 48 51 51 47 45 49 56 55 55 51 45 57 60
22
0
53 38 66 43 45 56 61 64 49 36 53 53 32 47 55 55 55 40 55 53
23
0
51 61 55 47 54 47 39 40 43 49 53 47 40 45 53 54 38 45 51 47
24
0
53 45 33 49 59 44 48 50 53 57 69 60 46 46 34 49 56 41 67 47
25
0
40 65 43 53 58 47 48 59 53 34 49 57 36 52 35 42 34 45 61 45
26
0
56 46 57 42 47 58 51 55 43 39 58 44 35 50 40 33 47 52 58 49
27
0
35 68 48 41 39 41 43 63 47 64 33 56 54 63 45 41 42 53 49 52
28
0
45 42 46 44 58 53 30 45 51 59 36 36 33 63 40 45 50 42 37 46
29
0
54 31 58 54 43 58 65 60 68 47 48 54 59 35 47 50 47 58 48 56
30
0
51 24 47 48 37 49 58 78 34 46 52 43 47 50 39 54 44 45 45 44
31
0
28 37 36 32 61 46 52 52 57 41 50 56 71 47 48 41 45 46 64 76
32
0
61 43 36 49 51 60 55 52 54 47 57 37 44 56 64 82 63 62 64 41
33
0
41 58 36 44 37 53 54 39 42 33 53 45 75 43 35 61 42 58 43 54
34
0
61 40 59 51 44 48 48 39 65 52 59 47 62 57 44 50 41 54 50 47
35
0
52 46 58 57 47 55 59 49 47 54 43 23 58 39 59 41 50 49 56 29
36
0
52 28 58 47 47 57 67 66 52 44 57 47 57 88 44 62 60 54 26 41
37
0
58 35 54 70 57 65 53 42 57 47 42 57 48 51 44 45 58 54 56 58
38
0
58 62 66 50 56 75 57 65 52 45 49 53 74 52 65 43 57 47 52 43
39
0
56 50 42 55 48 50 64 73 50 48 56 58 60 47 59 51 39 62 33 36
40
0
45 37 64 48 53 48 41 43 52 39 54 61 50 46 41 40 53 47 45 63
41
0
53 45 50 59 42 37 51 60 33 38 40 26 39 40 45 33 46 51 67 52
42
0
49 51 63 58 53 67 52 58 36 45 41 58 44 33 34 47 43 50 59 43
43
0
54 71 37 56 65 64 45 41 49 57 58 30 47 56 57 70 59 49 58 32
44
0
68 63 58 59 54 42 46 64 57 42 50 51 38 49 40 60 50 62 52 43
45
0
60 48 45 59 51 48 55 63 47 53 58 46 37 49 22 36 56 45 57 52
46
0
60 50 55 59 52 55 48 62 45 51 55 42 53 39 37 73 51 44 62 59
47
0
34 54 60 52 54 49 42 38 52 43 52 26 31 74 32 60 43 43 54 44
48
0
36 47 61 56 39 55 48 62 34 34 49 41 52 59 35 53 51 37 33 49
49
0
57 57 46 43 54 54 34 28 40 56 66 39 60 38 55 56 47 40 36 56
