200
5
907990
0
0
33 36 34 37 38
1
0
41 36 38 38 37
2
0
65 62 60 60 64
3
0
50 52 51 52 52
4
0
49 51 52 51 54
5
0
55 54 57 56 54
6
0
56 59 60 62 57
7
0
50 48 46 47 46
8
0
41 43 45 43 45
9
0
64 59 56 60 62
10
0
55 60 58 57 65
11
0
31 29 33 33 27
12
0
39 39 40 44 41
13
0
53 51 54 48 49
14
0
40 41 39 42 41
15
0
44 43 41 44 40
16
0
43 44 45 49 41
17
0
57 58 58 58 55
18
0
67 66 59 65 65
19
0
53 54 56 57 54
20
0
51 47 43 46 50
21
0
50 47 52 48 50
22
0
68 68 66 67 68
23
0
52 53 52 57 56
24
0
43 43 50 45 48
25
0
54 55 53 55 58
26
0
48 49 48 47 53
27
0
47 50 50 48 52
28
0
61 60 55 58 56
29
0
52 47 50 55 49
30
0
39 37 38 36 40
31
0
59 55 57 52 60
32
0
41 39 41 39 43
33
0
31 35 34 33 33
34
0
42 42 42 46 37
35
0
38 38 39 38 38
36
0
45 47 42 47 49
37
0
65 63 67 63 66
38
0
59 63 55 64 59
39
0
52 49 50 51 44
40
0
60 59 60 57 57
41
0
45 50 50 50 48
42
0
59 60 57 58 57
43
0
40 43 41 40 40
44
0
55 51 55 50 53
45
0
34 30 30 34 30
46
0
26 26 26 28 25
47
0
48 51 47 49 48
48
0
54 54 55 54 60
49
0
59 58 64 59 59
50
0
46 45 44 41 49
51
0
38 37 34 38 40
52
0
55 59 58 56 59
53
0
49 50 46 44 45
54
0
49 50 52 49 45
55
0
43 45 43 43 47
56
0
61 68 68 65 62
57
0
62 59 65 62 61
58
0
48 48 50 49 51
59
0
57 54 52 51 53
60
0
53 55 53 53 51
61
0
47 46 44 44 46
62
0
39 36 39 41 38
63
0
37 37 35 32 38
64
0
55 52 57 51 54
65
0
54 51 55 58 54
66
0
54 48 51 52 52
67
0
43 41 43 38 43
68
0
60 60 62 60 61
69
0
41 39 38 39 41
70
0
57 55 55 56 59
71
0
35 34 38 34 36
72
0
64 63 70 63 70
73
0
63 68 63 63 63
74
0
37 37 40 39 41
75
0
33 34 34 33 35
76
0
35 35 36 35 36
77
0
63 64 62 64 62
78
0
57 54 55 53 57
79
0
60 61 64 65 64
80
0
38 40 38 44 43
81
0
56 54 51 56 57
82
0
43 46 45 44 47
83
0
57 59 57 58 54
84
0
50 51 47 52 51
85
0
65 60 60 61 57
86
0
52 49 50 50 50
87
0
56 58 55 53 56
88
0
42 42 40 41 41
89
0
66 70 71 74 68
90
0
58 62 60 60 60
91
0
41 47 47 47 47
92
0
54 48 50 51 53
93
0
53 54 55 56 57
94
0
42 44 40 45 42
95
0
45 46 43 47 41
96
0
48 49 52 50 51
97
0
64 55 61 56 61
98
0
50 51 50 52 49
99
0
34 36 38 36 36
100
0
54 53 53 52 55
101
0
44 45 44 46 46
102
0
47 49 49 50 50
103
0
58 51 53 54 56
104
0
38 38 41 37 37
105
0
41 37 40 44 39
106
0
46 46 44 45 48
107
0
39 33 38 34 39
108
0
45 42 45 46 46
109
0
52 49 52 57 52
110
0
43 45 43 44 46
111
0
45 42 42 42 37
112
0
38 41 38 39 39
113
0
51 48 49 47 54
114
0
52 49 53 52 53
115
0
64 65 61 62 63
116
0
48 45 46 43 48
117
0
35 35 32 36 37
118
0
56 52 53 57 52
119
0
54 52 52 50 55
120
0
42 43 42 38 41
121
0
45 47 49 46 46
122
0
47 40 44 39 45
123
0
39 34 35 39 40
124
0
49 44 48 51 45
125
0
58 53 56 56 55
126
0
44 46 45 43 48
127
0
55 56 53 53 54
128
0
54 55 56 55 54
129
0
50 56 56 51 57
130
0
49 55 49 52 49
131
0
60 58 56 52 59
132
0
60 58 60 60 61
133
0
45 44 45 45 42
134
0
62 58 64 58 55
135
0
41 42 42 37 43
136
0
50 55 53 55 48
137
0
53 51 54 50 50
138
0
53 48 51 51 53
139
0
47 41 44 45 45
140
0
43 41 43 45 42
141
0
67 71 67 69 70
142
0
55 52 55 50 52
143
0
40 44 42 39 39
144
0
54 51 55 51 47
145
0
56 61 53 57 59
146
0
38 40 40 36 39
147
0
37 35 36 37 36
148
0
33 35 35 36 40
149
0
68 70 65 68 63
150
0
56 58 54 54 54
151
0
45 46 46 46 44
152
0
48 49 45 48 48
153
0
58 54 62 62 58
154
0
38 43 38 42 40
155
0
48 46 49 47 47
156
0
52 55 55 57 54
157
0
52 51 51 52 48
158
0
49 51 48 50 49
159
0
62 64 67 62 67
160
0
58 65 62 66 59
161
0
32 29 30 32 31
162
0
49 51 49 46 48
163
0
56 54 54 59 58
164
0
67 65 61 67 68
165
0
30 30 28 33 32
166
0
44 41 43 42 45
167
0
58 58 59 57 56
168
0
44 45 45 48 43
169
0
47 52 52 51 48
170
0
53 50 50 53 53
171
0
49 52 50 48 49
172
0
38 36 33 36 33
173
0
57 52 53 50 48
174
0
63 65 63 60 67
175
0
50 50 54 47 48
176
0
47 44 43 47 49
177
0
33 34 34 32 34
178
0
60 60 61 62 60
179
0
65 62 63 67 65
180
0
59 61 58 58 64
181
0
45 51 54 50 48
182
0
56 57 57 59 61
183
0
61 64 61 63 64
184
0
60 61 54 59 57
185
0
47 44 48 48 50
186
0
64 69 66 65 64
187
0
48 49 49 48 47
188
0
53 56 53 58 56
189
0
57 53 57 60 57
190
0
44 52 51 45 50
191
0
61 61 59 66 62
192
0
53 53 53 54 48
193
0
45 46 41 45 47
194
0
52 62 55 52 57
195
0
41 44 44 40 43
196
0
60 63 62 60 62
197
0
61 60 55 58 56
198
0
54 62 61 60 58
199
0
64 59 64 65 64
