30
20
124751
0
0
54 45 51 47 44 38 57 55 50 63 30 48 50 38 42 59 45 34 48 49
1
0
40 50 45 55 60 51 53 53 37 61 48 41 53 52 66 47 36 54 65 69
2
0
59 67 46 46 43 43 40 47 47 57 31 39 50 44 39 38 49 44 62 67
3
0
51 41 36 51 49 39 64 56 49 47 46 44 51 40 63 59 31 48 59 33
4
0
48 37 41 49 54 32 39 50 43 40 59 63 50 44 52 48 48 61 37 60
5
0
55 58 58 41 33 38 63 52 57 65 53 57 47 65 45 58 65 42 43 34
6
0
52 47 36 57 49 50 42 47 31 62 42 48 53 69 34 52 61 39 40 42
7
0
53 58 62 44 44 37 44 58 58 64 51 64 42 52 48 45 61 40 61 63
8
0
40 45 64 45 29 53 44 50 52 36 63 49 64 50 44 53 64 38 70 44
9
0
62 36 65 53 62 68 30 61 49 73 41 45 43 51 57 72 38 37 61 37
10
0
46 65 53 48 53 58 55 47 41 55 47 52 57 51 28 43 58 53 46 46
11
0
71 46 55 50 51 65 34 61 43 51 49 74 50 53 22 52 66 48 57 41
12
0
59 55 60 48 53 59 49 57 44 40 53 49 42 57 62 52 51 79 49 48
13
0
34 60 45 43 55 39 58 52 45 58 47 45 56 77 43 39 47 67 37 41
14
0
49 55 55 51 37 44 44 35 43 62 41 47 55 51 52 45 65 54 60 47
15
0
73 85 47 43 55 52 33 57 45 37 59 37 71 54 59 51 46 65 53 52
16
0
54 67 56 54 35 33 53 34 66 51 50 41 46 57 40 45 38 53 44 60
17
0
38 43 64 41 54 52 54 40 43 77 35 55 41 56 32 66 49 25 55 64
18
0
41 54 51 55 57 53 43 67 61 37 64 44 83 50 60 45 50 54 45 45
19
0
62 79 70 35 41 48 57 74 46 49 46 61 49 60 45 72 49 43 45 60
20
0
40 33 61 58 49 53 38 41 49 36 48 67 56 55 43 47 43 50 48 52
21
0
46 39 44 57 51 66 52 43 33 48 43 47 45 70 34 46 51 61 67 38
22
0
44 47 51 55 47 53 59 31 39 45 43 43 57 59 64 59 53 61 50 63
23
0
46 59 27 50 71 71 33 62 57 42 58 59 56 36 45 44 47 51 61 46
24
0
54 41 55 35 56 62 41 40 50 37 36 47 59 33 46 51 49 54 76 43
25
0
68 52 42 51 43 46 51 49 62 57 59 61 42 49 31 71 65 53 59 50
26
0
60 58 61 41 64 44 48 53 56 44 30 59 32 48 42 45 68 53 42 53
27
0
58 53 59 37 58 56 52 44 42 53 35 50 47 47 68 47 63 40 58 47
28
0
50 45 45 53 43 54 46 40 40 46 34 45 41 44 38 70 45 54 42 49
29
0
57 41 59 53 64 68 44 59 37 42 50 51 40 39 49 48 43 54 57 38
