100
20
795047
0
0
47 44 47 45 43 46 46 48 43 45 43 44 42 43 43 46 43 48 44 47
1
0
47 45 50 43 47 47 46 44 47 48 48 46 45 46 45 46 44 48 47 47
2
0
50 56 54 53 54 54 57 55 52 52 55 53 54 57 50 55 56 53 53 57
3
0
41 44 47 45 42 46 41 44 45 43 42 44 46 45 49 44 46 43 44 43
4
0
36 33 34 37 35 35 34 35 36 34 35 35 38 38 33 38 33 31 35 36
5
0
55 58 60 63 64 56 55 57 56 58 57 58 59 57 59 58 56 56 58 59
6
0
55 55 54 51 57 54 54 50 54 49 52 57 52 54 56 54 58 53 53 53
7
0
40 36 39 38 43 37 36 39 38 39 40 41 40 43 40 40 37 40 41 38
8
0
31 34 31 29 29 29 28 30 34 30 33 30 32 29 29 27 32 31 32 32
9
0
57 55 59 56 52 57 59 57 58 56 55 54 58 53 56 57 53 54 58 58
10
0
45 45 45 45 44 42 43 44 43 39 39 45 40 43 42 43 43 42 42 44
11
0
50 53 52 55 49 52 48 48 53 54 49 51 49 53 51 53 53 51 50 52
12
0
48 47 47 46 47 49 44 48 44 43 44 47 43 46 46 45 49 45 48 45
13
0
36 37 36 35 36 39 38 36 36 38 36 36 35 35 35 34 37 34 34 35
14
0
56 59 51 53 58 54 54 57 56 55 53 56 55 51 56 53 55 51 54 55
15
0
44 45 44 45 45 45 42 47 51 43 44 45 42 47 43 43 42 43 40 47
16
0
50 52 50 49 50 52 52 50 52 49 53 51 53 50 52 53 52 53 49 49
17
0
50 46 48 50 46 46 48 50 49 47 46 48 52 48 47 48 49 46 46 45
18
0
38 37 42 40 41 39 39 40 43 38 37 40 38 42 37 39 39 39 38 39
19
0
33 31 35 31 31 33 34 35 31 33 33 32 34 31 32 34 32 31 29 31
20
0
50 49 50 53 53 53 55 51 49 53 49 52 49 54 54 51 51 51 53 50
21
0
64 63 57 61 60 62 65 58 62 63 64 57 58 67 62 58 61 65 62 60
22
0
50 50 44 48 47 48 49 48 48 51 47 49 47 48 45 45 50 48 47 49
23
0
40 38 41 43 42 46 41 41 42 37 46 44 47 39 44 41 43 42 39 39
24
0
43 40 43 39 40 45 42 39 42 40 40 38 42 40 39 42 39 42 41 39
25
0
38 40 37 38 41 38 38 37 35 38 37 36 37 41 39 40 36 37 38 36
26
0
52 54 51 51 57 52 55 53 50 53 53 54 55 51 51 56 55 58 54 55
27
0
52 50 51 50 52 50 49 48 47 53 51 47 47 48 47 47 49 48 44 54
28
0
43 43 45 41 42 42 45 43 44 47 46 43 42 43 42 46 43 43 43 45
29
0
31 32 34 33 31 35 32 35 31 33 32 33 34 35 37 35 33 33 33 33
30
0
52 56 55 60 56 50 57 55 56 54 54 58 60 53 56 58 55 59 54 55
31
0
52 55 56 51 56 54 53 52 48 56 57 53 57 53 52 49 56 52 55 58
32
0
46 47 44 45 47 46 48 50 47 46 46 44 47 47 48 46 44 44 45 41
33
0
49 45 47 47 48 46 47 46 48 47 46 45 48 48 45 46 49 45 47 45
34
0
43 39 42 46 42 43 39 44 42 40 41 43 40 40 38 40 44 39 40 43
35
0
55 58 56 54 56 57 54 52 59 60 60 53 54 56 55 55 57 56 58 55
36
0
69 67 69 71 74 67 67 70 64 65 69 68 69 67 71 72 71 70 68 73
37
0
42 45 42 46 45 44 45 43 43 44 44 48 47 47 45 43 41 44 42 45
38
0
54 51 50 51 49 44 49 49 50 48 48 51 49 51 51 48 46 49 46 52
39
0
66 60 61 63 61 63 60 64 60 64 63 58 60 59 62 64 62 64 62 63
40
0
56 53 54 57 55 56 55 55 56 57 58 55 60 59 54 57 57 60 52 55
41
0
35 34 35 34 37 36 35 34 32 37 36 34 36 39 37 34 36 35 38 33
42
0
53 43 49 46 48 45 44 49 47 48 49 46 45 48 47 48 48 51 50 48
43
0
55 59 61 54 53 55 58 58 58 55 55 52 54 59 58 57 58 55 55 58
44
0
34 36 31 34 34 34 32 32 32 36 33 31 32 36 33 33 31 33 34 32
45
0
55 55 51 53 55 52 53 53 53 53 50 53 56 53 53 53 54 55 52 52
46
0
47 49 44 46 42 47 50 48 53 44 48 46 47 47 50 47 50 50 49 47
47
0
52 48 50 53 53 51 53 51 52 53 50 47 51 55 52 53 49 51 52 50
48
0
49 47 46 48 50 48 51 49 46 49 47 46 47 46 44 46 43 48 46 48
49
0
47 47 48 48 46 47 49 49 49 51 49 48 47 47 47 51 47 49 49 49
50
0
40 45 43 43 44 41 42 43 41 45 43 42 40 40 44 46 45 43 44 40
51
0
56 55 51 55 54 57 54 59 57 55 55 52 53 50 59 58 60 54 52 57
52
0
61 61 59 59 58 61 61 57 53 59 59 58 59 58 60 58 55 60 56 56
53
0
45 51 48 46 50 54 49 46 51 46 48 48 46 48 48 46 47 50 49 47
54
0
41 43 41 39 42 39 40 42 40 37 37 39 40 43 41 40 40 38 40 42
55
0
52 47 48 49 45 48 51 48 48 48 50 47 47 50 47 44 45 48 48 49
56
0
52 57 52 59 55 53 54 58 54 54 53 57 57 56 50 59 57 52 55 56
57
0
50 52 55 54 53 56 50 52 53 54 52 51 52 55 53 48 53 51 54 55
58
0
54 52 55 57 51 56 52 55 56 51 55 52 54 55 52 51 54 56 53 53
59
0
47 44 47 48 47 46 48 46 43 46 45 42 47 48 43 46 42 43 45 52
60
0
42 41 39 39 40 39 37 42 36 40 36 42 40 33 41 41 38 38 39 37
61
0
54 56 58 53 55 51 55 56 59 52 56 52 53 55 54 56 58 56 53 53
62
0
46 46 47 43 45 47 48 42 43 44 47 47 46 42 46 42 45 48 48 45
63
0
59 60 61 55 56 63 64 58 60 59 59 58 61 64 61 60 60 63 60 62
64
0
49 45 47 45 44 43 43 49 45 44 39 45 41 42 43 49 42 44 46 47
65
0
56 63 64 61 60 58 62 59 60 62 58 62 63 63 57 63 61 66 66 61
66
0
53 60 56 57 55 57 54 53 58 57 54 56 53 54 55 56 58 58 54 55
67
0
60 64 61 65 62 67 61 60 61 56 60 64 63 66 61 61 65 62 64 63
68
0
47 50 47 48 47 45 47 49 46 47 45 46 47 45 47 48 50 47 49 46
69
0
49 50 50 47 47 53 48 45 46 50 49 48 49 52 46 48 48 48 48 51
70
0
63 60 63 57 65 60 63 57 65 67 60 63 64 62 64 55 56 61 65 60
71
0
44 47 47 47 43 44 41 47 44 45 45 47 45 45 43 44 41 47 47 45
72
0
56 61 55 61 59 60 59 58 58 60 61 56 58 56 56 57 58 58 60 59
73
0
39 39 38 36 37 38 39 37 39 44 37 39 43 41 43 40 39 37 38 38
74
0
31 35 33 31 33 33 29 31 32 32 32 34 32 31 31 34 32 34 34 33
75
0
54 55 59 61 53 54 57 60 56 55 56 56 56 52 55 56 58 57 58 60
76
0
47 51 51 52 53 50 51 50 52 51 51 48 52 49 48 53 51 48 53 51
77
0
51 48 47 48 49 50 52 49 49 45 48 48 45 46 50 49 48 49 52 52
78
0
47 39 41 44 42 45 41 40 41 45 45 43 44 44 43 44 43 45 48 43
79
0
32 32 33 34 30 34 37 38 35 34 35 34 35 32 33 31 34 35 35 35
80
0
44 45 46 47 49 46 44 47 47 49 48 48 46 47 46 46 46 47 45 43
81
0
36 37 38 37 36 39 38 37 37 35 34 40 35 38 37 35 37 41 42 34
82
0
53 49 50 53 51 54 55 55 55 54 53 56 54 56 53 54 51 51 52 53
83
0
50 49 46 47 51 50 50 54 53 46 50 47 53 51 51 51 52 50 51 52
84
0
55 61 60 55 59 58 62 60 55 57 58 63 58 63 56 62 56 56 56 58
85
0
41 38 36 38 36 36 37 36 38 37 42 37 41 39 40 36 38 36 37 39
86
0
54 48 52 55 50 52 50 53 47 47 49 49 53 50 58 55 51 57 56 55
87
0
51 54 50 50 51 48 50 52 51 48 50 55 48 49 48 49 52 55 52 50
88
0
49 48 43 46 48 50 48 46 46 51 48 50 49 44 45 45 48 48 48 44
89
0
54 54 52 51 49 51 51 52 57 50 50 52 55 54 52 56 50 53 52 54
90
0
51 50 52 54 49 57 53 54 53 53 53 58 53 56 53 54 54 51 55 54
91
0
49 46 52 45 49 48 52 48 47 47 46 50 47 46 49 46 48 49 47 45
92
0
30 33 32 32 30 32 32 32 30 34 34 36 35 31 31 31 31 32 32 28
93
0
52 53 52 54 52 54 54 54 52 52 52 55 55 52 52 50 54 53 55 54
94
0
46 48 44 43 46 42 43 48 44 42 43 43 49 45 45 47 49 42 45 43
95
0
41 38 41 41 42 40 43 44 43 41 40 44 39 42 43 41 42 44 42 41
96
0
50 51 44 46 44 47 47 45 48 50 46 47 46 48 44 48 50 49 43 50
97
0
60 62 60 58 68 60 68 61 62 61 63 62 63 66 65 61 66 63 57 64
98
0
49 49 49 52 51 44 47 48 49 46 53 46 46 51 48 44 49 49 52 46
99
0
61 63 62 64 61 65 62 63 61 60 64 60 61 62 59 59 59 61 67 61
