30
10
794323
0
0
48 37 48 40 62 47 53 48 51 46
1
0
49 37 45 36 57 50 51 47 53 46
2
0
45 39 44 40 60 44 53 45 53 45
3
0
48 38 45 36 61 48 53 49 52 44
4
0
47 38 47 41 61 49 49 44 51 46
5
0
44 35 50 39 61 50 52 46 51 44
6
0
44 34 47 35 62 49 53 50 54 45
7
0
44 35 44 38 61 46 48 47 51 45
8
0
42 40 46 43 62 48 53 43 55 42
9
0
47 38 44 37 60 48 55 45 49 46
10
0
42 37 47 41 66 51 50 46 52 48
11
0
44 39 46 38 63 48 51 48 51 51
12
0
44 35 48 39 65 49 54 46 55 46
13
0
45 38 44 40 60 51 49 42 52 45
14
0
44 34 50 38 64 48 53 47 56 47
15
0
44 35 46 37 67 50 50 46 54 45
16
0
40 41 48 41 63 47 53 45 51 44
17
0
49 35 46 38 57 45 53 49 54 45
18
0
48 41 45 38 57 47 50 47 51 43
19
0
43 40 49 35 61 49 50 49 51 44
20
0
43 39 47 39 60 48 46 43 54 43
21
0
44 36 49 37 56 52 51 46 52 46
22
0
45 39 47 38 61 47 51 48 54 45
23
0
44 35 47 43 60 46 53 43 52 45
24
0
40 38 45 38 56 48 53 50 49 45
25
0
44 36 47 36 56 47 53 47 52 47
26
0
45 35 46 38 61 46 52 45 53 48
27
0
45 41 51 41 62 51 48 44 53 49
28
0
44 37 48 42 60 47 55 45 57 43
29
0
43 37 41 37 59 46 55 48 49 45
