30
10
576100
0
0
43 50 35 72 61 57 44 63 47 26
1
0
35 40 41 54 40 38 55 57 52 51
2
0
47 35 53 51 69 70 57 47 57 69
3
0
73 49 62 41 34 54 33 48 63 36
4
0
66 57 47 53 59 44 51 71 48 67
5
0
41 30 35 41 75 40 76 32 46 49
6
0
55 62 53 45 48 43 45 45 55 49
7
0
51 58 59 57 52 67 55 50 76 55
8
0
41 44 45 33 41 55 62 43 49 51
9
0
62 54 61 68 43 46 26 56 66 41
10
0
44 51 51 36 54 38 61 68 54 68
11
0
43 59 43 39 39 33 50 47 54 31
12
0
53 42 52 36 62 46 49 60 51 51
13
0
39 46 41 41 45 42 43 56 51 48
14
0
45 56 56 47 68 68 38 51 37 54
15
0
54 48 50 53 52 45 72 56 41 43
16
0
42 42 38 50 63 49 48 45 67 44
17
0
77 52 55 61 44 61 42 58 61 57
18
0
43 47 44 55 48 51 50 53 50 37
19
0
33 65 45 48 40 51 63 55 54 60
20
0
58 54 65 58 66 52 69 45 54 61
21
0
38 45 51 68 55 52 35 46 44 64
22
0
54 45 47 48 63 44 48 57 67 51
23
0
73 49 42 50 50 63 51 47 41 56
24
0
48 47 39 52 46 53 65 49 46 30
25
0
41 47 49 64 42 30 48 64 63 38
26
0
48 62 64 54 53 50 40 42 59 37
27
0
41 50 55 45 34 47 45 43 60 49
28
0
31 46 33 59 50 44 51 37 47 34
29
0
53 39 54 51 47 54 57 41 39 52
