50
10
391699
0
0
51 48 40 51 46 52 57 47 49 34
1
0
53 52 37 53 45 60 62 46 49 35
2
0
51 54 42 55 49 61 59 46 48 36
3
0
48 51 41 52 45 57 57 47 47 35
4
0
55 52 40 52 46 56 56 47 49 37
5
0
47 53 42 51 49 59 57 48 53 34
6
0
49 51 41 55 48 60 56 47 50 37
7
0
52 54 38 50 46 59 58 49 48 34
8
0
48 52 40 58 45 59 61 49 49 39
9
0
53 48 44 54 48 56 62 44 47 35
10
0
51 49 41 47 51 56 60 45 52 37
11
0
49 51 43 50 50 57 58 48 46 35
12
0
49 53 41 54 49 58 62 47 51 33
13
0
54 51 43 50 48 62 58 46 50 36
14
0
50 50 41 54 52 62 54 49 49 34
15
0
53 51 42 56 50 57 57 51 49 36
16
0
52 50 40 50 48 61 59 45 50 37
17
0
51 46 41 51 45 55 53 47 46 34
18
0
52 49 40 54 51 57 53 48 48 35
19
0
53 51 40 50 50 58 58 47 51 37
20
0
50 46 40 54 48 58 53 51 50 31
21
0
53 49 41 55 48 62 57 47 47 38
22
0
50 53 42 50 46 58 59 47 48 35
23
0
49 52 40 50 51 59 56 49 50 34
24
0
50 50 42 50 50 60 56 51 49 32
25
0
51 53 41 50 53 52 56 49 46 33
26
0
52 51 39 57 48 60 61 45 48 41
27
0
51 55 44 60 51 63 56 43 48 38
28
0
56 53 43 50 47 58 59 45 49 37
29
0
52 46 39 48 50 53 60 47 49 35
30
0
53 51 41 50 47 58 61 46 49 36
31
0
54 52 39 54 48 55 57 47 45 40
32
0
52 51 42 50 48 57 56 48 49 35
33
0
54 52 42 51 48 56 60 45 48 32
34
0
51 50 38 51 49 65 57 46 47 39
35
0
53 51 41 55 47 56 59 50 48 34
36
0
50 48 39 50 51 58 57 48 46 36
37
0
53 49 39 51 50 61 58 47 49 37
38
0
48 52 45 53 49 59 53 49 49 36
39
0
52 53 38 53 49 56 58 46 50 34
40
0
51 49 40 53 48 57 58 44 52 37
41
0
51 50 42 55 47 61 60 48 52 36
42
0
49 49 41 55 53 58 59 46 47 34
43
0
53 49 43 50 51 58 53 47 50 34
44
0
53 51 42 53 50 56 54 45 47 36
45
0
51 49 39 51 48 56 57 45 52 35
46
0
51 52 42 54 48 61 59 49 48 34
47
0
51 48 42 51 50 61 57 46 51 37
48
0
49 54 40 49 51 59 58 48 50 34
49
0
55 52 39 52 47 58 59 48 50 37
