200
5
522066
0
0
51 48 50 45 49
1
0
56 53 55 56 55
2
0
73 72 73 73 73
3
0
38 41 39 37 38
4
0
56 58 54 56 56
5
0
46 51 48 49 51
6
0
67 70 66 73 65
7
0
63 61 66 59 61
8
0
44 45 46 44 44
9
0
38 42 37 37 39
10
0
44 53 48 51 47
11
0
58 55 55 56 56
12
0
42 45 44 43 43
13
0
44 43 43 45 42
14
0
44 43 41 41 40
15
0
61 57 56 60 60
16
0
38 34 36 39 37
17
0
41 43 42 42 41
18
0
46 50 48 49 47
19
0
40 39 41 42 37
20
0
62 57 57 55 58
21
0
55 60 62 60 64
22
0
52 53 53 50 52
23
0
55 56 56 57 58
24
0
62 59 55 56 58
25
0
50 46 48 48 49
26
0
36 40 39 42 38
27
0
40 43 44 43 45
28
0
65 66 66 69 72
29
0
66 60 63 69 62
30
0
43 43 42 44 44
31
0
42 46 43 41 44
32
0
40 41 43 41 44
33
0
58 59 60 51 56
34
0
47 50 47 47 48
35
0
42 40 39 38 40
36
0
36 34 38 37 38
37
0
51 52 53 50 50
38
0
67 67 63 63 70
39
0
51 52 49 51 55
40
0
52 50 48 46 49
41
0
64 59 60 60 60
42
0
40 39 37 43 39
43
0
45 44 39 45 44
44
0
65 66 69 66 65
45
0
45 50 50 51 48
46
0
66 63 62 60 61
47
0
39 37 39 39 38
48
0
42 42 41 41 42
49
0
37 39 37 36 38
50
0
45 43 41 41 38
51
0
67 63 65 70 64
52
0
41 38 41 43 37
53
0
47 39 41 44 43
54
0
38 42 37 40 37
55
0
68 59 65 63 64
56
0
44 43 44 45 45
57
0
60 56 62 62 59
58
0
55 57 56 57 57
59
0
61 59 54 62 59
60
0
53 56 55 54 48
61
0
57 58 57 56 59
62
0
48 50 52 48 50
63
0
48 49 44 52 48
64
0
73 77 76 74 77
65
0
68 65 66 63 70
66
0
42 41 41 42 47
67
0
65 71 70 70 70
68
0
39 42 37 41 45
69
0
48 49 52 50 46
70
0
48 45 49 48 45
71
0
48 45 51 48 51
72
0
53 59 56 54 56
73
0
37 32 36 29 34
74
0
55 50 53 58 57
75
0
36 31 33 34 33
76
0
60 59 59 62 62
77
0
50 47 50 53 51
78
0
62 65 62 64 60
79
0
34 37 34 37 37
80
0
56 56 60 59 61
81
0
44 47 45 48 50
82
0
40 42 41 41 44
83
0
32 31 32 30 30
84
0
77 73 75 79 79
85
0
51 51 48 47 49
86
0
48 51 48 49 49
87
0
46 45 48 46 47
88
0
34 35 35 37 35
89
0
37 37 41 38 40
90
0
40 38 36 39 39
91
0
57 56 59 56 53
92
0
59 60 59 56 60
93
0
72 70 67 69 66
94
0
77 74 74 73 78
95
0
46 44 45 46 46
96
0
46 43 42 41 43
97
0
47 50 48 46 49
98
0
65 68 67 64 64
99
0
48 48 49 50 53
100
0
43 38 42 41 39
101
0
43 43 48 44 45
102
0
54 58 58 59 53
103
0
50 45 49 48 50
104
0
55 57 55 58 54
105
0
59 58 67 63 62
106
0
43 46 46 41 43
107
0
43 43 45 45 43
108
0
56 58 60 59 56
109
0
44 45 46 46 40
110
0
61 59 60 59 59
111
0
74 75 71 73 74
112
0
55 57 57 58 61
113
0
34 34 35 37 34
114
0
60 53 54 57 59
115
0
51 59 55 53 53
116
0
56 55 54 57 51
117
0
46 43 43 45 45
118
0
44 47 45 46 43
119
0
44 39 44 44 41
120
0
40 40 40 41 39
121
0
50 53 51 52 54
122
0
49 50 50 54 47
123
0
57 55 52 55 57
124
0
54 52 53 57 48
125
0
57 54 55 51 55
126
0
40 44 43 42 43
127
0
34 38 35 34 37
128
0
44 39 39 41 42
129
0
56 55 59 63 61
130
0
45 54 49 50 48
131
0
55 52 52 49 55
132
0
38 43 41 38 42
133
0
57 55 58 57 58
134
0
51 49 47 50 53
135
0
74 71 74 71 76
136
0
37 33 35 34 36
137
0
34 30 36 33 32
138
0
38 35 38 36 39
139
0
46 44 46 45 49
140
0
36 38 42 39 38
141
0
57 58 59 58 59
142
0
59 60 59 66 60
143
0
64 64 69 63 64
144
0
53 50 52 50 50
145
0
48 45 46 46 46
146
0
57 59 64 57 55
147
0
49 48 48 48 48
148
0
35 34 33 35 35
149
0
71 71 70 73 67
150
0
68 63 64 67 62
151
0
42 44 41 41 39
152
0
70 66 69 72 66
153
0
75 67 73 77 78
154
0
61 60 58 61 59
155
0
38 37 35 32 37
156
0
68 70 69 74 75
157
0
54 53 55 54 59
158
0
71 71 73 70 70
159
0
85 88 86 84 85
160
0
57 62 63 60 62
161
0
43 46 47 42 48
162
0
42 45 44 44 43
163
0
53 52 54 57 49
164
0
48 48 46 49 54
165
0
47 44 44 43 45
166
0
40 43 45 41 41
167
0
40 39 39 38 39
168
0
56 57 62 55 62
169
0
45 47 48 46 44
170
0
50 50 53 53 51
171
0
53 46 46 50 49
172
0
51 53 56 53 50
173
0
61 59 54 57 58
174
0
47 43 51 47 47
175
0
53 62 57 59 62
176
0
31 32 29 34 31
177
0
60 57 60 61 58
178
0
56 56 54 62 54
179
0
65 69 65 69 64
180
0
63 63 61 64 62
181
0
60 55 60 58 54
182
0
38 34 35 33 36
183
0
49 53 54 52 58
184
0
37 33 35 41 33
185
0
43 41 41 40 42
186
0
42 41 40 39 40
187
0
31 30 33 32 30
188
0
53 55 50 52 54
189
0
48 48 48 49 51
190
0
61 58 55 57 61
191
0
40 42 41 39 43
192
0
55 58 57 53 54
193
0
54 53 51 54 57
194
0
52 50 52 52 51
195
0
49 54 53 51 57
196
0
62 63 68 64 63
197
0
35 38 40 33 36
198
0
50 47 50 53 49
199
0
41 41 46 41 44
