30
10
73116
0
0
44 43 44 50 44 52 49 48 46 47
1
0
51 49 46 48 50 49 45 50 49 49
2
0
64 66 66 65 67 68 70 67 62 63
3
0
61 57 60 63 60 58 61 66 62 58
4
0
49 53 50 49 52 52 48 49 47 51
5
0
56 54 53 57 53 58 52 57 59 53
6
0
50 49 48 48 43 54 52 51 49 51
7
0
30 32 33 34 33 30 33 36 32 33
8
0
42 43 44 41 42 43 45 39 41 42
9
0
57 56 53 57 58 56 56 57 56 55
10
0
65 65 56 59 68 60 57 64 63 60
11
0
48 46 47 48 46 46 51 49 46 50
12
0
46 50 47 52 49 50 50 49 49 49
13
0
52 57 49 57 53 55 54 58 54 56
14
0
51 46 56 51 51 48 52 51 51 53
15
0
58 63 59 60 57 57 61 61 62 59
16
0
57 61 59 60 55 56 59 58 57 58
17
0
46 45 45 43 44 43 43 45 46 44
18
0
48 49 49 52 49 49 50 53 52 52
19
0
75 77 77 73 72 76 73 73 75 75
20
0
66 62 65 65 60 64 59 66 59 58
21
0
45 47 48 49 46 44 50 50 47 47
22
0
59 59 57 63 63 58 61 57 57 63
23
0
52 48 51 57 50 48 48 48 51 51
24
0
34 38 37 35 35 39 36 35 40 40
25
0
45 43 40 39 44 42 43 41 42 38
26
0
62 61 62 60 59 57 65 65 62 63
27
0
60 66 63 60 58 60 64 65 60 59
28
0
59 57 55 56 50 54 54 53 54 54
29
0
60 58 62 61 57 57 63 58 58 60
