30
10
623489
0
0
50 43 56 51 43 65 45 40 46 52
1
0
57 49 41 57 42 58 64 54 49 43
2
0
56 40 48 49 63 50 49 59 56 67
3
0
65 52 63 52 52 55 55 45 39 42
4
0
61 44 40 53 69 54 37 45 36 53
5
0
64 61 46 53 37 57 50 47 53 45
6
0
42 61 55 42 55 45 48 42 30 52
7
0
36 53 52 38 45 53 56 69 56 53
8
0
65 54 62 42 58 46 39 58 52 48
9
0
44 41 47 51 57 43 54 71 57 46
10
0
42 44 54 64 56 50 53 57 49 47
11
0
63 63 59 64 52 38 48 71 44 61
12
0
48 53 50 40 63 49 70 54 57 60
13
0
67 71 48 30 33 44 46 37 57 61
14
0
49 67 44 36 50 46 34 51 60 43
15
0
65 43 45 58 36 54 40 38 49 61
16
0
36 63 47 55 43 41 56 43 61 46
17
0
50 34 55 28 53 57 57 70 34 61
18
0
48 65 48 41 58 74 49 41 51 36
19
0
62 50 65 40 62 39 57 41 51 48
20
0
55 63 49 34 54 64 49 55 48 36
21
0
44 37 43 56 50 65 51 64 41 44
22
0
50 56 51 60 70 46 56 65 63 47
23
0
48 41 51 67 60 40 43 57 34 50
24
0
52 25 43 55 56 51 37 68 31 58
25
0
37 55 45 48 45 37 42 45 34 52
26
0
48 41 40 62 62 45 37 51 62 48
27
0
54 45 45 39 40 73 47 55 49 51
28
0
42 35 41 59 42 65 43 55 49 59
29
0
50 46 61 55 53 62 48 53 53 46
