100
5
139244
0
0
73 50 51 55 64
1
0
70 47 50 54 65
2
0
74 44 52 52 64
3
0
67 47 51 57 65
4
0
71 49 52 55 62
5
0
74 48 52 51 65
6
0
72 47 51 55 64
7
0
68 45 52 56 62
8
0
73 49 54 55 63
9
0
70 47 54 58 65
10
0
72 52 54 56 65
11
0
71 46 50 53 67
12
0
73 49 50 54 64
13
0
71 47 51 58 65
14
0
67 49 52 54 65
15
0
71 45 51 57 65
16
0
70 43 51 55 66
17
0
68 52 51 55 65
18
0
68 46 52 51 65
19
0
75 50 53 60 61
20
0
69 50 47 53 65
21
0
71 47 52 58 62
22
0
72 47 53 52 68
23
0
73 50 52 54 63
24
0
70 48 54 52 61
25
0
76 45 51 60 62
26
0
68 50 46 55 61
27
0
72 46 51 53 68
28
0
66 47 51 55 67
29
0
72 48 51 56 64
30
0
70 48 49 53 64
31
0
70 45 50 54 69
32
0
73 48 53 55 66
33
0
71 45 51 55 63
34
0
73 50 51 53 60
35
0
73 46 51 55 61
36
0
73 48 53 51 66
37
0
75 49 50 52 61
38
0
69 47 50 53 63
39
0
69 49 52 55 63
40
0
71 46 52 52 67
41
0
69 51 51 54 68
42
0
70 48 51 56 64
43
0
74 45 54 53 59
44
0
71 48 54 57 66
45
0
67 45 55 56 57
46
0
66 53 52 57 60
47
0
72 48 52 53 64
48
0
72 47 49 50 64
49
0
75 46 52 59 60
50
0
70 48 53 56 62
51
0
73 53 50 51 63
52
0
73 46 53 57 61
53
0
77 48 51 52 60
54
0
70 51 50 55 63
55
0
73 49 52 57 65
56
0
73 46 53 51 66
57
0
70 46 51 53 64
58
0
70 49 50 54 66
59
0
69 48 53 52 65
60
0
67 45 52 54 66
61
0
73 52 53 55 58
62
0
76 47 54 57 66
63
0
71 47 50 57 66
64
0
72 48 51 53 67
65
0
73 48 50 51 63
66
0
72 47 49 52 64
67
0
70 47 54 54 63
68
0
77 45 51 51 65
69
0
71 46 51 50 62
70
0
68 47 50 54 62
71
0
66 47 55 55 61
72
0
67 45 52 51 62
73
0
72 44 50 54 66
74
0
75 50 53 54 67
75
0
71 46 52 55 66
76
0
72 46 53 52 64
77
0
72 47 54 54 63
78
0
65 47 54 57 65
79
0
72 48 54 52 63
80
0
66 46 54 55 63
81
0
69 50 50 56 59
82
0
72 49 55 51 62
83
0
72 47 51 55 59
84
0
75 48 52 56 59
85
0
69 46 52 54 64
86
0
67 44 53 55 66
87
0
75 47 52 57 63
88
0
69 49 54 55 66
89
0
70 49 51 56 68
90
0
71 50 56 51 65
91
0
76 47 48 57 63
92
0
66 44 53 54 68
93
0
68 49 52 51 64
94
0
76 47 51 51 60
95
0
73 43 48 59 64
96
0
71 49 51 55 63
97
0
71 47 55 58 68
98
0
70 50 52 56 60
99
0
70 43 54 53 63
