100
10
575819
0
0
35 60 69 49 59 52 43 55 64 40
1
0
36 62 67 49 58 49 46 58 65 39
2
0
35 61 63 49 59 53 47 59 58 43
3
0
38 62 66 51 60 57 45 56 57 38
4
0
37 58 67 46 60 50 45 56 60 42
5
0
40 59 63 48 55 51 45 59 58 40
6
0
38 62 61 47 58 51 44 60 61 40
7
0
39 58 66 48 60 48 44 60 56 40
8
0
41 59 66 50 61 54 46 56 63 43
9
0
38 60 63 51 59 47 45 57 61 42
10
0
36 55 67 46 58 51 42 63 60 44
11
0
40 59 66 49 60 53 46 61 60 42
12
0
39 65 63 47 57 53 46 62 59 40
13
0
39 62 66 49 62 52 45 62 60 42
14
0
36 61 70 49 57 48 42 59 61 42
15
0
36 60 65 48 58 54 38 58 60 42
16
0
36 59 66 48 59 51 43 52 60 39
17
0
39 60 68 47 64 51 44 63 60 42
18
0
40 62 67 52 61 53 45 61 56 40
19
0
37 64 65 48 63 54 43 64 62 41
20
0
41 64 62 51 59 53 45 58 59 42
21
0
36 57 59 54 60 53 44 60 60 40
22
0
41 56 68 50 56 54 41 57 60 42
23
0
38 60 61 50 59 53 43 59 62 37
24
0
40 59 64 48 61 50 46 54 64 43
25
0
38 63 67 51 59 50 50 59 64 41
26
0
38 58 64 54 63 54 46 62 62 42
27
0
36 62 64 50 60 54 44 56 61 46
28
0
36 61 67 52 56 49 47 64 55 38
29
0
35 61 61 52 61 53 41 58 57 42
30
0
37 60 64 47 58 51 48 56 64 43
31
0
34 63 65 51 60 50 44 56 59 44
32
0
40 60 65 47 59 51 44 66 61 39
33
0
36 55 68 49 59 50 44 59 59 42
34
0
34 61 63 51 59 52 43 60 57 45
35
0
38 63 64 52 59 54 43 61 59 41
36
0
36 59 66 50 63 52 42 62 56 42
37
0
34 59 65 50 61 53 40 57 63 42
38
0
38 57 64 48 60 52 43 61 59 40
39
0
34 61 61 48 62 58 45 58 57 39
40
0
38 64 67 52 61 53 41 59 57 44
41
0
38 60 62 44 65 51 41 59 55 40
42
0
38 59 65 44 59 48 44 59 58 43
43
0
37 62 68 50 62 52 46 60 61 41
44
0
39 63 63 52 59 51 45 53 61 40
45
0
39 60 60 48 60 52 47 56 66 38
46
0
35 55 64 46 60 49 41 58 55 44
47
0
36 59 65 49 58 58 44 54 57 41
48
0
34 60 66 51 54 52 43 63 62 42
49
0
36 58 67 53 62 52 46 58 60 39
50
0
39 58 71 45 57 53 45 58 61 41
51
0
37 59 62 52 61 52 40 60 62 39
52
0
36 61 66 47 59 55 45 52 63 41
53
0
40 62 63 50 63 54 44 55 62 48
54
0
37 59 70 51 62 51 41 56 64 43
55
0
35 56 65 50 59 50 44 61 60 41
56
0
39 59 69 47 59 57 44 60 56 40
57
0
37 57 63 47 60 56 43 59 57 42
58
0
38 66 62 50 58 51 43 57 55 44
59
0
38 60 61 49 58 54 47 61 62 43
60
0
36 59 65 46 63 51 44 59 57 43
61
0
39 65 63 48 55 55 42 55 57 39
62
0
40 61 68 49 61 52 44 59 59 41
63
0
36 63 63 48 62 54 42 58 58 39
64
0
39 61 67 49 65 51 41 59 62 42
65
0
38 57 66 50 59 52 44 57 61 42
66
0
38 58 63 48 61 52 44 58 59 41
67
0
37 58 62 48 62 48 43 59 61 42
68
0
40 62 65 50 63 49 39 59 60 40
69
0
38 61 63 50 60 52 42 53 60 38
70
0
38 62 64 49 61 50 44 58 64 37
71
0
36 61 71 49 59 56 44 58 59 42
72
0
37 63 67 49 60 52 43 60 60 37
73
0
39 58 61 48 60 51 43 60 60 43
74
0
36 62 66 50 61 51 44 57 60 42
75
0
38 57 68 47 63 53 44 58 60 42
76
0
37 59 63 46 60 55 40 58 58 40
77
0
42 64 66 48 63 50 45 59 59 42
78
0
37 63 67 47 60 51 43 59 61 43
79
0
38 63 68 49 55 50 42 60 63 43
80
0
35 56 64 49 61 57 43 59 59 43
81
0
39 60 66 52 60 54 42 59 63 42
82
0
42 59 64 52 56 47 43 59 57 41
83
0
38 64 60 45 57 51 42 58 58 40
84
0
37 66 68 51 58 48 43 57 59 39
85
0
37 60 64 47 56 54 47 57 64 39
86
0
40 58 58 47 59 53 42 55 57 43
87
0
37 60 67 51 60 51 43 56 62 39
88
0
36 61 67 47 60 52 41 57 63 41
89
0
35 55 63 47 62 49 43 54 60 38
90
0
38 60 67 49 62 51 42 62 58 41
91
0
36 60 67 48 64 50 46 56 64 39
92
0
37 62 67 48 55 49 43 58 59 44
93
0
39 63 66 48 59 52 45 60 61 41
94
0
35 60 63 47 60 50 47 57 57 43
95
0
36 60 57 49 60 47 41 61 58 37
96
0
39 62 65 48 62 48 42 61 58 39
97
0
34 59 62 46 58 55 44 61 57 41
98
0
38 62 64 52 58 52 45 58 63 42
99
0
39 59 65 55 54 56 44 55 62 37
