100
20
902349
0
0
54 34 52 46 49 47 51 27 57 44 52 46 47 37 34 46 65 42 47 45
1
0
43 53 56 44 33 43 49 51 61 71 51 68 55 51 30 52 52 43 79 61
2
0
61 53 50 56 50 46 51 39 57 56 49 57 47 59 57 50 41 55 38 45
3
0
43 51 44 46 64 52 38 35 60 36 44 54 62 53 57 41 61 35 42 58
4
0
34 51 34 59 62 31 36 47 71 51 35 57 41 63 60 57 58 54 41 52
5
0
53 38 56 50 46 58 43 55 48 46 42 68 37 44 34 42 38 51 33 32
6
0
58 60 57 42 41 57 60 58 45 57 29 57 75 43 57 54 49 39 58 60
7
0
40 51 57 50 69 57 51 54 72 64 41 50 51 42 53 64 44 44 81 57
8
0
54 50 63 51 45 59 49 42 41 47 38 25 42 57 41 58 50 53 72 48
9
0
47 43 72 41 56 45 51 55 38 51 47 37 49 56 45 64 52 42 52 56
10
0
34 41 42 35 55 60 46 51 56 52 36 50 61 91 45 46 60 44 49 36
11
0
41 47 45 57 64 38 49 44 64 72 60 37 63 61 32 66 64 46 48 54
12
0
46 49 46 42 60 60 49 51 46 36 49 47 58 42 32 64 55 38 41 35
13
0
57 52 40 47 45 56 62 37 49 56 65 37 53 40 50 42 63 81 48 54
14
0
46 31 62 36 59 33 50 41 63 54 30 62 66 42 52 58 38 53 45 40
15
0
59 51 53 46 72 41 44 48 74 32 56 40 58 53 39 45 53 34 35 46
16
0
60 42 60 68 51 46 53 36 53 72 61 55 46 68 75 42 46 52 61 48
17
0
46 45 56 41 48 41 59 45 35 47 44 52 60 50 49 41 46 55 61 53
18
0
69 37 53 40 49 49 62 61 39 56 44 52 49 49 42 34 55 30 57 52
19
0
64 58 75 54 49 49 30 49 48 52 67 30 54 53 65 47 37 53 30 50
20
0
46 38 48 39 43 53 36 62 31 51 52 44 49 50 41 47 54 56 50 56
21
0
57 54 47 63 49 58 58 71 60 44 57 50 50 46 56 56 49 54 42 60
22
0
47 66 47 34 48 44 68 57 64 54 33 68 34 43 53 56 30 47 30 43
23
0
53 37 42 64 48 70 58 41 45 64 53 50 35 45 43 79 43 35 40 52
24
0
57 42 36 51 30 54 32 42 39 65 42 56 47 44 48 70 43 62 62 36
25
0
56 49 63 58 58 57 53 48 62 49 67 47 55 48 44 45 61 52 42 55
26
0
78 45 60 50 53 65 54 40 58 43 39 31 40 39 35 48 70 53 29 59
27
0
56 35 58 61 51 59 41 64 52 60 45 46 54 49 58 56 51 64 48 47
28
0
44 38 65 59 39 50 47 65 43 53 63 64 37 50 44 25 36 57 45 62
29
0
37 55 44 53 69 60 30 52 58 54 51 52 64 50 63 49 71 37 36 35
30
0
42 38 54 59 34 45 43 41 36 59 52 35 64 52 36 50 49 53 58 40
31
0
61 58 48 44 32 53 40 41 66 43 46 50 54 44 37 54 36 65 46 33
32
0
61 65 62 40 57 51 49 59 44 43 48 54 52 71 31 60 70 34 50 59
33
0
41 39 49 42 44 63 51 38 35 52 80 42 47 23 37 46 56 68 26 52
34
0
41 55 49 65 59 58 56 48 55 47 66 50 43 58 53 40 55 40 51 39
35
0
52 53 51 33 46 30 51 55 44 61 37 50 38 45 45 55 28 43 61 46
36
0
55 44 47 54 66 46 46 39 45 32 51 59 35 41 64 45 48 37 62 63
37
0
51 40 55 45 48 57 49 58 40 34 41 51 67 40 61 52 55 65 40 36
38
0
40 62 49 59 41 44 58 49 60 47 42 45 49 43 72 41 54 40 35 39
39
0
43 42 40 43 58 29 47 43 39 55 58 53 60 48 55 47 39 44 65 66
40
0
56 74 42 46 52 36 37 54 46 52 33 51 33 41 52 56 63 40 71 43
41
0
59 47 38 46 65 49 55 44 36 56 29 34 57 45 56 60 48 47 49 56
42
0
48 61 37 48 53 52 39 60 56 73 55 46 45 41 50 37 50 61 47 59
43
0
52 36 53 60 30 40 69 50 39 53 54 50 42 52 69 53 38 42 52 52
44
0
48 61 64 56 61 63 54 58 53 45 54 49 37 59 32 47 52 57 30 50
45
0
51 63 48 34 66 54 51 58 60 45 49 65 51 31 41 28 38 46 53 64
46
0
46 55 60 42 67 41 51 40 52 41 64 53 61 62 49 47 55 57 56 56
47
0
50 66 53 54 59 41 48 51 62 43 41 62 43 66 55 44 55 52 43 36
48
0
54 51 58 43 39 55 48 57 38 59 44 44 58 44 72 37 57 43 51 59
49
0
60 55 51 49 61 58 54 53 57 53 64 35 52 53 76 50 40 66 49 48
50
0
37 44 40 39 48 49 53 47 45 52 53 41 50 49 33 45 65 62 50 54
51
0
32 48 48 51 38 40 57 67 50 53 53 51 53 53 62 55 54 51 39 47
52
0
36 52 42 52 40 52 53 47 50 46 50 47 51 70 36 39 33 58 63 52
53
0
50 50 48 39 54 38 43 54 61 64 74 33 62 41 51 50 48 56 54 48
54
0
63 27 46 49 53 45 50 69 57 46 56 57 53 60 29 74 68 47 70 39
55
0
61 62 38 51 61 47 52 39 61 36 51 45 42 56 44 52 57 46 44 44
56
0
55 35 56 53 56 54 33 48 48 44 49 56 40 66 51 44 56 47 38 47
57
0
53 57 54 42 50 53 56 56 57 43 42 39 46 57 47 42 70 55 45 58
58
0
41 46 43 47 42 41 55 60 46 45 61 59 39 49 49 56 54 45 59 46
59
0
39 43 42 59 46 29 46 34 49 54 72 52 42 45 42 49 60 52 31 51
60
0
41 45 61 55 41 49 44 68 50 50 52 51 40 46 54 47 48 74 52 51
61
0
43 39 67 47 39 49 53 38 48 43 46 33 49 59 53 61 40 48 49 64
62
0
55 49 66 48 47 34 43 65 44 63 50 50 55 52 39 53 49 63 58 52
63
0
36 47 44 46 40 39 45 54 59 44 51 66 36 42 44 69 45 59 51 60
64
0
45 44 39 38 57 41 49 52 37 44 44 51 44 59 68 58 44 33 46 64
65
0
44 59 44 58 41 44 56 36 52 59 58 41 72 37 49 40 60 42 47 62
66
0
51 35 39 54 61 47 54 33 45 55 58 58 53 31 46 63 37 51 49 53
67
0
55 53 49 44 47 52 50 55 64 42 55 50 43 52 44 54 50 58 35 54
68
0
48 61 54 57 46 56 60 53 52 41 56 43 35 50 46 57 61 56 47 67
69
0
34 33 40 65 65 43 39 48 43 38 34 55 47 61 47 56 79 59 33 59
70
0
42 51 69 39 65 39 45 60 47 56 57 70 47 53 62 51 48 50 43 43
71
0
46 57 40 64 68 68 36 43 60 53 42 51 44 44 51 50 45 46 35 40
72
0
56 52 52 43 53 55 50 49 60 55 41 53 50 59 55 50 50 74 53 41
73
0
43 50 52 37 36 71 46 44 40 39 57 52 59 45 64 48 44 64 51 52
74
0
39 48 45 48 66 37 72 55 70 46 43 43 46 53 34 44 46 43 92 36
75
0
35 65 44 60 48 49 45 44 61 52 44 43 45 33 55 58 45 61 44 63
76
0
55 55 51 57 48 52 44 50 45 28 46 69 51 54 48 56 48 59 55 44
77
0
34 57 45 69 48 55 48 48 70 66 60 51 33 58 66 68 43 43 57 53
78
0
55 50 64 50 38 36 47 35 46 48 46 44 45 33 37 58 54 54 52 41
79
0
51 45 41 31 48 42 46 44 49 51 43 52 58 52 51 63 45 41 49 52
80
0
42 47 50 51 45 57 50 49 48 57 72 47 46 57 43 49 56 55 62 53
81
0
57 54 51 55 41 59 44 52 52 69 43 43 32 42 37 39 49 54 47 70
82
0
59 48 50 67 71 54 55 51 49 48 46 50 81 56 34 66 38 50 48 35
83
0
55 41 64 52 41 53 49 68 60 49 53 41 63 59 50 75 67 50 45 50
84
0
61 56 41 46 58 51 51 39 28 61 59 44 43 58 63 62 78 31 41 59
85
0
40 51 49 46 41 49 54 34 44 41 49 38 48 52 43 39 67 64 41 38
86
0
39 55 45 54 56 49 55 53 57 48 41 29 52 56 43 63 44 63 41 31
87
0
60 44 49 38 52 62 30 62 51 55 42 52 58 59 46 46 58 42 70 38
88
0
38 54 54 46 52 58 42 33 43 74 53 43 51 63 76 44 48 35 71 56
89
0
55 54 49 41 47 38 37 48 33 57 53 47 59 62 56 36 46 53 45 45
90
0
38 52 34 40 39 52 39 50 50 46 45 38 50 36 45 61 63 29 49 37
91
0
50 43 81 49 39 45 35 63 32 55 46 72 41 44 71 48 54 55 47 47
92
0
59 61 33 39 42 58 74 53 51 43 44 47 52 55 45 34 69 46 63 62
93
0
56 59 54 45 55 60 48 57 39 50 39 57 51 39 52 36 33 36 53 44
94
0
69 52 58 56 59 47 51 50 69 47 41 34 51 41 29 55 47 42 60 64
95
0
61 61 41 69 29 49 63 52 74 47 66 42 47 48 76 64 56 45 47 39
96
0
45 61 45 57 50 56 51 48 53 37 78 55 49 52 51 55 45 40 45 49
97
0
63 49 39 49 48 33 58 32 52 44 45 40 30 56 43 59 48 65 59 69
98
0
62 59 58 52 43 40 49 56 45 63 46 41 56 50 55 62 62 48 41 57
99
0
46 44 58 45 44 48 47 46 56 41 57 56 46 38 21 40 49 47 42 53
