200
5
139257
0
0
75 49 57 65 48
1
0
58 44 50 58 39
2
0
65 51 44 30 37
3
0
53 51 41 43 54
4
0
43 59 58 41 49
5
0
56 48 45 53 60
6
0
45 54 39 38 46
7
0
41 48 39 41 60
8
0
38 39 74 38 66
9
0
67 50 34 75 45
10
0
38 52 47 60 36
11
0
64 53 59 49 47
12
0
52 46 47 47 54
13
0
39 46 39 71 58
14
0
60 47 57 58 46
15
0
58 49 50 41 35
16
0
42 53 58 56 60
17
0
41 50 45 73 36
18
0
41 43 45 45 45
19
0
58 45 52 47 52
20
0
63 46 53 48 49
21
0
54 46 43 43 49
22
0
47 57 50 61 51
23
0
49 25 48 45 44
24
0
50 71 43 65 64
25
0
61 65 60 46 51
26
0
76 70 53 30 39
27
0
71 54 67 48 59
28
0
52 45 30 58 40
29
0
38 58 56 43 49
30
0
51 51 50 41 46
31
0
45 46 61 33 58
32
0
44 33 50 46 67
33
0
49 50 41 66 45
34
0
50 66 54 59 40
35
0
63 35 72 57 53
36
0
38 42 61 61 54
37
0
42 53 49 45 65
38
0
49 50 37 38 50
39
0
58 35 44 56 45
40
0
43 72 50 57 38
41
0
54 56 49 57 56
42
0
45 67 56 59 51
43
0
47 75 47 71 60
44
0
47 48 39 57 37
45
0
54 32 47 36 62
46
0
54 48 46 41 49
47
0
47 53 70 47 43
48
0
63 42 43 63 51
49
0
60 78 45 41 63
50
0
62 38 49 42 51
51
0
41 28 43 55 49
52
0
46 36 46 41 39
53
0
38 50 69 52 48
54
0
38 64 38 65 35
55
0
43 60 32 51 68
56
0
64 73 49 60 61
57
0
46 51 48 37 48
58
0
51 51 41 61 52
59
0
61 48 43 58 51
60
0
57 52 61 48 42
61
0
47 67 67 56 39
62
0
45 42 52 61 57
63
0
37 52 57 52 46
64
0
53 47 59 57 64
65
0
40 51 69 35 44
66
0
61 40 34 38 49
67
0
50 47 68 64 41
68
0
38 60 61 55 49
69
0
55 53 54 58 51
70
0
52 68 50 54 57
71
0
56 55 65 52 47
72
0
53 49 61 52 63
73
0
43 61 68 70 51
74
0
50 43 54 61 28
75
0
69 59 51 58 70
76
0
58 52 57 81 54
77
0
62 53 51 49 55
78
0
30 44 43 36 45
79
0
44 60 43 47 59
80
0
46 74 47 42 58
81
0
54 46 57 49 60
82
0
74 44 50 50 44
83
0
52 60 53 42 44
84
0
44 66 53 49 47
85
0
41 51 26 47 51
86
0
48 41 39 65 51
87
0
58 42 40 64 47
88
0
72 51 42 42 42
89
0
57 50 51 58 56
90
0
48 52 55 41 61
91
0
36 49 62 54 59
92
0
41 55 61 53 52
93
0
43 50 54 57 34
94
0
60 58 40 30 60
95
0
38 43 54 49 58
96
0
44 61 46 40 44
97
0
51 56 49 39 64
98
0
52 53 48 45 56
99
0
50 52 39 54 34
100
0
40 58 51 47 42
101
0
39 45 44 44 58
102
0
57 41 48 38 68
103
0
41 38 53 40 36
104
0
34 58 41 47 52
105
0
55 56 50 32 47
106
0
65 57 52 43 45
107
0
77 33 52 51 49
108
0
43 42 62 61 43
109
0
57 51 49 70 41
110
0
68 53 54 58 55
111
0
60 46 49 47 44
112
0
60 44 31 49 38
113
0
27 47 47 57 43
114
0
43 55 58 59 53
115
0
40 44 64 46 58
116
0
46 55 54 30 29
117
0
44 44 47 67 45
118
0
56 40 40 39 60
119
0
57 58 61 57 54
120
0
38 47 49 47 44
121
0
40 42 38 30 39
122
0
60 45 59 47 40
123
0
55 66 44 59 57
124
0
52 51 46 57 54
125
0
42 37 53 40 57
126
0
36 51 49 43 49
127
0
52 50 55 46 36
128
0
64 42 40 50 40
129
0
65 39 51 72 51
130
0
72 45 61 52 70
131
0
71 40 57 55 64
132
0
58 36 43 52 39
133
0
52 65 52 55 55
134
0
47 28 46 51 60
135
0
55 43 64 48 29
136
0
39 41 62 71 37
137
0
38 68 42 62 53
138
0
57 52 48 57 70
139
0
57 69 29 47 42
140
0
47 42 50 54 34
141
0
37 39 54 48 61
142
0
71 52 41 34 62
143
0
56 51 44 37 55
144
0
80 48 46 58 43
145
0
49 45 52 45 41
146
0
65 39 52 44 54
147
0
58 49 52 58 41
148
0
58 61 40 45 57
149
0
31 37 55 40 45
150
0
48 55 48 59 50
151
0
45 41 49 79 55
152
0
37 51 42 48 41
153
0
59 45 45 49 57
154
0
42 46 46 43 63
155
0
63 38 43 60 48
156
0
34 65 63 47 37
157
0
54 53 38 41 54
158
0
50 47 52 55 45
159
0
58 55 40 33 56
160
0
48 57 74 68 46
161
0
63 57 34 34 71
162
0
54 59 69 42 39
163
0
39 24 48 49 47
164
0
60 59 71 49 47
165
0
37 54 53 50 53
166
0
61 54 44 48 53
167
0
48 50 52 48 62
168
0
49 46 42 44 66
169
0
50 34 33 52 56
170
0
42 66 53 40 60
171
0
70 59 56 68 33
172
0
49 62 35 57 56
173
0
69 59 47 52 50
174
0
40 49 48 38 60
175
0
51 55 39 46 47
176
0
43 32 35 36 58
177
0
76 57 51 50 40
178
0
46 57 40 52 60
179
0
44 44 43 43 65
180
0
64 54 28 58 53
181
0
61 49 52 50 56
182
0
56 38 40 59 59
183
0
35 53 50 48 65
184
0
66 56 57 44 60
185
0
49 42 51 67 58
186
0
44 45 40 47 44
187
0
23 52 37 62 49
188
0
44 54 42 51 39
189
0
53 47 51 58 49
190
0
48 55 45 51 52
191
0
47 68 52 71 51
192
0
55 38 59 47 61
193
0
66 38 46 57 60
194
0
68 47 60 29 60
195
0
58 50 40 53 35
196
0
52 48 45 55 47
197
0
43 43 58 46 49
198
0
53 35 44 44 44
199
0
33 42 55 40 33
