30
20
1815450968
0
0
51 53 56 50 50 54 47 64 52 59 55 50 52 46 46 57 61 45 52 56
1
0
41 50 46 52 45 45 52 60 57 49 44 56 54 48 51 57 54 51 58 52
2
0
47 51 46 53 46 56 44 46 48 51 50 53 52 54 45 55 50 56 62 50
3
0
49 46 48 41 55 42 53 54 56 53 49 39 56 62 55 56 46 49 53 56
4
0
51 48 52 42 59 50 41 59 52 49 49 60 49 42 57 50 50 44 58 50
5
0
49 46 53 60 48 50 49 46 56 46 43 53 52 49 57 47 42 56 51 51
6
0
53 56 48 51 53 44 45 43 56 53 55 53 58 46 44 55 53 48 58 44
7
0
54 51 51 54 58 52 57 56 48 57 55 58 57 52 53 47 51 50 51 48
8
0
52 48 41 54 51 47 45 50 57 62 46 52 50 51 50 48 45 45 48 51
9
0
48 52 58 53 49 63 50 51 46 49 54 52 47 43 54 56 53 52 50 45
10
0
45 57 49 55 58 47 48 57 58 48 44 43 53 47 49 46 51 50 45 49
11
0
49 46 54 48 53 51 59 48 58 45 58 55 57 51 49 55 57 55 50 43
12
0
53 43 64 48 49 48 45 47 60 55 51 48 56 57 60 54 47 54 50 53
13
0
49 50 53 51 47 45 49 49 42 57 47 47 55 51 53 55 57 51 53 58
14
0
47 40 40 48 56 51 48 55 60 58 46 48 49 46 48 56 45 50 47 50
15
0
42 41 63 59 54 53 45 60 48 46 57 56 47 59 43 49 53 48 55 53
16
0
50 51 54 48 53 59 51 48 60 44 55 55 55 48 43 55 50 53 48 55
17
0
50 55 51 58 55 56 45 51 56 51 53 53 53 57 51 57 56 60 49 51
18
0
49 42 48 45 48 47 48 55 54 55 44 50 50 47 48 43 57 57 45 54
19
0
49 52 58 53 41 52 48 52 54 53 46 42 48 48 52 54 53 50 52 48
20
0
50 43 64 54 57 49 53 51 51 47 56 47 44 46 46 47 49 45 45 48
21
0
58 49 52 52 54 53 49 46 46 47 53 47 49 49 51 47 53 51 45 44
22
0
60 60 60 48 50 45 51 42 53 44 56 60 51 42 48 49 58 51 46 63
23
0
48 55 43 55 51 48 51 57 56 54 50 51 47 56 47 50 53 49 53 46
24
0
48 58 58 50 54 54 46 48 44 56 54 44 48 49 49 42 46 52 52 47
25
0
54 50 56 53 49 58 46 49 48 54 43 38 50 51 47 49 48 51 43 58
26
0
47 46 57 46 61 48 53 45 47 48 47 53 49 46 42 47 48 52 55 49
27
0
57 63 48 48 56 43 44 56 50 49 53 48 51 40 46 43 50 46 48 47
28
0
48 55 50 60 52 57 51 45 50 57 56 52 45 51 39 58 46 43 58 47
29
0
45 55 46 55 55 40 53 54 52 43 53 46 55 57 54 49 58 50 47 53
