30
20
54549
0
0
54 52 55 56 50 57 56 55 50 55 56 54 53 49 52 54 53 57 53 55
1
0
45 41 43 45 42 41 37 43 40 38 44 43 42 39 41 45 42 39 38 40
2
0
41 49 46 46 47 46 47 44 43 45 48 48 42 45 45 45 47 43 44 40
3
0
64 58 58 61 55 58 60 52 60 57 53 57 56 57 56 59 59 59 58 59
4
0
49 45 43 46 45 46 50 44 48 48 49 46 42 46 44 46 47 45 47 42
5
0
54 53 56 53 49 52 52 49 53 49 53 51 50 51 48 54 50 49 52 52
6
0
74 70 71 68 65 68 73 69 69 64 70 68 65 66 67 66 66 67 68 73
7
0
53 53 52 54 51 52 49 53 53 52 51 50 53 53 47 50 54 58 47 54
8
0
42 40 42 40 42 42 42 42 43 40 43 43 43 42 39 41 39 44 43 43
9
0
48 48 45 49 51 48 47 46 46 48 47 48 48 47 49 46 47 47 46 46
10
0
50 52 50 51 50 51 55 48 52 50 53 49 51 52 52 51 48 51 49 48
11
0
30 32 29 31 29 33 31 33 31 32 29 31 31 35 34 32 28 32 30 30
12
0
76 72 68 76 74 72 73 69 67 72 71 71 73 71 71 73 69 69 73 69
13
0
41 42 42 43 41 45 45 38 39 44 40 39 40 42 39 45 47 44 41 43
14
0
40 42 44 40 37 40 45 40 43 42 42 41 43 41 43 39 39 39 43 38
15
0
39 37 40 38 38 38 36 35 37 37 39 41 40 37 37 37 37 36 38 35
16
0
49 47 49 49 48 47 50 51 51 49 46 48 48 47 51 46 51 55 49 49
17
0
61 59 60 60 60 59 62 60 63 62 61 54 59 63 58 60 61 60 58 61
18
0
42 40 39 38 43 40 40 40 40 40 37 41 38 40 42 37 44 42 41 39
19
0
50 56 56 54 56 61 51 52 51 55 53 57 51 54 55 52 57 52 54 57
20
0
66 64 58 61 62 60 59 59 59 61 66 62 60 57 59 59 59 63 64 62
21
0
47 49 49 46 47 53 49 45 53 47 51 46 51 48 49 49 50 45 48 45
22
0
42 42 42 41 40 40 40 45 40 43 43 41 42 41 42 40 43 46 40 44
23
0
54 52 54 56 53 56 51 53 52 55 51 55 52 52 56 52 56 52 49 55
24
0
37 39 40 38 39 38 37 39 38 41 40 37 36 36 38 41 42 41 37 41
25
0
64 59 66 59 64 64 61 60 57 58 62 61 65 59 65 65 64 62 67 64
26
0
63 68 61 70 67 66 67 66 69 69 65 69 68 64 66 63 69 66 61 69
27
0
44 43 43 44 43 41 41 43 42 45 41 45 43 45 43 42 44 39 43 40
28
0
56 59 60 61 62 63 57 57 58 62 57 58 57 57 60 57 60 58 53 61
29
0
49 51 47 47 46 49 49 50 48 52 50 47 50 48 51 50 51 47 49 50
