50
10
783769
0
0
26 31 30 29 27 32 28 29 29 27
1
0
43 47 45 44 49 46 48 48 45 45
2
0
59 56 58 55 64 58 57 60 58 61
3
0
51 50 49 49 49 51 48 45 56 51
4
0
32 32 31 34 35 30 34 31 31 31
5
0
58 62 61 59 60 62 63 57 64 64
6
0
66 65 71 72 69 71 73 73 68 70
7
0
43 48 50 48 47 50 46 46 46 44
8
0
73 74 70 66 70 74 72 71 73 72
9
0
39 39 42 44 42 42 44 42 42 43
10
0
50 49 55 51 53 51 53 52 48 52
11
0
47 47 52 49 53 49 51 45 51 48
12
0
56 54 58 58 58 57 54 54 57 61
13
0
34 34 31 33 32 32 32 31 36 33
14
0
54 57 54 53 52 52 53 57 54 54
15
0
48 49 46 48 47 44 45 45 49 42
16
0
46 42 43 43 42 41 41 47 44 45
17
0
68 69 67 72 69 69 67 73 72 71
18
0
74 74 74 71 75 75 73 75 76 76
19
0
60 61 55 60 62 58 62 60 60 60
20
0
60 66 64 62 62 58 61 60 62 59
21
0
64 63 66 65 60 63 65 65 67 62
22
0
52 54 54 55 52 54 52 55 54 58
23
0
49 48 47 50 49 48 45 47 49 50
24
0
53 56 56 59 56 52 56 55 58 55
25
0
58 65 58 60 59 61 61 61 59 60
26
0
38 41 46 41 42 42 39 41 41 39
27
0
53 56 52 52 56 49 51 53 55 57
28
0
49 46 43 49 46 50 49 53 45 47
29
0
59 55 54 54 53 55 54 54 52 57
30
0
73 70 71 69 70 70 71 68 68 69
31
0
48 47 52 50 50 53 49 52 51 49
32
0
50 50 45 46 47 47 53 49 49 50
33
0
51 51 53 54 57 52 54 52 51 56
34
0
32 36 32 32 32 36 32 32 33 34
35
0
48 47 51 45 49 50 46 46 50 48
36
0
46 48 50 46 45 47 46 49 46 48
37
0
45 45 45 46 46 47 45 44 51 47
38
0
53 56 54 53 54 54 54 52 55 57
39
0
43 43 46 44 48 46 45 46 48 46
40
0
61 60 63 59 58 62 62 58 65 59
41
0
46 45 47 46 47 47 44 46 42 49
42
0
41 40 42 39 44 41 41 44 43 43
43
0
44 45 44 44 44 46 44 43 41 40
44
0
36 37 36 40 37 36 36 36 38 34
45
0
47 44 47 47 48 46 48 47 49 44
46
0
49 49 53 57 55 54 55 54 59 55
47
0
56 58 55 53 53 56 55 59 56 55
48
0
48 50 50 45 46 46 47 46 45 50
49
0
27 30 31 30 26 27 26 29 29 29
