100
20
887871
0
0
41 58 38 63 49 53 51 57 66 60 43 49 52 43 46 36 63 28 32 51
1
0
41 61 33 71 52 53 55 55 61 68 43 49 49 45 48 35 57 28 35 50
2
0
43 59 35 65 51 55 49 53 67 66 38 53 53 45 47 36 63 30 37 54
3
0
42 63 39 64 52 56 49 56 62 59 44 52 48 44 47 35 59 30 33 51
4
0
41 63 33 64 49 58 51 56 65 63 42 46 51 42 48 39 64 32 34 53
5
0
41 58 36 64 50 58 50 52 59 64 45 51 50 45 45 36 61 29 35 49
6
0
44 64 35 67 49 50 47 51 62 64 40 49 51 43 48 34 59 29 38 51
7
0
41 60 37 66 50 53 51 56 58 67 42 50 50 48 43 36 64 29 36 50
8
0
40 63 35 63 48 54 49 51 64 67 42 47 50 48 46 32 63 26 35 53
9
0
39 56 36 62 47 55 55 57 60 65 44 44 48 47 45 35 57 31 35 50
10
0
41 61 37 65 51 52 50 54 60 67 44 48 50 46 46 33 63 29 34 47
11
0
38 64 32 66 52 56 53 59 58 66 39 50 47 46 49 34 63 26 30 54
12
0
41 65 40 64 49 55 51 59 61 64 44 51 51 42 48 36 63 26 34 51
13
0
39 60 35 65 52 56 54 57 61 60 43 51 53 41 49 33 65 27 32 52
14
0
40 61 39 64 48 52 52 55 62 65 42 52 52 49 49 38 69 27 35 51
15
0
42 60 41 65 50 52 50 55 63 66 42 49 50 43 50 34 63 30 32 50
16
0
42 65 36 68 50 54 51 54 62 64 42 49 47 43 52 32 61 28 35 52
17
0
44 66 38 61 48 55 53 54 60 66 41 48 49 44 43 35 65 29 30 53
18
0
38 64 38 65 49 57 51 55 65 68 44 47 53 47 47 37 61 27 34 50
19
0
40 61 35 64 50 59 55 59 61 64 40 50 48 47 45 31 58 29 33 54
20
0
40 58 40 66 49 54 54 57 61 69 42 50 47 40 46 29 68 29 35 54
21
0
42 63 38 64 49 54 53 53 60 69 42 50 50 45 46 32 63 26 36 53
22
0
40 64 39 68 52 53 54 53 60 63 43 51 51 42 48 37 63 28 35 51
23
0
39 66 38 65 51 52 51 51 63 62 41 48 52 42 47 32 63 30 36 48
24
0
39 60 37 66 53 54 48 54 57 64 40 49 51 44 48 32 63 28 37 48
25
0
43 64 37 72 50 56 53 57 58 64 42 52 52 43 49 33 65 29 34 52
26
0
38 61 35 67 51 57 51 52 60 69 43 50 51 46 47 34 65 27 33 52
27
0
39 63 33 67 46 52 56 54 61 61 44 49 50 45 46 34 61 27 35 48
28
0
39 59 40 66 49 58 52 54 62 66 41 51 56 43 50 33 65 31 35 50
29
0
40 60 36 70 49 56 51 54 62 67 43 50 49 44 46 37 62 28 36 50
30
0
42 59 37 68 51 58 52 53 62 64 41 51 48 42 48 35 64 31 34 53
31
0
43 61 36 67 50 56 52 56 59 70 43 49 50 44 50 35 57 29 33 51
32
0
35 62 35 70 50 56 46 55 62 67 41 48 49 43 46 34 59 27 33 51
33
0
40 60 37 63 48 53 54 55 59 64 39 50 54 39 45 30 61 26 34 49
34
0
42 60 39 65 50 60 50 52 59 65 42 47 54 45 45 34 64 29 33 52
35
0
38 61 40 63 52 55 53 56 57 63 44 51 47 43 52 34 59 29 35 55
36
0
41 56 38 74 50 52 54 57 60 58 43 49 51 45 48 37 65 27 33 56
37
0
40 63 40 64 47 56 55 58 58 61 44 52 52 46 46 37 65 29 35 51
38
0
42 64 32 69 49 57 47 54 58 61 39 47 51 41 50 33 64 27 33 47
39
0
39 63 35 68 51 59 53 51 58 65 40 48 48 43 45 36 65 29 32 50
40
0
42 62 36 64 52 56 57 59 62 61 44 48 52 47 43 36 60 27 34 55
41
0
40 60 36 67 46 56 52 55 65 63 40 50 48 41 46 36 60 28 35 53
42
0
38 65 35 64 51 62 50 58 61 64 42 47 49 47 45 33 59 29 33 51
43
0
41 63 36 70 46 55 55 55 60 63 43 50 55 47 48 35 61 29 37 51
44
0
43 58 37 62 50 55 50 55 60 64 38 48 49 44 47 34 67 28 35 52
45
0
39 61 36 66 47 54 55 58 63 62 43 47 54 46 47 34 67 28 32 51
46
0
41 67 35 62 50 59 50 57 62 66 42 50 49 42 44 34 66 28 34 48
47
0
35 63 34 65 53 53 51 59 67 67 38 50 51 45 47 36 60 31 36 51
48
0
39 61 38 69 48 52 50 51 64 66 40 50 53 39 47 33 64 29 34 51
49
0
42 59 38 68 48 53 53 58 62 64 41 50 51 43 48 35 65 30 34 55
50
0
43 60 38 66 49 55 53 53 60 64 41 50 49 41 46 35 66 27 35 53
51
0
41 65 34 66 47 59 54 54 57 65 42 50 47 42 45 36 64 27 32 52
52
0
39 57 36 66 52 51 49 53 64 64 43 51 48 44 45 31 60 29 34 50
53
0
37 60 36 65 49 56 51 55 64 66 43 49 50 44 45 31 63 27 35 55
54
0
40 61 39 68 50 52 53 53 62 66 45 48 54 42 50 36 65 27 34 53
55
0
39 62 38 66 50 54 49 55 59 65 43 49 48 45 47 33 70 29 33 51
56
0
45 62 37 70 47 55 57 59 59 64 43 50 49 41 44 35 63 27 35 53
57
0
40 59 37 65 49 56 54 54 62 70 40 48 52 42 44 35 61 26 33 53
58
0
36 60 39 65 49 55 50 52 59 61 42 47 49 47 42 34 61 27 31 48
59
0
42 63 39 65 50 52 55 51 63 66 41 54 50 44 45 37 62 27 35 53
60
0
38 61 34 64 50 53 52 58 60 65 42 52 50 44 47 35 61 26 34 49
61
0
39 62 34 65 51 56 53 53 63 65 42 50 50 45 46 33 62 29 34 51
62
0
41 61 39 67 56 54 51 57 59 65 44 49 51 44 48 30 62 25 33 49
63
0
41 59 40 66 46 52 50 55 62 64 41 46 50 44 46 34 61 25 34 50
64
0
38 63 38 65 49 55 50 55 62 65 45 47 51 45 45 37 61 27 34 54
65
0
36 66 37 66 51 54 53 55 61 67 40 50 53 43 47 35 65 27 33 50
66
0
38 60 39 67 49 56 50 57 60 65 41 51 48 48 46 32 63 29 30 54
67
0
43 68 36 66 50 58 51 53 63 61 42 47 49 40 44 35 57 30 35 51
68
0
41 63 39 67 51 60 52 57 62 63 44 53 52 42 47 34 64 28 33 52
69
0
41 60 37 63 48 55 55 57 57 61 38 49 53 44 48 32 62 28 32 54
70
0
45 63 35 64 54 56 49 54 67 65 45 47 48 40 46 34 60 31 31 50
71
0
40 63 38 61 50 55 51 53 59 69 46 47 53 46 46 36 62 28 34 51
72
0
42 62 36 65 50 55 52 55 57 65 45 53 52 41 46 34 60 27 35 50
73
0
40 58 34 64 52 51 56 59 56 64 43 53 51 43 47 34 66 28 35 49
74
0
38 64 34 70 48 51 52 54 60 64 37 52 49 41 49 40 60 27 31 49
75
0
41 63 35 63 49 50 52 58 59 65 43 53 52 43 45 33 65 29 33 50
76
0
39 64 38 63 50 56 52 56 62 69 42 48 52 41 48 33 62 32 30 50
77
0
40 61 39 64 52 55 53 56 62 64 44 50 54 41 47 34 62 27 34 50
78
0
40 62 40 65 47 57 53 55 59 64 41 48 52 44 47 32 61 28 37 53
79
0
40 61 39 68 54 54 50 54 63 61 41 46 50 41 48 33 65 30 33 48
80
0
36 62 39 69 46 55 51 54 65 63 43 51 48 43 46 35 62 24 33 50
81
0
40 60 38 65 47 59 51 55 56 62 45 52 49 44 46 36 59 30 33 54
82
0
39 64 36 63 50 59 54 59 59 62 42 50 54 45 44 35 61 25 35 53
83
0
40 58 38 64 49 56 51 55 57 63 44 51 50 43 49 37 62 29 36 48
84
0
40 68 39 63 51 61 53 53 60 67 42 53 49 44 48 35 65 27 36 50
85
0
46 60 36 67 51 58 51 57 60 64 44 47 52 40 48 33 64 28 33 51
86
0
41 62 38 63 53 57 53 56 62 68 44 51 49 42 47 36 64 28 34 49
87
0
38 61 34 63 51 55 52 56 56 64 46 51 53 46 48 33 65 28 36 54
88
0
38 64 37 64 53 55 51 55 62 67 40 54 54 42 46 32 64 29 35 46
89
0
39 61 35 68 51 54 53 54 61 67 44 50 50 43 47 34 59 26 35 51
90
0
39 60 33 64 49 51 53 59 62 66 43 48 51 45 48 33 64 29 32 49
91
0
41 64 35 63 51 57 51 58 58 66 42 51 53 42 46 34 67 27 34 51
92
0
43 62 41 65 52 57 54 58 62 64 41 49 48 45 43 30 59 26 36 50
93
0
45 59 34 67 47 56 52 61 63 63 41 50 54 43 42 34 59 28 33 50
94
0
43 64 38 64 49 54 51 59 61 69 42 50 49 45 47 34 60 27 33 52
95
0
41 65 42 62 48 57 54 57 60 65 45 50 51 45 47 34 61 29 37 50
96
0
44 63 37 66 52 57 55 51 60 66 40 49 45 45 46 32 62 27 35 52
97
0
39 69 36 68 53 56 53 53 59 67 41 52 51 48 49 33 60 29 36 50
98
0
40 61 38 63 53 56 53 58 58 66 44 45 47 43 50 31 61 27 34 54
99
0
40 63 36 68 49 56 50 53 61 72 38 50 50 43 47 32 63 29 31 54
