50
10
819059
0
0
61 29 42 51 60 44 53 57 43 53
1
0
59 32 45 47 59 44 57 53 38 50
2
0
55 31 40 47 58 46 53 57 42 51
3
0
61 33 43 49 54 42 56 54 43 51
4
0
61 32 42 52 58 44 56 64 40 51
5
0
57 33 46 49 56 45 54 59 36 56
6
0
60 33 44 50 60 45 56 54 41 49
7
0
59 31 41 50 55 46 54 57 43 51
8
0
61 34 40 48 63 43 51 56 42 48
9
0
57 30 44 48 54 44 58 59 43 51
10
0
63 32 45 48 60 46 52 52 41 50
11
0
59 33 44 51 52 45 55 57 41 50
12
0
60 31 46 50 56 49 55 59 41 52
13
0
61 30 43 52 54 46 58 51 42 50
14
0
59 31 45 45 59 44 56 58 42 51
15
0
58 33 46 51 54 42 53 55 41 51
16
0
57 32 44 47 60 41 56 53 41 51
17
0
57 30 41 50 59 47 53 54 42 51
18
0
61 32 44 46 57 44 56 57 45 53
19
0
58 33 41 50 58 43 54 61 41 54
20
0
58 32 43 50 56 50 52 54 38 57
21
0
61 29 45 47 56 43 54 56 45 54
22
0
58 32 45 47 59 46 53 58 44 54
23
0
55 32 39 48 53 45 57 57 41 50
24
0
60 30 42 50 58 46 56 57 41 52
25
0
58 33 43 48 59 42 56 59 42 52
26
0
61 31 43 49 56 45 55 53 41 55
27
0
61 29 44 46 58 42 57 57 44 50
28
0
63 34 43 46 60 43 56 56 41 53
29
0
56 30 44 51 56 46 56 59 43 52
30
0
55 29 46 47 60 46 56 54 45 53
31
0
59 33 47 51 60 50 57 58 44 50
32
0
59 33 45 49 58 42 52 55 44 50
33
0
61 31 43 49 55 47 58 55 44 53
34
0
60 30 43 48 60 47 59 56 42 50
35
0
57 32 42 48 61 42 56 56 41 48
36
0
61 34 44 48 57 46 55 54 42 50
37
0
62 33 44 43 60 43 56 57 45 50
38
0
59 33 41 45 58 43 56 57 45 53
39
0
58 28 45 48 57 44 56 55 42 52
40
0
61 30 45 52 57 45 60 59 40 49
41
0
54 29 42 46 60 43 52 54 43 52
42
0
58 32 45 46 53 45 54 59 42 50
43
0
61 32 46 50 55 40 57 56 42 48
44
0
61 36 46 49 57 48 52 55 41 54
45
0
57 31 42 53 61 46 55 58 44 48
46
0
59 31 45 52 60 44 51 56 40 52
47
0
56 32 43 51 55 47 55 57 42 51
48
0
60 31 45 43 55 45 50 56 41 53
49
0
56 30 48 49 57 48 52 57 45 52
