200
10
741312
0
0
58 58 57 60 55 61 56 59 59 58
1
0
41 38 39 39 42 40 37 41 39 42
2
0
66 68 68 75 68 69 67 63 71 73
3
0
61 59 56 56 57 58 60 58 55 63
4
0
59 58 58 55 56 58 58 55 54 54
5
0
50 56 52 55 54 54 54 54 58 51
6
0
55 57 51 56 56 53 54 56 52 53
7
0
36 38 35 34 36 34 39 37 33 35
8
0
44 49 46 50 46 47 48 48 44 51
9
0
48 48 49 51 49 52 49 50 48 45
10
0
58 56 60 62 59 59 58 60 62 57
11
0
40 41 40 45 46 42 45 40 44 42
12
0
63 56 59 54 57 57 64 55 57 55
13
0
59 60 66 63 62 64 64 62 64 66
14
0
62 66 62 62 64 67 62 66 65 68
15
0
51 54 54 50 50 54 53 55 54 51
16
0
52 53 51 56 52 57 51 48 49 55
17
0
51 56 60 58 55 57 58 61 59 55
18
0
50 51 50 50 54 52 52 47 51 52
19
0
65 65 63 62 62 59 66 65 63 60
20
0
46 47 49 49 51 52 52 49 47 44
21
0
49 52 50 48 53 46 51 50 51 51
22
0
64 63 59 59 63 60 57 59 59 62
23
0
45 51 44 43 47 44 48 47 46 47
24
0
44 45 43 47 48 50 47 45 43 44
25
0
38 44 41 40 39 39 39 39 39 41
26
0
73 76 79 75 75 73 78 71 81 72
27
0
59 60 51 53 52 57 60 54 59 59
28
0
47 48 50 46 48 53 50 54 51 48
29
0
68 70 67 65 70 63 67 72 66 74
30
0
75 69 75 70 70 73 71 75 76 70
31
0
34 35 35 34 38 33 34 34 35 34
32
0
50 47 51 53 52 47 51 49 49 48
33
0
58 62 64 60 61 61 56 61 58 61
34
0
35 33 35 37 35 35 35 35 34 33
35
0
46 45 43 46 45 49 47 45 44 45
36
0
32 34 31 33 34 34 31 34 31 31
37
0
43 48 45 47 44 47 48 47 47 45
38
0
47 49 47 48 46 47 46 50 47 44
39
0
49 53 52 50 53 54 52 55 53 54
40
0
31 34 31 30 30 32 35 31 33 34
41
0
40 44 41 40 42 42 43 42 43 42
42
0
59 67 64 67 60 64 62 64 65 59
43
0
48 48 47 49 45 47 49 46 48 45
44
0
57 57 60 59 58 59 61 61 56 61
45
0
54 49 53 50 53 51 50 52 53 54
46
0
66 68 66 67 64 67 61 63 69 67
47
0
46 49 45 42 44 44 45 41 45 43
48
0
41 42 41 42 42 41 41 44 42 41
49
0
47 47 45 47 44 44 47 46 43 49
50
0
53 50 50 47 49 52 50 52 47 51
51
0
45 43 44 41 41 42 44 44 46 42
52
0
49 51 51 51 52 46 51 49 50 52
53
0
38 43 39 39 38 39 37 38 41 41
54
0
67 65 67 66 66 63 70 66 63 64
55
0
45 48 46 46 47 43 48 48 45 46
56
0
63 63 61 61 65 64 61 63 64 62
57
0
52 50 45 52 48 51 49 50 48 51
58
0
69 70 63 68 69 66 67 68 62 66
59
0
56 53 56 53 51 53 54 53 54 55
60
0
78 74 76 79 82 78 78 75 77 76
61
0
62 59 59 60 61 62 64 59 57 55
62
0
51 51 49 50 50 51 49 49 53 49
63
0
45 50 47 44 50 46 48 45 48 48
64
0
48 49 49 49 47 46 51 47 49 53
65
0
53 51 52 54 51 50 54 55 50 55
66
0
45 42 46 41 45 42 45 41 41 43
67
0
60 60 61 64 59 64 59 63 62 59
68
0
42 43 43 45 39 47 42 49 47 42
69
0
48 50 51 50 50 53 48 51 53 53
70
0
71 69 70 70 66 68 71 71 69 73
71
0
58 62 65 63 62 65 66 62 64 66
72
0
61 56 58 55 60 58 58 58 55 54
73
0
46 50 47 47 49 50 50 47 53 45
74
0
45 43 47 43 44 47 46 47 44 46
75
0
34 31 30 31 35 31 34 33 34 33
76
0
40 40 36 37 38 38 34 39 38 39
77
0
51 52 54 46 52 53 51 57 51 53
78
0
39 43 40 45 39 44 42 41 37 42
79
0
43 41 46 42 42 44 44 40 41 42
80
0
35 34 33 37 34 38 36 37 36 37
81
0
57 54 58 58 54 53 54 56 56 51
82
0
69 76 72 75 73 69 70 73 75 68
83
0
62 56 57 53 58 59 56 52 50 51
84
0
32 35 33 34 32 36 36 35 34 34
85
0
43 42 43 45 44 38 41 39 39 43
86
0
45 46 46 43 45 46 43 42 42 39
87
0
57 56 57 57 57 57 56 52 56 57
88
0
74 79 72 73 76 75 75 74 71 74
89
0
48 41 47 49 44 46 48 48 50 47
90
0
68 63 63 65 63 64 64 62 64 63
91
0
28 29 31 29 29 29 28 30 30 31
92
0
52 52 58 52 53 53 51 53 50 50
93
0
50 49 53 54 55 52 56 52 51 50
94
0
45 45 39 47 41 42 45 47 42 42
95
0
38 45 37 41 38 38 36 38 38 37
96
0
66 68 67 66 70 70 66 65 72 66
97
0
36 38 37 36 37 39 38 37 35 37
98
0
43 40 42 45 44 41 43 43 38 42
99
0
37 34 37 35 35 36 38 37 35 39
100
0
63 69 69 66 69 66 66 65 64 62
101
0
58 59 59 61 61 59 60 59 59 58
102
0
42 44 45 42 49 44 46 43 42 38
103
0
57 58 62 62 60 65 62 68 63 64
104
0
46 42 45 50 45 47 44 49 46 44
105
0
55 59 55 55 58 55 55 57 56 55
106
0
52 56 54 57 56 57 56 58 59 56
107
0
58 55 53 56 56 58 58 58 55 58
108
0
41 43 45 40 45 44 40 44 45 47
109
0
53 53 50 50 47 51 52 52 51 49
110
0
40 37 36 37 37 38 37 33 39 37
111
0
46 41 43 43 42 38 42 44 39 45
112
0
52 51 47 48 49 50 49 48 53 50
113
0
45 49 48 48 49 48 49 48 52 48
114
0
53 50 56 53 54 49 53 51 51 54
115
0
40 43 41 38 42 38 41 43 42 41
116
0
42 44 42 46 43 44 42 45 45 47
117
0
42 43 44 43 45 46 39 44 43 41
118
0
30 34 33 30 30 29 30 30 31 32
119
0
51 49 54 54 52 56 57 53 54 52
120
0
50 52 53 52 55 49 56 52 54 48
121
0
31 32 33 34 32 29 38 31 32 31
122
0
57 57 57 59 60 60 61 60 58 59
123
0
59 59 60 58 59 57 61 57 59 61
124
0
45 48 49 48 46 49 48 48 46 49
125
0
74 74 74 70 70 72 70 73 69 72
126
0
49 49 49 51 51 45 52 49 47 48
127
0
39 37 40 39 42 41 43 42 39 37
128
0
52 54 51 51 49 50 52 49 51 51
129
0
54 51 49 46 48 49 51 51 53 54
130
0
53 55 54 53 52 54 55 52 53 51
131
0
53 60 63 60 58 58 55 62 61 61
132
0
51 48 51 52 51 52 47 52 49 54
133
0
45 45 49 45 47 46 45 48 49 49
134
0
52 48 50 54 52 53 53 52 54 56
135
0
49 49 50 49 46 49 45 51 50 51
136
0
65 68 67 65 66 67 65 63 64 69
137
0
47 38 43 39 41 37 43 42 44 45
138
0
36 34 34 35 36 34 35 36 35 36
139
0
59 65 62 60 55 60 60 58 65 65
140
0
49 49 48 47 43 48 42 46 44 44
141
0
37 38 36 38 34 36 36 39 41 35
142
0
60 61 61 62 60 65 61 60 62 61
143
0
60 67 59 63 64 61 65 61 63 62
144
0
39 41 39 39 43 40 37 37 37 40
145
0
50 51 48 47 49 45 49 49 52 50
146
0
43 43 42 44 46 44 44 46 42 48
147
0
50 52 53 47 54 52 49 48 48 53
148
0
44 45 43 38 42 42 41 42 44 41
149
0
61 55 58 56 59 61 56 56 59 59
150
0
56 51 51 55 54 54 50 55 54 54
151
0
46 47 44 46 43 45 46 42 49 43
152
0
56 59 60 58 60 57 59 58 59 58
153
0
42 46 41 39 42 42 42 39 37 41
154
0
34 39 34 38 35 34 35 34 36 33
155
0
44 45 45 42 43 42 46 45 45 44
156
0
51 48 45 49 51 51 47 49 48 49
157
0
42 38 42 41 39 40 42 43 39 44
158
0
57 56 56 52 52 55 55 55 54 49
159
0
57 54 54 56 56 54 53 54 56 54
160
0
43 44 40 45 45 46 42 40 47 44
161
0
53 53 57 56 57 54 57 60 55 54
162
0
68 72 74 72 73 67 72 67 71 71
163
0
48 45 48 46 51 49 48 49 50 43
164
0
58 53 60 59 56 59 60 59 57 59
165
0
43 46 43 46 45 48 49 46 49 47
166
0
59 54 56 58 59 56 56 62 60 60
167
0
50 50 52 51 54 51 49 51 54 49
168
0
49 48 52 53 50 48 49 50 46 49
169
0
44 44 50 43 45 45 43 47 46 42
170
0
61 59 70 65 63 62 65 63 64 67
171
0
43 43 38 39 38 45 42 45 42 42
172
0
61 62 55 60 55 59 58 58 58 58
173
0
34 34 34 38 38 32 34 35 36 34
174
0
64 59 63 66 60 61 64 65 62 65
175
0
45 47 47 42 43 45 46 44 43 49
176
0
48 48 50 49 45 49 49 49 50 49
177
0
52 49 49 50 50 50 52 55 53 49
178
0
38 41 42 38 43 42 38 41 38 41
179
0
71 70 72 71 74 73 70 74 68 72
180
0
48 47 54 50 53 48 55 50 51 52
181
0
51 46 48 47 49 48 51 44 53 48
182
0
62 60 62 59 54 59 62 56 60 59
183
0
53 48 52 52 55 54 53 48 52 50
184
0
57 62 60 56 57 55 60 57 62 59
185
0
38 40 40 37 39 38 38 39 40 39
186
0
48 46 45 47 48 46 49 49 50 50
187
0
57 57 58 59 59 60 53 59 56 57
188
0
48 48 47 49 50 52 49 49 48 48
189
0
47 51 46 45 45 45 48 45 46 49
190
0
52 54 54 52 57 54 50 52 55 55
191
0
48 49 44 46 45 48 48 47 49 47
192
0
50 56 53 55 56 54 55 54 56 47
193
0
55 55 56 57 55 60 55 53 51 51
194
0
33 32 31 35 32 31 34 30 31 35
195
0
51 46 44 50 47 50 50 47 44 49
196
0
53 54 58 56 52 54 54 56 55 54
197
0
57 59 61 60 63 63 59 59 61 60
198
0
54 51 54 55 54 53 50 55 54 57
199
0
49 45 46 43 44 43 50 44 47 44
