50
20
821255
0
0
50 49 44 51 48 45 48 48 45 48 53 48 48 50 47 47 50 48 51 46
1
0
49 46 46 48 47 47 44 47 43 46 42 43 46 42 47 48 43 45 47 46
2
0
45 43 48 48 42 43 41 44 46 47 46 44 43 44 46 47 45 41 47 43
3
0
35 37 36 39 36 36 35 35 36 37 36 36 35 33 37 33 35 37 34 33
4
0
54 58 57 56 56 53 52 58 55 57 56 56 61 54 55 53 53 56 52 61
5
0
49 51 48 51 50 52 48 51 49 50 50 49 50 53 50 50 49 52 51 50
6
0
48 50 50 45 49 52 51 50 51 53 49 46 46 47 48 50 49 46 49 46
7
0
49 50 50 53 51 52 50 51 50 49 47 47 49 52 49 47 48 50 51 51
8
0
58 64 60 60 59 54 58 58 60 62 60 57 60 55 62 61 58 56 63 59
9
0
22 26 27 23 22 24 27 25 27 24 28 27 25 25 24 24 25 25 24 25
10
0
50 52 49 52 52 48 50 53 53 53 52 50 54 51 51 54 52 51 51 52
11
0
66 63 69 62 64 65 65 63 63 66 62 57 63 63 66 65 61 63 64 63
12
0
40 46 44 43 44 44 42 43 46 40 41 41 49 41 47 43 44 45 44 43
13
0
50 48 46 50 49 54 50 46 51 49 53 52 51 49 51 50 51 50 51 50
14
0
49 51 51 50 48 53 51 48 50 50 49 52 50 50 51 51 52 49 49 52
15
0
54 47 47 48 49 46 46 51 47 50 49 49 49 51 48 49 50 52 49 50
16
0
54 58 58 55 51 58 57 55 56 56 54 56 55 57 56 57 59 57 59 56
17
0
51 48 47 46 52 50 47 47 46 49 45 49 49 50 55 50 48 48 48 46
18
0
50 46 50 45 51 46 52 48 49 48 50 49 49 45 49 50 50 48 50 52
19
0
41 45 41 38 40 43 42 39 41 40 41 41 47 43 43 41 41 39 38 44
20
0
71 71 68 70 67 65 65 68 65 67 70 63 65 66 69 67 74 67 63 63
21
0
53 51 52 54 50 50 49 54 52 50 50 56 51 50 47 51 52 52 50 53
22
0
53 54 50 51 44 47 47 52 50 49 50 51 48 50 49 47 48 50 47 47
23
0
51 50 49 51 47 52 48 53 51 48 48 50 53 47 52 49 47 48 49 49
24
0
50 51 55 54 53 56 53 51 52 49 53 54 52 54 50 51 53 53 51 54
25
0
38 40 39 40 39 38 38 37 39 37 35 38 37 41 36 35 37 39 38 40
26
0
46 49 46 46 46 47 47 47 45 45 49 48 46 45 50 44 43 41 45 48
27
0
40 36 42 41 44 42 39 45 40 36 42 41 38 38 45 42 37 39 39 40
28
0
44 39 44 39 41 41 43 42 41 41 43 41 41 42 42 44 39 45 43 43
29
0
45 45 43 47 45 46 45 45 46 49 44 46 45 44 45 50 46 46 46 49
30
0
78 70 72 73 68 69 72 70 75 69 70 70 71 72 70 69 68 74 70 73
31
0
42 48 45 45 43 50 47 42 44 45 44 44 47 44 45 45 43 46 45 42
32
0
57 58 59 64 58 58 54 58 59 52 61 55 60 54 61 57 57 60 58 58
33
0
29 27 29 27 25 26 29 26 28 28 27 28 26 25 26 25 25 28 30 28
34
0
46 45 46 43 42 44 44 42 46 41 42 43 40 44 42 42 45 43 46 47
35
0
58 58 59 62 63 62 59 62 62 61 63 61 63 58 65 65 62 62 63 61
36
0
78 78 69 69 69 68 76 75 70 74 77 69 73 70 76 70 75 73 70 69
37
0
54 54 52 52 54 49 52 51 53 52 50 55 53 57 53 52 52 55 53 55
38
0
47 49 48 50 49 48 50 49 53 46 50 49 51 48 48 51 50 49 46 44
39
0
43 45 46 41 41 41 44 47 42 44 43 44 44 46 44 43 44 44 44 44
40
0
71 68 74 66 69 72 69 68 70 73 66 70 66 72 70 69 67 71 71 72
41
0
77 83 79 75 82 81 76 80 77 75 79 75 81 79 76 86 79 80 82 82
42
0
87 86 86 88 89 82 86 84 80 87 88 84 90 83 89 83 86 88 78 85
43
0
49 49 46 45 48 45 45 44 49 46 46 46 46 48 47 48 47 43 46 42
44
0
44 46 47 47 46 45 47 43 46 46 49 47 45 48 50 46 47 49 47 47
45
0
45 47 50 48 49 50 45 50 48 44 45 52 49 46 48 46 47 51 49 48
46
0
56 54 56 53 55 53 53 54 54 57 53 51 52 57 55 51 52 55 59 56
47
0
58 54 59 59 53 58 54 55 58 55 56 58 54 52 56 54 52 58 55 55
48
0
52 54 50 51 48 52 49 51 50 53 51 53 49 51 52 53 50 50 51 51
49
0
47 46 46 46 48 47 46 48 48 45 45 47 45 46 48 42 46 45 44 45
