200
5
988322
0
0
48 48 39 60 73
1
0
43 52 35 60 70
2
0
46 54 35 61 76
3
0
44 56 36 62 77
4
0
46 55 37 59 74
5
0
46 50 37 61 75
6
0
43 53 37 62 75
7
0
46 51 40 65 76
8
0
46 51 34 60 73
9
0
50 51 37 62 74
10
0
43 50 35 63 70
11
0
42 50 36 65 74
12
0
45 54 35 62 73
13
0
42 56 34 62 73
14
0
47 51 34 65 71
15
0
47 56 36 59 77
16
0
47 52 37 62 75
17
0
47 53 35 67 75
18
0
45 55 35 63 74
19
0
42 54 34 61 75
20
0
46 52 36 64 72
21
0
46 51 34 63 73
22
0
46 55 35 63 71
23
0
48 53 37 62 72
24
0
49 54 36 63 71
25
0
41 52 35 63 71
26
0
48 49 35 61 78
27
0
47 50 40 62 72
28
0
45 50 33 63 74
29
0
48 50 35 60 71
30
0
44 55 34 59 73
31
0
45 53 37 63 73
32
0
53 52 33 61 75
33
0
45 54 39 65 72
34
0
45 50 38 61 77
35
0
45 51 35 63 72
36
0
45 53 33 64 70
37
0
45 48 41 62 70
38
0
43 53 37 63 76
39
0
43 52 38 61 74
40
0
48 55 39 67 74
41
0
43 54 37 62 73
42
0
45 52 34 62 73
43
0
44 53 38 64 74
44
0
45 53 33 65 78
45
0
45 55 35 62 74
46
0
45 57 34 66 74
47
0
45 54 37 58 72
48
0
42 53 34 59 69
49
0
44 51 37 64 81
50
0
46 54 34 62 76
51
0
42 54 39 61 73
52
0
46 49 34 64 73
53
0
47 50 35 66 71
54
0
44 55 35 65 74
55
0
43 51 37 62 76
56
0
43 57 36 66 74
57
0
46 52 38 61 74
58
0
44 55 37 61 72
59
0
43 54 36 67 75
60
0
47 52 36 58 73
61
0
44 52 35 62 75
62
0
43 53 35 62 77
63
0
46 50 35 62 77
64
0
46 54 37 62 74
65
0
48 56 36 61 73
66
0
46 50 36 64 78
67
0
43 55 34 62 71
68
0
45 55 37 63 71
69
0
45 49 34 60 73
70
0
45 51 36 62 75
71
0
46 50 38 65 74
72
0
47 53 39 62 74
73
0
46 52 38 61 70
74
0
47 54 34 62 75
75
0
46 55 36 62 72
76
0
45 55 32 64 75
77
0
43 54 34 63 73
78
0
45 51 37 65 80
79
0
49 53 37 61 77
80
0
45 53 33 62 74
81
0
45 52 40 64 77
82
0
47 55 35 64 74
83
0
47 56 36 58 69
84
0
44 49 38 64 75
85
0
44 51 34 60 74
86
0
42 51 35 64 71
87
0
47 54 39 62 69
88
0
45 55 34 64 71
89
0
45 52 38 62 73
90
0
48 53 34 60 73
91
0
48 50 38 64 75
92
0
48 51 37 68 76
93
0
47 54 35 64 73
94
0
45 53 35 64 75
95
0
45 53 37 59 69
96
0
43 54 40 63 75
97
0
43 54 36 58 74
98
0
44 50 36 65 70
99
0
44 51 36 58 76
100
0
43 52 38 65 74
101
0
49 51 35 62 71
102
0
44 53 36 57 74
103
0
46 53 36 60 76
104
0
47 54 36 58 72
105
0
50 52 34 63 71
106
0
43 54 37 58 73
107
0
48 52 35 58 75
108
0
47 55 34 64 72
109
0
50 50 37 61 74
110
0
42 55 33 60 72
111
0
48 51 35 66 73
112
0
47 53 38 63 75
113
0
42 51 33 67 70
114
0
48 51 40 60 72
115
0
47 49 35 57 74
116
0
49 55 35 63 74
117
0
51 51 39 62 72
118
0
44 52 37 61 74
119
0
47 51 36 59 72
120
0
46 50 36 63 73
121
0
48 56 38 63 76
122
0
44 51 36 63 71
123
0
47 52 37 61 78
124
0
45 53 36 66 75
125
0
43 53 37 66 74
126
0
47 55 34 61 74
127
0
44 53 35 63 70
128
0
47 52 36 58 72
129
0
46 52 35 58 77
130
0
46 51 39 62 76
131
0
50 51 36 64 70
132
0
46 53 34 60 75
133
0
45 54 37 62 69
134
0
47 50 38 66 75
135
0
44 51 38 60 75
136
0
45 55 36 61 74
137
0
44 52 35 61 73
138
0
45 53 36 67 72
139
0
45 52 39 60 71
140
0
42 50 34 59 71
141
0
46 50 37 64 73
142
0
48 55 37 63 74
143
0
44 50 36 65 74
144
0
46 54 38 68 75
145
0
46 53 36 64 76
146
0
42 52 37 63 66
147
0
45 53 33 64 74
148
0
45 56 35 61 67
149
0
51 53 39 62 70
150
0
47 53 35 64 73
151
0
43 50 35 63 78
152
0
46 51 33 59 70
153
0
43 53 36 64 72
154
0
49 52 35 64 73
155
0
46 52 37 63 77
156
0
48 52 40 65 70
157
0
43 54 41 66 74
158
0
46 53 36 61 77
159
0
42 50 39 61 70
160
0
46 57 36 64 71
161
0
47 54 34 64 73
162
0
43 55 38 59 70
163
0
46 53 37 60 76
164
0
48 57 33 60 68
165
0
43 51 34 63 77
166
0
46 53 37 63 74
167
0
42 50 35 62 72
168
0
42 52 37 68 70
169
0
44 53 36 63 72
170
0
49 48 36 61 75
171
0
46 54 36 62 70
172
0
49 54 34 61 72
173
0
43 55 38 59 75
174
0
46 52 36 64 73
175
0
45 53 37 59 73
176
0
45 50 38 64 71
177
0
46 53 34 58 72
178
0
46 54 34 62 76
179
0
47 53 36 61 74
180
0
46 52 37 63 68
181
0
46 54 37 62 70
182
0
45 56 32 61 74
183
0
44 50 35 64 78
184
0
44 53 37 55 76
185
0
47 53 38 62 72
186
0
48 58 39 57 71
187
0
48 52 35 61 72
188
0
49 51 36 63 71
189
0
45 54 35 60 74
190
0
48 55 38 62 75
191
0
47 51 35 61 72
192
0
45 52 35 61 73
193
0
47 50 35 59 74
194
0
47 50 38 61 71
195
0
47 55 36 61 71
196
0
42 53 34 62 70
197
0
47 53 39 58 74
198
0
48 51 35 59 73
199
0
45 53 37 60 69
