100
5
255531
0
0
23 21 33 30 30
1
0
44 61 51 53 37
2
0
5 6 10 6 10
3
0
25 40 32 37 36
4
0
48 49 70 37 61
5
0
28 35 44 23 49
6
0
14 7 5 7 9
7
0
91 93 63 74 85
8
0
26 29 42 33 43
9
0
26 20 21 18 30
10
0
59 75 88 92 83
11
0
2 1 1 2 1
12
0
4 8 15 10 6
13
0
26 18 15 17 17
14
0
27 30 22 38 29
15
0
36 38 35 29 28
16
0
8 10 12 8 25
17
0
24 28 22 23 28
18
0
93 61 72 64 64
19
0
5 9 6 5 12
20
0
179 146 151 137 153
21
0
16 13 19 13 16
22
0
294 329 275 337 326
23
0
81 64 53 46 74
24
0
65 108 75 77 57
25
0
88 93 95 117 117
26
0
20 26 28 39 24
27
0
60 68 50 53 58
28
0
57 51 57 73 80
29
0
132 71 92 75 67
30
0
31 37 39 52 32
31
0
34 44 27 23 39
32
0
18 11 21 28 23
33
0
180 138 152 135 138
34
0
22 17 16 19 16
35
0
68 55 74 66 71
36
0
39 32 27 38 24
37
0
177 112 116 118 160
38
0
6 13 4 6 9
39
0
34 33 28 49 18
40
0
71 68 73 79 63
41
0
102 100 113 148 97
42
0
58 41 46 54 55
43
0
51 42 37 61 42
44
0
5 9 12 15 12
45
0
111 116 100 111 155
46
0
25 35 24 22 42
47
0
21 17 29 27 21
48
0
109 113 119 103 111
49
0
65 48 57 64 70
50
0
47 63 52 90 72
51
0
32 23 29 23 26
52
0
66 57 54 65 70
53
0
75 72 57 42 54
54
0
12 12 9 8 7
55
0
29 37 19 25 41
56
0
10 7 18 20 12
57
0
20 19 22 32 41
58
0
4 8 5 4 13
59
0
173 166 204 159 143
60
0
18 18 24 35 23
61
0
76 54 49 75 77
62
0
79 104 116 82 73
63
0
1 1 1 1 1
64
0
66 100 92 59 81
65
0
66 33 45 44 48
66
0
44 44 46 40 54
67
0
7 9 7 7 10
68
0
1 2 2 1 1
69
0
18 46 31 60 41
70
0
41 62 63 50 33
71
0
4 7 6 6 9
72
0
80 97 146 120 127
73
0
40 32 38 36 48
74
0
34 28 45 39 45
75
0
36 27 33 28 23
76
0
45 51 55 65 61
77
0
61 89 54 51 48
78
0
6 8 7 5 5
79
0
17 8 16 9 12
80
0
7 5 9 3 5
81
0
265 269 246 227 235
82
0
161 173 191 234 203
83
0
23 30 21 28 40
84
0
7 6 7 5 6
85
0
33 28 46 28 36
86
0
54 48 40 71 52
87
0
119 85 109 80 71
88
0
53 36 43 33 32
89
0
52 65 74 72 71
90
0
36 40 42 57 47
91
0
8 10 6 7 14
92
0
46 60 78 56 80
93
0
37 42 33 46 53
94
0
10 10 5 7 4
95
0
44 33 44 54 50
96
0
14 9 24 11 22
97
0
41 58 53 62 42
98
0
15 12 13 15 21
99
0
2 2 3 2 2
