100
10
201398
0
0
36 31 30 32 41 26 31 31 36 35
1
0
10 14 8 14 11 15 8 12 10 12
2
0
42 27 33 16 32 24 19 26 28 17
3
0
14 10 9 9 15 9 11 13 14 17
4
0
56 59 29 60 30 54 58 87 43 37
5
0
25 29 31 35 59 64 40 43 20 31
6
0
12 12 17 12 17 16 15 13 17 16
7
0
112 128 145 119 169 103 126 179 131 145
8
0
23 16 15 12 13 30 14 10 18 15
9
0
19 22 23 24 22 19 20 22 19 16
10
0
64 47 45 44 62 82 87 71 57 55
11
0
2 2 2 2 2 3 1 2 1 2
12
0
50 68 42 48 40 49 68 80 50 56
13
0
16 19 22 16 27 34 17 24 24 32
14
0
22 31 23 34 33 46 38 36 31 32
15
0
115 162 143 136 121 117 120 138 110 121
16
0
39 63 38 42 48 62 49 65 69 37
17
0
8 16 16 18 21 18 14 13 18 19
18
0
26 16 26 25 15 27 29 23 23 22
19
0
28 22 24 23 19 21 20 31 30 17
20
0
19 13 25 16 24 16 18 24 19 19
21
0
60 47 73 86 77 70 74 92 50 67
22
0
24 22 15 18 27 21 22 14 28 21
23
0
90 69 71 97 72 75 58 97 78 95
24
0
19 20 20 25 18 15 22 22 15 21
25
0
84 59 64 80 82 67 41 46 61 45
26
0
43 41 46 39 39 41 36 41 36 33
27
0
26 14 23 24 15 18 18 28 24 20
28
0
93 99 95 90 112 120 128 87 79 76
29
0
12 7 12 13 28 10 11 17 9 7
30
0
44 38 31 38 42 27 20 18 29 44
31
0
22 24 25 33 31 26 40 24 27 49
32
0
75 62 87 55 68 80 93 77 86 80
33
0
91 80 72 89 83 80 72 70 103 52
34
0
38 42 53 49 71 43 46 58 46 45
35
0
14 12 15 12 17 15 31 17 28 21
36
0
13 17 7 8 8 3 11 10 10 10
37
0
9 15 8 9 17 20 8 8 7 16
38
0
58 50 53 40 58 39 44 65 55 67
39
0
1 1 1 2 1 1 1 1 1 1
40
0
32 32 27 39 30 25 24 44 33 23
41
0
97 58 95 66 90 69 81 72 80 104
42
0
31 46 36 44 29 38 41 25 32 32
43
0
19 7 12 17 14 16 16 9 9 16
44
0
7 11 7 7 10 5 7 6 9 7
45
0
30 38 36 41 41 31 28 55 22 43
46
0
62 47 53 54 61 50 66 55 67 82
47
0
72 55 60 73 67 66 54 59 88 94
48
0
42 37 61 35 43 54 41 42 51 48
49
0
2 2 2 2 6 3 2 3 3 3
50
0
61 57 52 55 58 66 51 82 61 89
51
0
65 104 107 79 109 64 90 94 96 104
52
0
39 52 34 41 39 56 42 42 48 44
53
0
8 14 11 8 12 12 8 16 13 15
54
0
68 77 67 70 76 52 49 68 66 63
55
0
40 42 41 37 70 38 47 50 59 37
56
0
1 1 1 1 1 1 1 1 1 1
57
0
186 217 191 149 244 209 238 150 171 193
58
0
155 121 160 143 169 142 149 145 155 140
59
0
30 36 43 44 28 30 29 45 28 32
60
0
55 44 53 51 65 65 55 50 82 62
61
0
12 13 15 14 10 14 16 8 8 11
62
0
64 71 59 43 64 81 62 72 58 85
63
0
9 11 5 7 8 9 10 10 7 5
64
0
34 34 31 24 39 36 39 48 26 40
65
0
110 139 99 94 125 102 110 162 141 123
66
0
20 17 21 24 23 20 24 20 18 18
67
0
80 122 123 110 103 86 85 79 81 83
68
0
50 73 50 69 52 46 46 57 83 71
69
0
93 111 131 139 106 109 108 92 105 96
70
0
150 152 175 142 155 152 132 239 175 158
71
0
14 21 13 21 25 18 23 12 21 21
72
0
44 51 50 58 41 38 58 66 53 44
73
0
32 43 45 40 45 43 46 42 47 34
74
0
7 12 12 9 19 11 13 10 13 12
75
0
69 81 65 64 45 74 100 69 64 60
76
0
238 234 236 236 251 233 266 247 268 224
77
0
15 14 20 17 21 21 11 10 12 12
78
0
18 10 15 15 11 5 15 9 16 10
79
0
4 5 5 7 3 4 7 7 2 3
80
0
19 10 10 10 12 9 7 6 10 11
81
0
9 9 13 13 18 19 11 11 21 13
82
0
55 22 25 34 29 29 28 40 22 42
83
0
8 10 5 5 9 6 10 7 8 9
84
0
32 58 29 28 31 41 36 45 51 29
85
0
1 2 1 3 2 1 1 2 1 3
86
0
32 22 20 17 28 35 19 38 22 20
87
0
8 14 9 10 13 7 9 16 12 10
88
0
73 61 70 86 84 72 62 76 56 82
89
0
68 74 68 89 67 79 107 66 77 56
90
0
59 84 59 47 56 60 65 50 46 42
91
0
107 84 78 55 73 64 101 89 92 64
92
0
4 1 2 3 2 2 4 2 1 2
93
0
124 164 123 151 171 151 159 184 137 176
94
0
8 10 10 6 7 11 7 10 17 7
95
0
28 43 37 18 22 15 17 30 16 18
96
0
33 26 32 29 43 26 32 46 50 44
97
0
69 81 85 72 91 91 114 70 116 113
98
0
29 19 40 24 21 14 21 42 23 35
99
0
71 48 69 70 44 70 68 50 53 51
