200
20
643187
0
0
41 28 54 118 17 204 124 75 19 87 0 155 2 46 43 76 11 27 80 65
1
0
68 79 7 102 69 1 27 18 41 10 9 2 113 90 33 42 126 13 74 5
2
0
44 27 45 19 59 4 69 29 1 51 62 12 83 135 36 49 83 43 25 134
3
0
61 149 3 9 150 42 31 16 51 70 9 14 7 111 34 56 60 5 97 39
4
0
22 5 6 85 19 8 199 0 83 55 45 44 3 16 40 106 193 45 5 15
5
0
74 11 18 32 15 51 11 161 104 167 2 18 56 16 105 35 10 16 36 65
6
0
129 108 33 14 7 21 45 171 50 4 53 96 29 78 25 20 44 18 66 0
7
0
33 132 35 8 37 17 59 11 23 15 23 19 3 237 54 59 32 8 288 13
8
0
84 31 4 14 166 58 31 33 106 14 13 57 27 23 82 64 34 92 42 54
9
0
74 61 22 30 6 164 67 33 5 14 5 44 87 100 2 55 14 65 12 1
10
0
4 14 36 49 59 2 8 4 19 31 8 145 11 131 3 75 16 8 58 110
11
0
26 54 22 121 59 11 15 2 174 144 6 31 58 143 14 124 4 61 19 50
12
0
59 103 4 1 93 53 47 79 120 3 30 60 42 37 14 88 1 57 172 2
13
0
65 17 173 14 74 65 3 68 14 11 32 63 20 101 14 18 34 32 73 49
14
0
1 1 218 89 25 15 161 20 31 94 3 4 55 146 22 43 98 17 23 73
15
0
29 119 29 33 0 58 44 6 32 124 23 182 4 16 47 26 120 42 35 98
16
0
74 33 18 33 3 16 95 7 63 10 4 196 6 87 32 30 80 14 36 3
17
0
17 164 49 55 9 48 69 198 126 58 48 25 23 11 139 89 115 5 70 104
18
0
31 133 45 43 20 29 43 72 123 71 13 26 50 18 47 12 81 139 69 63
19
0
21 47 136 77 137 98 26 0 36 81 19 40 110 0 75 35 64 46 30 42
20
0
5 12 10 105 79 39 14 168 8 60 75 60 6 89 26 52 35 6 2 47
21
0
129 4 118 35 41 14 47 15 23 29 25 8 56 99 200 15 5 280 131 95
22
0
87 234 68 2 4 103 16 24 71 12 10 66 39 32 138 7 92 48 47 80
23
0
87 127 45 37 3 7 93 3 34 7 0 68 14 24 124 38 53 25 22 102
24
0
94 48 8 1 22 54 17 44 28 48 7 40 61 63 90 5 12 108 57 70
25
0
5 51 5 7 86 91 49 246 94 47 26 34 14 195 5 58 145 0 60 91
26
0
52 8 20 0 20 132 76 12 86 11 12 12 0 23 51 11 77 37 15 12
27
0
83 70 161 13 12 21 118 51 109 66 65 47 41 26 101 45 118 24 224 21
28
0
53 6 60 5 42 113 18 21 24 21 14 20 43 25 102 13 173 17 123 70
29
0
92 37 2 164 40 58 90 26 1 20 47 30 30 5 32 11 1 44 132 29
30
0
3 62 14 129 16 175 26 12 400 4 51 124 39 38 5 13 61 106 12 5
31
0
28 206 189 19 253 141 52 1 52 7 60 30 47 84 67 47 13 0 44 26
32
0
87 16 201 115 54 5 50 177 24 7 54 19 7 31 346 15 1 34 1 6
33
0
30 109 22 7 34 36 49 83 117 4 84 125 26 24 5 58 12 45 131 31
34
0
103 2 40 106 32 46 18 93 33 173 7 5 20 13 2 17 0 10 14 38
35
0
13 35 99 59 80 13 11 55 19 45 58 12 70 27 29 159 10 51 18 87
36
0
46 103 69 121 71 40 2 44 21 45 6 57 30 131 52 17 14 60 5 3
37
0
14 34 152 54 13 18 40 60 47 220 142 5 28 32 55 119 42 26 81 0
38
0
220 6 39 60 5 49 18 3 56 14 36 16 51 4 8 24 27 82 52 66
39
0
14 35 47 12 66 83 165 16 42 36 3 13 177 113 2 18 52 0 57 71
40
0
25 10 34 174 161 96 144 25 160 13 2 17 25 67 55 15 238 99 77 61
41
0
10 54 26 6 57 82 38 127 64 50 31 26 12 42 59 2 23 5 1 74
42
0
5 3 7 20 59 255 19 29 81 26 32 2 28 62 90 133 97 35 45 72
43
0
59 1 4 26 115 76 1 87 75 7 2 26 5 22 26 17 47 11 61 35
44
0
37 19 108 79 2 11 46 415 132 9 15 58 61 27 1 45 11 21 185 122
45
0
18 10 96 14 113 62 139 37 3 143 6 4 6 23 59 90 20 73 32 18
46
0
75 112 5 44 15 102 16 55 15 127 176 33 24 48 51 118 9 3 46 26
47
0
41 15 24 143 75 3 76 71 86 1 115 2 9 6 46 43 45 50 9 72
48
0
67 40 18 34 11 5 45 61 19 10 21 36 47 43 327 61 186 64 54 74
49
0
27 69 41 6 18 10 178 5 31 219 9 27 85 11 75 21 10 9 19 6
50
0
76 13 41 22 16 2 16 2 14 25 7 70 1 86 81 16 108 93 23 3
51
0
25 25 136 8 90 30 87 69 174 0 4 30 34 7 18 109 1 16 42 41
52
0
30 116 30 45 7 21 91 78 13 18 64 3 27 21 37 49 27 46 129 41
53
0
2 40 115 2 80 21 88 37 15 95 13 106 1 71 11 42 40 28 66 62
54
0
0 17 30 64 9 32 38 122 33 85 24 21 120 56 0 22 35 38 174 97
55
0
11 4 31 74 32 145 4 31 44 183 91 29 12 17 40 66 28 171 37 28
56
0
117 236 76 155 122 9 7 15 15 15 104 23 78 2 67 114 4 3 58 10
57
0
91 91 22 5 143 143 22 63 99 70 70 27 58 144 22 1 13 31 96 27
58
0
2 28 24 17 40 156 1 35 6 33 17 58 57 16 41 32 34 45 143 18
59
0
36 27 66 5 86 109 27 13 29 0 106 5 25 95 5 40 2 92 5 30
60
0
21 59 35 4 53 81 64 130 53 31 82 89 8 55 15 14 38 67 28 21
61
0
90 1 141 0 56 21 2 122 26 39 13 39 26 47 14 83 232 201 9 12
62
0
256 29 95 149 1 31 38 33 48 51 126 26 34 402 100 4 300 87 1 11
63
0
66 34 36 23 5 9 0 54 229 6 48 61 22 22 42 9 30 62 52 58
64
0
7 45 17 8 45 29 84 35 36 116 129 22 68 1 156 147 11 5 50 6
65
0
15 3 3 59 53 25 1 11 10 14 31 33 129 77 4 75 30 15 11 22
66
0
4 49 84 23 50 47 52 6 17 153 7 44 87 8 3 5 51 14 12 333
67
0
12 17 92 126 39 27 3 49 115 80 54 23 43 16 19 144 25 3 21 167
68
0
44 38 211 89 7 26 171 31 217 6 58 134 56 7 2 44 22 54 24 83
69
0
50 78 64 14 39 17 7 18 15 36 126 69 45 50 1 18 19 80 97 82
70
0
168 50 10 33 34 46 10 20 8 109 20 38 59 219 11 27 11 18 3 61
71
0
125 117 7 70 55 29 30 37 30 6 50 69 65 7 16 24 68 30 4 158
72
0
118 13 1 11 26 9 32 102 3 56 7 34 31 13 2 171 12 117 101 32
73
0
30 3 62 20 1 54 134 26 20 52 22 3 88 1 113 44 73 13 82 32
74
0
3 6 9 64 9 20 52 111 1 57 27 42 30 63 43 37 60 65 134 30
75
0
73 2 6 27 53 14 111 6 6 112 18 12 10 9 62 14 9 46 48 19
76
0
90 13 45 45 143 125 39 6 32 37 46 10 45 8 126 8 61 32 78 27
77
0
9 139 7 59 46 45 64 156 23 127 39 15 7 42 60 92 24 9 55 237
78
0
117 15 68 0 92 6 59 25 38 81 17 191 50 18 26 132 45 171 13 2
79
0
32 70 17 216 18 6 8 100 59 139 20 64 6 7 41 3 26 11 101 25
80
0
10 10 13 48 10 12 53 14 96 12 15 49 61 27 104 1 39 40 21 40
81
0
3 4 1 17 6 23 50 51 49 107 78 14 91 71 11 54 103 59 0 158
82
0
45 19 60 25 3 1 17 81 32 116 19 54 55 10 50 3 24 4 89 15
83
0
5 21 4 6 52 13 31 50 70 107 3 20 57 6 20 153 20 48 37 63
84
0
8 99 106 70 29 118 32 2 3 22 43 213 79 0 156 123 91 108 31 37
85
0
18 28 143 45 45 59 45 73 23 33 76 12 49 68 52 18 9 28 105 78
86
0
19 21 48 106 157 14 19 63 8 35 60 41 88 95 46 6 20 38 64 13
87
0
53 12 28 0 39 19 97 22 35 119 8 46 40 203 1 12 40 19 52 0
88
0
146 91 13 180 44 16 76 21 7 99 378 45 114 14 29 32 87 67 7 6
89
0
32 32 14 66 47 17 59 43 19 33 34 43 12 39 29 13 112 2 37 7
90
0
26 8 116 3 77 15 137 12 16 46 27 129 19 126 33 5 148 3 9 8
91
0
6 56 36 6 47 86 138 34 35 80 7 1 73 74 65 34 25 11 31 28
92
0
33 48 67 1 44 1 68 24 106 20 10 82 28 131 32 101 6 49 43 36
93
0
132 26 45 13 15 95 84 83 11 18 14 5 45 31 1 64 7 0 83 149
94
0
54 73 40 42 62 8 32 2 12 20 259 21 125 56 28 62 156 22 15 19
95
0
145 91 54 31 2 82 66 117 54 9 36 83 17 174 41 5 98 41 165 6
96
0
47 7 116 103 5 10 52 71 12 18 236 121 63 38 202 2 76 5 20 20
97
0
42 66 76 187 88 11 124 174 31 59 6 60 109 49 25 55 95 38 26 4
98
0
58 103 63 31 118 39 2 33 3 3 199 27 121 86 113 181 45 87 83 0
99
0
64 114 62 83 3 25 23 116 31 70 7 10 225 17 19 28 2 56 3 57
100
0
38 77 40 98 12 78 7 12 134 90 22 21 3 16 5 31 44 83 38 11
101
0
8 2 85 98 102 43 125 108 31 8 40 97 2 25 23 0 40 34 34 83
102
0
30 12 15 26 42 124 129 85 68 8 79 101 108 3 18 71 17 23 55 49
103
0
9 37 29 27 14 97 35 34 40 19 48 12 75 43 20 3 124 94 15 3
104
0
216 6 3 3 90 4 93 58 96 34 36 165 6 13 26 35 1 9 38 2
105
0
8 9 10 7 50 17 11 26 20 34 4 14 27 25 12 46 53 7 126 23
106
0
22 9 74 10 18 7 75 11 47 80 19 86 15 167 40 19 37 12 31 11
107
0
116 69 29 16 94 19 39 57 138 60 15 16 1 103 18 53 28 28 42 7
108
0
172 61 182 43 349 1 5 59 7 40 34 106 3 69 47 39 46 6 122 2
109
0
20 16 8 87 21 92 69 241 6 116 10 22 41 4 3 33 47 46 17 3
110
0
45 22 13 20 5 139 26 56 6 131 7 69 79 16 12 147 33 24 16 52
111
0
74 27 1 21 31 33 46 167 35 24 8 50 8 18 80 13 18 85 143 32
112
0
13 88 73 2 52 61 1 18 9 18 12 10 122 87 9 52 31 105 6 76
113
0
74 42 25 18 60 48 13 51 16 1 41 55 15 132 21 65 14 12 25 23
114
0
54 5 1 8 50 74 106 119 27 163 81 84 16 65 22 13 15 32 61 26
115
0
13 83 57 123 185 28 16 19 35 117 115 6 4 3 23 91 17 163 8 42
116
0
20 60 11 84 40 18 11 82 2 13 31 10 13 7 35 6 45 38 14 55
117
0
138 285 68 14 49 114 41 48 72 32 130 89 110 40 86 16 146 19 133 41
118
0
134 73 129 44 59 79 60 73 15 4 105 62 29 88 64 91 10 13 4 77
119
0
48 14 85 25 0 82 24 49 186 59 115 22 6 88 7 0 49 120 45 9
120
0
141 8 4 15 206 142 29 179 479 132 6 84 32 34 23 57 30 227 1 36
121
0
36 28 67 55 24 6 16 102 37 56 71 33 8 53 0 25 82 68 68 109
122
0
22 6 60 26 102 9 85 0 55 163 33 120 16 11 42 83 60 51 38 2
123
0
27 59 9 1 32 169 41 17 229 150 3 103 43 3 23 51 4 60 18 21
124
0
51 114 103 8 27 5 7 59 25 9 125 18 19 8 9 89 12 53 13 79
125
0
2 86 103 124 63 17 9 53 63 5 73 40 107 80 11 89 66 25 57 49
126
0
11 3 67 15 44 38 128 59 22 8 28 24 94 35 2 28 56 16 6 73
127
0
5 86 7 2 69 58 24 32 5 8 8 10 7 49 1 3 15 30 28 22
128
0
61 12 99 86 86 11 133 11 14 4 36 236 147 11 21 2 9 36 5 86
129
0
10 5 18 61 79 55 15 27 83 6 37 19 19 38 5 6 18 64 69 414
130
0
26 14 105 13 97 73 18 51 5 48 50 35 68 71 2 14 26 62 48 29
131
0
71 26 27 104 5 46 114 17 17 66 26 0 142 119 21 12 90 11 18 2
132
0
96 41 7 78 148 54 13 29 22 61 16 10 109 145 2 85 21 24 164 10
133
0
109 35 26 38 28 26 18 63 26 17 47 13 17 23 5 18 0 26 1 22
134
0
32 91 22 445 43 155 4 43 5 8 9 6 125 56 147 56 121 68 82 16
135
0
35 41 40 2 36 7 11 78 14 254 31 118 43 17 6 21 3 18 25 6
136
0
27 91 36 1 16 72 26 50 18 40 1 159 17 38 16 108 110 178 3 27
137
0
71 20 54 43 19 7 1 4 25 40 137 69 30 38 33 29 71 33 61 42
138
0
32 88 2 75 28 93 76 56 21 16 33 5 72 36 28 143 40 30 6 17
139
0
39 78 12 267 31 86 63 38 14 57 15 8 84 1 56 9 46 32 58 27
140
0
26 91 57 36 3 16 23 21 120 97 29 7 145 163 27 22 22 80 34 11
141
0
112 59 8 25 50 2 42 29 18 5 20 253 225 17 55 116 38 191 19 41
142
0
23 54 20 34 56 132 13 6 13 54 67 118 111 54 86 42 13 6 13 189
143
0
33 75 54 213 34 1 52 6 14 7 169 15 21 22 11 77 149 73 137 53
144
0
32 34 4 5 111 6 81 123 21 23 44 83 36 2 6 24 17 59 20 17
145
0
31 69 42 104 11 1 9 3 3 23 43 13 85 108 83 10 90 212 2 10
146
0
50 7 37 218 35 20 182 30 5 83 29 1 114 42 49 13 88 88 207 34
147
0
38 24 236 10 61 10 32 23 4 36 15 69 1 141 15 47 11 5 214 24
148
0
7 51 42 9 24 17 88 26 29 2 65 1 39 180 22 36 95 176 20 2
149
0
48 39 51 26 76 38 90 85 159 75 34 60 70 14 4 36 45 29 28 19
150
0
51 29 148 26 42 57 19 207 13 98 16 0 21 81 21 54 80 38 3 17
151
0
77 165 12 113 25 289 23 10 9 71 64 5 106 6 2 3 23 15 13 24
152
0
18 13 24 90 72 121 241 88 63 5 8 42 42 48 1 3 74 117 70 40
153
0
93 34 37 176 93 120 4 30 4 5 13 30 55 137 21 13 143 5 46 29
154
0
23 37 17 34 19 7 16 25 3 50 17 43 45 55 15 92 74 20 38 27
155
0
70 17 4 13 35 35 35 21 33 10 9 25 186 15 55 11 0 28 65 69
156
0
187 3 10 1 113 5 59 91 9 14 121 23 37 116 53 35 67 39 183 41
157
0
55 11 4 0 54 59 51 9 3 63 86 15 110 69 23 97 30 8 161 33
158
0
79 37 2 58 3 47 66 92 29 10 26 4 24 9 17 8 0 23 30 12
159
0
77 134 4 30 69 29 43 11 3 58 20 71 74 83 4 24 39 44 24 10
160
0
135 113 135 27 19 27 69 95 19 38 30 14 85 73 138 79 21 56 35 18
161
0
99 2 81 36 12 51 40 37 0 67 29 54 22 3 35 49 3 16 45 12
162
0
7 120 13 18 120 18 110 0 45 26 69 149 24 52 108 6 102 330 21 84
163
0
8 46 32 37 4 21 6 5 19 76 13 68 7 93 26 50 49 55 112 44
164
0
94 105 38 14 4 20 100 13 20 59 32 21 81 35 12 109 99 18 41 5
165
0
49 142 19 17 27 23 42 58 22 16 97 44 1 40 23 30 7 22 36 5
166
0
63 42 11 102 57 34 103 15 7 12 511 166 64 122 42 7 9 58 30 115
167
0
16 114 66 42 8 12 44 63 14 30 21 171 5 16 94 17 30 52 37 23
168
0
17 102 70 67 79 22 79 67 2 47 42 10 57 63 52 38 29 31 32 37
169
0
7 11 13 38 17 194 51 109 64 1 112 8 51 42 5 1 98 16 88 44
170
0
11 5 8 262 25 58 1 55 189 46 17 30 4 2 32 39 2 25 21 104
171
0
109 121 26 49 25 1 63 107 21 2 107 5 1 54 36 79 12 13 66 58
172
0
112 36 86 36 43 70 95 105 18 2 24 59 20 2 8 16 23 77 57 58
173
0
67 99 39 17 11 87 26 5 71 35 2 1 23 3 123 159 70 92 179 122
174
0
11 6 36 142 109 55 108 107 9 19 33 49 25 2 3 43 67 115 4 53
175
0
61 34 44 78 24 49 139 7 12 23 44 125 40 40 44 73 144 33 47 0
176
0
31 13 22 9 58 9 56 86 50 76 83 66 58 10 34 3 44 14 1 11
177
0
40 53 36 49 26 61 0 94 4 69 18 39 304 7 26 29 22 7 166 19
178
0
14 83 67 37 201 83 43 20 3 1 22 19 2 62 93 30 4 56 26 59
179
0
76 75 4 9 133 10 94 94 65 56 40 36 36 44 215 129 79 29 53 46
180
0
21 39 20 101 66 78 15 39 21 14 55 21 9 1 23 13 3 62 48 56
181
0
13 79 16 21 52 18 23 50 12 24 2 8 142 77 40 61 70 86 14 70
182
0
5 8 169 4 27 6 29 34 71 46 8 79 2 8 21 31 110 4 11 196
183
0
1 90 3 1 132 39 16 29 26 87 35 95 13 8 63 19 36 11 39 88
184
0
12 50 79 28 19 213 40 1 81 42 85 8 66 33 10 35 27 28 29 57
185
0
70 54 8 23 24 75 48 113 94 76 44 86 28 73 7 5 1 73 85 14
186
0
6 123 34 4 249 42 181 77 40 27 18 28 6 17 10 17 7 30 19 42
187
0
30 9 21 317 33 51 45 6 15 39 30 79 62 36 9 25 68 18 8 118
188
0
18 23 2 51 38 110 40 8 40 80 15 21 19 95 10 11 81 50 149 1
189
0
6 168 139 10 15 67 42 12 42 53 205 38 47 196 39 48 87 68 54 1
190
0
32 1 30 129 7 177 90 59 135 180 11 124 19 27 28 44 32 133 75 72
191
0
80 25 95 52 24 13 118 54 48 21 32 0 6 1 9 38 43 87 5 110
192
0
15 26 16 33 104 81 12 136 92 21 44 6 45 1 67 32 20 57 105 9
193
0
39 106 1 218 78 23 83 12 82 11 62 19 148 60 1 15 22 45 61 13
194
0
22 15 85 78 36 104 68 19 49 160 8 50 11 2 108 27 141 159 9 35
195
0
13 97 66 35 2 18 46 367 75 47 69 13 4 9 85 86 21 19 135 13
196
0
9 18 5 0 87 58 10 56 80 7 147 29 7 40 37 17 5 157 107 23
197
0
1 8 1 37 41 15 111 351 63 22 5 0 23 32 2 35 86 4 58 67
198
0
36 40 94 27 23 60 74 6 1 20 255 124 136 40 23 62 31 47 110 92
199
0
85 106 41 26 56 30 95 8 59 82 15 15 60 22 36 59 47 19 3 17
