20
10
944791
0
0
18 40 63 18 219 53 53 32 18 6
1
0
15 38 73 11 192 57 43 41 16 6
2
0
22 33 65 9 213 56 39 32 11 7
3
0
9 31 71 12 166 64 70 66 28 9
4
0
11 25 61 14 149 75 62 34 16 4
5
0
8 31 103 10 210 51 46 66 21 11
6
0
15 53 83 9 177 71 58 46 21 8
7
0
11 39 87 14 178 51 43 45 19 7
8
0
14 55 62 10 140 69 49 32 16 11
9
0
9 55 83 14 202 65 70 49 25 7
10
0
19 31 81 13 206 80 53 41 22 8
11
0
18 39 62 12 163 68 60 52 19 13
12
0
16 45 67 9 161 38 42 38 23 9
13
0
18 38 72 7 166 50 49 45 24 8
14
0
17 47 68 8 167 87 49 36 20 4
15
0
14 46 58 14 203 74 52 35 33 4
16
0
11 47 69 15 176 65 23 43 24 4
17
0
8 32 61 11 161 74 42 57 27 7
18
0
12 28 71 10 171 49 57 68 18 11
19
0
19 52 67 12 157 57 49 36 15 11
