100
5
510876
0
0
20 77 13 73 90
1
0
9 19 9 94 30
2
0
11 4 8 44 89
3
0
6 19 54 4 48
4
0
196 24 48 14 96
5
0
94 16 14 4 44
6
0
14 1 37 2 55
7
0
54 93 44 53 91
8
0
9 96 31 0 51
9
0
84 20 60 54 1
10
0
61 23 19 19 50
11
0
15 59 17 110 46
12
0
18 104 5 1 9
13
0
38 39 21 24 139
14
0
34 44 2 33 25
15
0
57 25 54 27 142
16
0
61 2 8 15 73
17
0
17 78 13 36 34
18
0
34 149 46 62 38
19
0
10 63 69 19 31
20
0
2 112 20 12 4
21
0
22 34 53 46 6
22
0
25 76 24 115 14
23
0
33 19 38 6 3
24
0
52 25 1 33 13
25
0
146 14 70 42 2
26
0
27 37 30 6 67
27
0
1 100 39 39 20
28
0
21 65 174 1 16
29
0
158 141 1 161 74
30
0
82 53 9 96 34
31
0
17 38 22 53 7
32
0
25 22 36 29 46
33
0
37 5 11 66 28
34
0
6 17 74 64 42
35
0
25 62 57 26 72
36
0
137 72 38 132 130
37
0
8 24 62 129 13
38
0
51 112 1 243 19
39
0
6 8 14 200 68
40
0
33 55 18 51 42
41
0
12 95 56 45 45
42
0
105 81 16 40 12
43
0
32 12 69 22 88
44
0
37 81 36 38 14
45
0
53 103 10 15 25
46
0
28 40 189 29 47
47
0
8 27 32 3 19
48
0
71 64 34 38 44
49
0
204 30 35 70 15
50
0
6 102 61 31 35
51
0
4 142 54 105 107
52
0
92 4 16 78 12
53
0
28 20 4 11 93
54
0
14 7 9 33 94
55
0
10 12 22 9 33
56
0
26 67 43 22 60
57
0
86 17 73 33 45
58
0
72 12 7 42 49
59
0
64 5 8 41 25
60
0
12 10 53 43 62
61
0
169 13 28 97 3
62
0
109 2 2 41 62
63
0
71 27 33 15 149
64
0
32 52 7 57 72
65
0
36 37 70 112 24
66
0
30 7 154 41 30
67
0
50 29 25 0 1
68
0
25 52 7 81 46
69
0
19 40 48 1 60
70
0
134 42 16 43 40
71
0
102 1 39 99 37
72
0
2 29 15 7 9
73
0
17 22 44 152 49
74
0
62 27 171 8 5
75
0
58 21 55 63 33
76
0
5 81 77 13 124
77
0
7 54 159 194 4
78
0
33 39 29 21 17
79
0
69 27 94 11 12
80
0
85 10 10 20 64
81
0
15 61 27 18 101
82
0
104 9 10 3 160
83
0
177 12 80 8 14
84
0
22 13 76 22 29
85
0
9 60 54 168 158
86
0
2 15 2 16 32
87
0
33 1 43 124 19
88
0
60 17 36 1 33
89
0
56 217 96 50 80
90
0
29 116 1 60 16
91
0
5 12 23 44 42
92
0
19 64 31 131 21
93
0
12 52 21 92 27
94
0
95 30 73 21 34
95
0
21 20 12 19 63
96
0
79 26 46 10 9
97
0
45 37 5 9 16
98
0
8 38 92 123 43
99
0
1 26 220 35 77
