100
10
80091
0
0
244 4 38 22 134 20 3 62 26 125
1
0
32 23 32 87 9 23 1 47 5 82
2
0
2 1 77 21 57 7 80 34 17 64
3
0
26 63 6 99 28 17 9 10 22 14
4
0
12 5 85 16 39 13 198 79 57 6
5
0
77 14 160 36 58 89 50 38 127 79
6
0
117 9 149 32 78 18 115 44 42 59
7
0
113 3 63 17 18 71 137 79 26 46
8
0
84 36 122 12 1 241 8 74 12 39
9
0
65 78 33 13 76 10 72 10 201 42
10
0
21 315 222 11 78 55 27 15 111 20
11
0
21 46 4 138 7 58 16 105 64 30
12
0
61 1 8 4 41 188 28 26 79 145
13
0
4 47 74 38 26 117 106 18 160 61
14
0
0 48 4 239 62 18 28 65 121 30
15
0
46 17 19 8 81 10 34 3 50 13
16
0
54 173 190 40 106 9 64 31 29 73
17
0
33 2 112 71 1 20 45 91 69 103
18
0
3 61 61 136 12 2 1 55 38 37
19
0
1 31 74 15 17 38 35 19 82 18
20
0
106 148 42 8 26 45 29 27 74 30
21
0
49 32 112 2 48 22 175 1 233 231
22
0
3 65 87 119 145 21 88 13 6 61
23
0
9 83 22 97 10 17 44 65 48 30
24
0
19 49 17 6 22 24 22 47 43 22
25
0
62 2 11 42 20 38 63 81 28 73
26
0
73 33 23 33 8 70 36 22 10 31
27
0
20 34 76 68 175 25 5 47 11 35
28
0
8 84 15 39 23 15 45 35 123 192
29
0
41 100 22 20 1 18 23 6 37 3
30
0
43 8 25 11 64 1 57 70 9 59
31
0
94 18 58 155 64 114 143 13 40 74
32
0
28 12 11 28 65 15 67 14 8 16
33
0
9 21 26 14 26 211 16 43 46 5
34
0
2 51 9 81 0 5 26 17 71 86
35
0
105 34 12 74 26 70 44 27 115 38
36
0
37 85 0 93 17 35 27 127 2 1
37
0
43 52 10 30 88 87 13 13 178 36
38
0
4 30 18 282 58 28 8 27 74 9
39
0
122 46 151 39 34 15 119 48 63 63
40
0
53 58 36 42 35 54 149 32 33 158
41
0
1 6 6 12 25 102 167 21 24 14
42
0
44 3 22 11 2 77 158 16 54 23
43
0
111 3 115 166 80 2 13 44 141 17
44
0
26 10 8 113 39 40 36 12 6 4
45
0
61 71 10 21 11 2 93 81 119 26
46
0
2 113 59 85 8 21 1 76 16 8
47
0
12 36 21 4 37 6 55 79 33 90
48
0
60 17 90 63 113 94 13 71 9 19
49
0
5 11 7 37 40 16 76 42 5 95
50
0
0 29 3 12 54 34 63 49 101 7
51
0
43 45 45 134 13 50 5 174 3 15
52
0
39 22 42 42 120 52 72 15 28 28
53
0
36 51 10 0 6 18 56 77 64 109
54
0
99 14 6 62 80 17 13 59 1 44
55
0
43 106 14 15 28 58 28 44 41 9
56
0
89 5 40 9 9 17 62 2 17 16
57
0
0 43 108 20 38 23 40 134 58 72
58
0
10 22 5 23 67 59 87 2 2 8
59
0
8 91 36 3 15 189 8 76 24 5
60
0
51 14 34 13 15 53 33 26 1 15
61
0
45 16 110 3 49 30 17 6 102 7
62
0
27 3 23 46 37 18 181 83 131 5
63
0
30 7 94 39 154 90 200 11 69 67
64
0
25 8 7 17 31 42 23 143 5 38
65
0
10 11 134 38 8 49 19 13 37 4
66
0
32 103 1 21 17 14 20 16 26 28
67
0
8 1 12 28 60 19 78 44 76 32
68
0
26 6 13 78 138 103 52 116 10 13
69
0
28 44 5 108 7 37 154 37 73 0
70
0
121 32 0 77 136 128 4 25 187 7
71
0
58 92 31 148 6 121 6 152 167 31
72
0
38 31 4 29 169 61 247 39 48 7
73
0
8 149 64 66 17 25 37 42 19 10
74
0
37 178 29 102 8 16 111 41 23 32
75
0
16 36 51 116 3 6 51 74 15 4
76
0
72 67 140 17 79 18 131 23 45 25
77
0
63 81 29 6 98 10 41 17 2 18
78
0
102 104 133 2 23 54 22 10 29 37
79
0
60 107 20 91 59 24 44 81 93 47
80
0
22 67 228 74 20 3 43 19 30 20
81
0
38 121 16 12 146 60 78 73 60 58
82
0
80 72 100 1 99 82 74 98 33 54
83
0
5 10 73 38 86 70 72 125 61 87
84
0
234 199 59 41 28 14 65 6 87 60
85
0
50 56 9 26 11 11 42 17 93 21
86
0
49 165 32 15 100 66 60 48 16 4
87
0
43 5 20 16 19 73 9 44 12 43
88
0
2 5 68 33 88 0 3 20 145 52
89
0
36 42 174 18 20 55 32 12 7 39
90
0
1 28 28 19 31 78 5 7 49 8
91
0
5 27 3 65 23 44 34 133 11 121
92
0
26 12 22 39 35 5 92 15 110 42
93
0
5 1 45 38 23 45 29 96 5 25
94
0
19 78 131 39 48 36 2 29 21 99
95
0
89 36 41 10 13 54 59 32 55 47
96
0
302 84 26 2 5 31 161 3 12 114
97
0
1 19 7 72 24 42 2 5 12 63
98
0
26 22 29 69 2 20 72 79 25 67
99
0
14 36 47 51 22 36 0 6 43 40
