100
20
829609
0
0
114 8 54 41 44 31 34 93 15 25 109 3 3 29 25 14 7 18 64 12
1
0
0 40 84 43 5 1 28 1 66 3 44 5 15 82 22 10 60 0 11 95
2
0
167 29 13 80 64 100 324 43 1 36 37 27 13 16 206 17 44 61 111 26
3
0
32 38 142 9 25 65 3 39 82 64 108 19 163 9 20 53 22 170 95 20
4
0
16 25 25 9 45 16 43 25 78 9 57 29 37 69 51 36 13 237 28 3
5
0
121 13 2 7 109 40 49 45 9 2 14 18 1 79 88 5 12 12 62 18
6
0
80 37 4 19 8 17 75 48 1 52 33 25 44 19 9 72 128 51 29 1
7
0
13 63 11 15 29 2 51 202 33 10 97 15 82 18 13 68 12 160 9 69
8
0
17 37 68 25 42 56 45 18 14 40 30 246 36 44 19 43 30 17 64 46
9
0
35 1 26 52 80 2 39 28 11 11 39 62 0 107 143 127 43 25 35 80
10
0
115 6 15 21 8 48 80 17 83 17 8 15 4 67 17 25 353 3 54 12
11
0
8 80 129 58 8 35 92 10 5 20 27 12 68 40 66 21 36 63 35 51
12
0
15 24 30 15 30 14 94 13 15 74 27 20 81 11 131 129 5 15 8 3
13
0
61 19 9 52 62 51 21 32 9 214 46 18 50 183 50 27 39 37 111 31
14
0
24 0 10 29 93 23 0 18 53 20 30 85 28 124 46 24 70 76 41 73
15
0
85 67 5 10 33 10 86 7 10 4 6 42 26 24 231 31 77 17 5 71
16
0
26 85 54 52 63 38 47 33 9 66 4 35 55 54 122 52 9 77 54 64
17
0
38 5 55 127 27 23 64 41 10 78 11 280 30 69 126 45 41 81 72 52
18
0
3 67 4 80 4 70 97 135 16 75 20 97 37 25 17 6 18 72 1 8
19
0
3 69 28 79 42 104 24 108 14 4 41 43 87 54 10 139 5 22 19 27
20
0
31 36 123 11 54 27 49 6 37 10 17 4 43 3 60 49 48 12 27 15
21
0
28 20 1 84 52 106 5 23 61 59 3 142 2 17 6 26 41 111 107 33
22
0
94 62 32 6 3 71 85 5 26 259 27 58 57 129 41 95 65 4 82 53
23
0
14 17 63 16 65 81 51 133 86 27 66 13 3 75 86 40 70 40 7 171
24
0
55 66 60 9 156 38 28 7 0 209 31 12 119 35 33 33 25 42 28 161
25
0
37 14 68 1 7 165 204 73 68 25 66 72 9 37 106 64 37 175 126 35
26
0
70 27 46 2 132 92 46 127 24 83 168 32 49 148 9 26 69 34 16 339
27
0
63 9 62 21 131 21 223 44 159 57 69 6 138 26 98 5 24 8 104 105
28
0
49 43 23 75 90 15 316 126 38 28 63 5 7 84 9 9 172 3 51 51
29
0
9 40 21 46 18 85 30 53 88 12 82 100 38 111 95 39 47 28 24 166
30
0
23 4 14 61 107 58 322 17 17 31 22 95 113 114 26 66 111 2 30 48
31
0
149 116 57 100 13 11 19 27 38 44 33 23 28 8 19 50 5 71 84 229
32
0
140 66 13 9 74 108 50 102 27 77 78 13 37 5 49 75 99 144 17 43
33
0
34 91 26 1 28 39 80 9 86 93 55 1 14 62 89 128 63 3 20 86
34
0
66 37 31 42 336 59 78 88 68 47 64 17 63 20 23 3 65 170 88 6
35
0
5 103 22 153 53 128 86 1 40 12 84 117 26 9 58 48 3 130 54 7
36
0
60 17 20 90 34 37 9 1 31 20 17 17 63 38 10 18 52 23 97 16
37
0
48 53 55 135 52 23 91 74 20 29 5 5 30 20 28 129 97 159 75 87
38
0
24 5 18 96 79 98 45 42 61 119 163 45 9 30 75 7 169 21 58 61
39
0
31 78 22 32 37 4 28 39 187 28 116 56 184 10 0 111 31 9 29 59
40
0
20 3 21 41 96 47 11 21 43 18 49 13 33 91 35 12 59 120 7 2
41
0
30 8 17 44 21 84 2 77 18 73 29 55 90 58 87 30 86 42 1 4
42
0
29 9 34 30 32 24 1 65 104 126 17 289 49 62 5 204 29 8 19 37
43
0
33 4 2 52 17 97 113 29 42 35 25 45 132 1 88 14 32 8 2 11
44
0
16 28 54 39 1 9 2 40 12 109 12 0 48 38 6 17 44 5 36 17
45
0
51 73 60 50 64 75 5 31 66 48 69 5 177 19 54 168 3 235 224 9
46
0
28 23 16 38 34 54 67 49 102 66 16 4 82 9 9 17 84 31 49 6
47
0
13 172 32 5 27 37 9 91 47 10 19 146 10 62 7 6 57 34 31 25
48
0
176 5 7 50 77 86 37 58 165 66 95 7 120 61 42 42 7 5 28 7
49
0
42 33 10 107 69 16 35 3 119 45 35 7 137 8 29 66 4 10 25 192
50
0
6 7 1 49 1 341 38 11 9 111 4 72 25 114 118 101 10 4 20 16
51
0
133 2 4 38 0 7 123 55 78 29 69 5 24 34 165 74 20 21 7 109
52
0
12 135 90 27 17 0 34 33 37 27 52 45 109 94 51 13 223 89 72 83
53
0
15 90 13 2 9 63 25 24 92 101 14 45 50 64 63 17 24 2 68 11
54
0
19 71 5 13 90 69 2 39 94 51 5 49 16 229 90 204 196 75 101 63
55
0
62 14 8 29 6 40 25 34 115 5 90 3 82 17 27 11 1 61 2 55
56
0
134 28 160 7 43 29 74 25 87 6 38 36 29 26 72 121 29 12 46 75
57
0
264 119 10 92 20 3 49 37 0 18 5 1 48 47 1 38 41 77 8 4
58
0
134 40 37 60 4 50 16 24 27 11 94 167 86 68 4 9 129 4 5 29
59
0
30 15 137 157 11 100 27 28 76 34 72 57 40 22 73 11 13 67 203 1
60
0
17 125 46 22 77 156 156 27 15 51 10 46 86 25 29 58 10 8 149 68
61
0
167 93 97 28 10 55 17 7 0 33 17 61 49 1 30 175 115 29 2 17
62
0
6 8 77 36 49 2 12 75 3 48 24 61 55 129 19 32 40 84 74 19
63
0
11 144 61 21 2 40 131 161 19 16 5 68 18 33 29 11 28 2 121 16
64
0
13 1 74 25 36 31 35 8 11 37 86 2 4 26 1 4 73 47 4 31
65
0
38 78 61 206 45 53 127 27 41 23 12 13 114 26 15 15 12 64 4 11
66
0
98 77 15 8 25 20 25 120 74 209 49 18 94 48 5 6 29 43 11 18
67
0
94 45 9 46 3 25 4 2 49 17 28 6 38 82 6 3 43 34 21 53
68
0
76 86 58 36 5 6 185 7 78 10 2 21 130 69 98 44 31 164 8 16
69
0
75 17 11 16 9 12 42 39 4 159 5 76 220 2 126 4 13 50 9 1
70
0
46 2 42 66 7 2 42 46 64 8 1 154 31 6 10 58 41 145 27 12
71
0
41 15 49 59 10 1 14 36 16 16 8 8 25 7 15 40 29 43 91 9
72
0
46 3 13 12 126 35 47 43 69 122 79 20 56 124 47 155 10 8 27 16
73
0
19 30 0 4 47 16 60 25 22 29 73 70 162 336 43 130 64 35 5 8
74
0
24 22 101 22 93 17 112 21 26 28 51 150 6 48 21 13 13 20 63 71
75
0
28 107 16 31 14 48 26 23 9 39 64 66 37 3 44 47 15 7 54 57
76
0
9 59 2 153 41 33 186 4 22 16 3 15 44 49 157 41 81 43 13 44
77
0
104 5 60 39 4 20 33 40 27 20 80 2 40 37 2 53 59 8 125 63
78
0
42 80 68 5 1 11 49 3 129 42 7 283 32 27 21 11 20 49 58 77
79
0
2 71 44 39 1 35 222 35 49 13 46 133 5 3 59 16 44 47 17 13
80
0
41 13 0 54 12 144 59 62 235 78 7 39 83 12 107 14 13 48 4 85
81
0
59 25 1 55 103 18 26 12 5 99 151 11 53 33 318 51 8 99 58 15
82
0
40 40 160 2 117 104 115 55 75 20 7 42 17 31 89 2 2 110 40 95
83
0
46 1 67 58 60 19 36 20 44 57 31 30 198 112 28 73 34 360 41 61
84
0
20 140 7 31 24 37 10 5 12 20 17 8 29 58 8 10 4 20 11 39
85
0
35 11 144 58 31 10 14 19 67 2 178 64 130 23 4 55 8 1 2 72
86
0
21 55 17 22 1 3 177 1 17 90 83 210 93 7 189 174 28 119 157 94
87
0
138 1 11 161 33 131 34 28 21 25 52 103 19 19 17 43 46 83 10 15
88
0
57 13 82 349 38 25 120 58 108 3 56 1 56 27 196 42 5 61 69 9
89
0
3 26 105 33 43 108 25 144 69 7 129 29 54 34 73 60 12 103 10 64
90
0
145 138 49 17 1 17 15 47 86 146 154 86 2 71 24 17 1 64 21 9
91
0
132 3 7 37 100 114 346 100 83 58 12 80 72 38 99 39 8 110 176 64
92
0
26 229 32 30 10 124 48 0 5 101 21 69 30 15 45 117 18 44 76 51
93
0
16 5 39 6 72 46 54 6 6 51 69 72 53 3 0 42 61 25 89 12
94
0
55 22 66 7 4 49 22 1 18 24 74 150 56 53 88 50 28 10 17 47
95
0
3 38 31 143 35 32 297 49 36 63 35 84 58 43 36 26 63 32 56 10
96
0
53 173 25 39 82 19 17 11 30 35 12 28 71 61 70 16 73 61 37 202
97
0
100 25 1 30 14 7 2 4 10 8 20 39 40 1 26 3 44 57 71 57
98
0
44 8 9 123 17 67 150 7 91 54 30 19 101 64 16 106 7 11 77 27
99
0
49 112 1 67 43 34 101 120 3 42 14 179 9 20 20 2 37 4 37 141
