50
20
747068
0
0
36 33 29 26 34 41 47 30 32 43 41 52 33 41 31 35 29 58 61 64
1
0
24 29 22 24 23 25 27 30 18 33 15 30 21 13 20 28 30 29 28 27
2
0
43 82 28 49 45 33 36 57 38 44 51 53 47 69 72 31 37 45 64 52
3
0
23 29 24 31 30 33 34 24 35 35 38 24 29 32 59 41 21 42 20 26
4
0
19 23 24 24 25 29 22 19 32 45 24 25 18 33 27 34 28 20 25 34
5
0
39 32 30 30 26 35 40 38 35 31 46 37 33 32 37 32 40 39 33 39
6
0
130 154 174 134 131 153 145 134 171 164 156 119 154 119 165 127 176 125 169 133
7
0
70 45 88 61 65 88 79 71 45 69 82 62 107 76 102 74 55 95 59 70
8
0
43 42 62 59 53 59 69 71 70 76 89 45 75 54 72 47 89 72 45 58
9
0
59 65 52 59 79 79 53 66 48 79 76 45 76 54 79 70 78 80 76 97
10
0
62 39 55 54 58 55 48 33 59 35 64 59 50 49 49 54 68 46 46 44
11
0
174 97 119 96 109 92 113 89 143 148 88 114 101 100 112 127 93 109 117 126
12
0
18 18 16 27 25 22 21 29 36 26 17 21 20 15 16 14 15 31 18 13
13
0
87 98 64 83 60 81 95 86 84 62 51 84 93 95 82 77 97 82 64 96
14
0
219 233 214 192 247 231 213 199 217 197 215 232 249 202 212 210 202 159 235 227
15
0
3 3 3 2 2 2 2 2 2 2 2 4 2 1 3 3 2 3 2 1
16
0
7 7 13 7 15 5 10 19 17 10 13 11 12 10 14 10 13 7 13 13
17
0
69 95 75 70 72 76 70 52 86 67 76 58 64 71 63 43 44 73 69 67
18
0
2 1 1 2 1 2 1 2 1 2 1 2 2 1 1 1 1 2 2 1
19
0
11 8 10 13 8 9 5 9 18 10 8 7 8 6 19 9 9 12 10 6
20
0
23 14 12 13 15 9 11 13 12 13 14 11 9 7 13 17 9 11 18 7
21
0
57 47 66 34 30 64 33 44 55 53 53 34 38 46 34 49 50 46 46 50
22
0
65 42 54 61 50 69 80 43 51 56 52 47 62 53 56 56 40 40 41 50
23
0
20 8 8 14 6 19 11 9 8 5 9 14 8 12 9 8 11 12 11 10
24
0
12 7 19 9 10 21 11 16 13 11 9 12 4 12 14 13 14 13 12 7
25
0
1 2 1 1 2 1 2 3 1 1 1 2 2 4 2 1 2 1 1 2
26
0
17 22 13 8 31 16 22 24 18 23 21 21 18 31 21 20 18 18 25 20
27
0
14 8 10 9 5 8 8 12 10 17 7 12 9 11 7 10 6 11 9 5
28
0
38 42 56 27 46 36 57 27 43 37 22 43 44 29 36 69 46 44 45 39
29
0
30 40 23 47 42 32 41 37 28 46 18 34 14 22 26 27 25 35 25 48
30
0
3 6 7 6 3 8 2 4 7 4 7 3 4 9 5 8 4 5 2 3
31
0
184 190 152 126 204 190 185 157 167 193 209 144 205 183 185 220 168 168 227 136
32
0
55 44 47 50 63 40 46 61 61 55 50 65 53 70 66 58 65 57 65 53
33
0
29 32 37 45 30 24 39 27 30 26 26 21 23 27 27 27 38 31 40 34
34
0
81 39 68 106 80 92 128 99 66 73 64 62 65 74 95 77 53 63 104 58
35
0
3 2 4 5 5 2 2 3 4 3 2 4 4 3 3 4 3 3 2 3
36
0
21 9 13 13 14 12 17 18 14 16 15 14 12 13 14 10 21 24 18 17
37
0
40 38 27 36 24 28 46 30 37 38 39 41 37 35 28 40 46 32 38 34
38
0
29 17 17 16 30 15 24 21 19 31 17 13 28 24 18 27 30 24 16 19
39
0
8 5 5 6 11 5 6 5 6 10 3 6 3 10 8 10 9 6 10 5
40
0
55 46 76 41 54 67 51 56 63 51 65 46 53 69 86 68 49 43 36 70
41
0
8 16 13 15 15 14 12 9 9 20 14 14 9 14 11 14 15 19 14 19
42
0
12 14 19 12 15 16 10 17 22 11 25 22 22 18 12 14 12 23 18 14
43
0
24 8 16 16 18 22 13 21 30 28 29 27 22 36 22 25 19 16 27 25
44
0
38 56 43 45 53 58 48 33 42 72 63 85 59 55 48 61 43 47 59 95
45
0
8 9 6 9 7 7 14 4 5 5 6 10 4 7 8 9 11 7 10 5
46
0
54 42 59 54 84 36 58 48 56 43 73 77 63 51 50 59 41 48 71 60
47
0
7 4 12 9 5 8 7 11 6 5 5 5 5 2 10 5 4 6 6 6
48
0
96 102 98 107 94 91 80 88 136 106 96 84 112 88 118 132 102 107 89 116
49
0
22 20 24 24 13 21 27 14 19 18 21 14 23 22 17 13 25 14 16 24
