100
5
851725
0
0
42 29 29 4 73
1
0
52 40 32 4 68
2
0
70 37 38 3 42
3
0
78 39 33 6 59
4
0
56 39 54 4 46
5
0
69 33 41 6 73
6
0
65 39 28 4 70
7
0
47 31 58 3 32
8
0
50 52 33 3 56
9
0
45 57 40 4 63
10
0
34 45 30 3 49
11
0
56 34 45 3 75
12
0
54 37 28 3 69
13
0
49 31 40 4 65
14
0
52 41 25 3 54
15
0
51 31 38 2 50
16
0
38 47 18 3 56
17
0
72 40 24 4 48
18
0
26 46 32 6 59
19
0
56 30 47 4 58
20
0
36 37 36 7 50
21
0
66 48 51 4 35
22
0
43 35 31 4 59
23
0
51 54 26 6 55
24
0
53 29 26 3 68
25
0
52 18 30 4 52
26
0
49 40 21 5 78
27
0
39 30 30 4 43
28
0
63 38 32 5 51
29
0
55 41 37 3 80
30
0
62 37 47 4 53
31
0
54 48 32 5 59
32
0
53 25 37 6 38
33
0
48 30 33 3 45
34
0
32 49 23 3 64
35
0
59 36 42 5 82
36
0
57 41 30 4 63
37
0
56 39 29 9 40
38
0
38 39 25 4 50
39
0
43 36 32 4 77
40
0
37 38 34 4 52
41
0
61 36 30 5 64
42
0
54 42 32 4 48
43
0
52 24 38 4 60
44
0
65 31 52 7 53
45
0
45 40 32 6 45
46
0
58 31 30 6 60
47
0
55 27 33 4 53
48
0
70 40 46 6 50
49
0
48 24 29 3 58
50
0
54 26 23 5 51
51
0
67 35 35 3 55
52
0
69 50 37 4 66
53
0
52 20 22 5 63
54
0
70 64 45 3 67
55
0
86 38 17 4 71
56
0
54 36 22 7 43
57
0
61 46 29 4 50
58
0
68 44 43 5 46
59
0
61 46 43 4 81
60
0
56 33 35 5 45
61
0
59 42 58 5 52
62
0
49 29 40 3 44
63
0
37 42 52 5 50
64
0
41 36 42 3 69
65
0
47 29 40 3 58
66
0
45 49 42 3 82
67
0
59 20 26 5 50
68
0
49 50 37 6 58
69
0
56 21 24 4 46
70
0
76 50 17 4 53
71
0
47 35 29 3 69
72
0
53 49 36 3 57
73
0
57 27 28 3 60
74
0
47 42 45 3 62
75
0
44 43 30 5 65
76
0
65 33 31 3 65
77
0
49 49 43 5 44
78
0
79 30 57 6 51
79
0
59 37 33 3 77
80
0
43 66 43 6 46
81
0
43 22 27 4 58
82
0
58 41 30 4 58
83
0
50 33 33 3 77
84
0
55 27 41 3 71
85
0
55 31 29 3 52
86
0
46 38 22 4 56
87
0
52 35 34 4 72
88
0
57 37 48 2 56
89
0
51 34 20 3 42
90
0
63 30 27 5 40
91
0
49 32 42 3 59
92
0
68 42 43 4 64
93
0
62 32 36 6 40
94
0
53 54 39 2 54
95
0
51 38 41 3 60
96
0
46 26 37 5 60
97
0
47 31 38 8 55
98
0
47 48 28 2 43
99
0
41 28 43 5 57
