100
10
797945
0
0
15 4 14 31 21 4 25 87 16 54
1
0
15 5 14 49 17 5 23 84 33 46
2
0
13 4 10 53 18 4 17 61 25 37
3
0
14 7 6 47 35 6 27 52 31 36
4
0
17 3 7 64 24 5 32 63 20 41
5
0
23 6 14 42 17 8 33 91 22 38
6
0
13 6 15 54 24 4 37 43 25 56
7
0
17 5 8 40 20 3 15 70 36 32
8
0
23 5 16 36 20 5 20 73 14 36
9
0
9 6 18 64 20 3 45 66 20 36
10
0
9 4 11 59 30 5 44 53 20 31
11
0
15 4 17 48 27 5 35 72 21 41
12
0
9 3 15 70 21 6 29 62 19 34
13
0
27 5 8 47 22 8 37 78 28 48
14
0
14 7 14 52 17 6 21 55 26 42
15
0
16 12 13 38 22 6 27 87 35 30
16
0
18 3 9 43 17 5 35 60 44 45
17
0
17 3 13 31 12 4 28 73 23 62
18
0
17 3 10 52 15 6 26 47 13 60
19
0
15 5 7 59 21 4 28 76 19 26
20
0
18 4 9 82 12 5 41 60 16 41
21
0
18 6 14 52 17 5 29 61 16 28
22
0
15 8 21 48 21 4 37 113 21 41
23
0
30 3 15 44 26 7 31 91 23 45
24
0
23 2 15 50 26 4 34 86 13 43
25
0
16 4 11 69 29 4 36 57 20 53
26
0
10 4 13 42 19 5 17 59 27 43
27
0
21 7 19 44 25 4 29 75 21 31
28
0
20 3 17 44 23 8 49 85 14 32
29
0
14 4 12 53 15 13 19 68 16 40
30
0
23 3 12 54 19 11 44 68 21 43
31
0
18 4 11 32 19 6 47 75 18 36
32
0
18 5 18 25 25 5 33 77 16 33
33
0
15 6 11 43 23 5 19 83 15 43
34
0
23 12 20 31 26 2 39 72 21 29
35
0
16 3 11 53 16 7 25 71 24 36
36
0
18 4 11 48 16 5 25 89 15 54
37
0
13 8 16 41 22 3 35 56 24 36
38
0
6 4 14 63 15 10 21 77 15 53
39
0
21 2 8 47 28 7 21 92 16 42
40
0
18 6 15 50 16 4 42 72 29 57
41
0
27 6 12 38 23 3 26 84 13 40
42
0
16 6 10 35 19 6 44 74 28 27
43
0
16 4 9 32 11 4 50 81 14 46
44
0
22 3 16 46 20 4 29 90 18 37
45
0
17 3 28 41 16 6 41 54 19 37
46
0
22 6 10 40 25 9 35 96 19 64
47
0
16 4 11 26 23 7 23 45 16 42
48
0
20 9 13 46 18 6 36 91 18 32
49
0
19 5 23 32 16 3 32 66 19 44
50
0
9 5 12 75 9 6 39 48 16 31
51
0
12 4 11 46 17 9 39 75 22 46
52
0
27 7 8 63 25 4 22 67 19 47
53
0
21 6 16 70 18 3 45 72 21 40
54
0
14 5 15 36 21 7 26 86 15 42
55
0
22 5 11 48 16 6 30 65 28 52
56
0
12 5 9 30 17 5 39 70 45 57
57
0
13 7 17 40 16 6 30 66 33 70
58
0
17 5 9 45 20 5 30 73 18 35
59
0
13 7 15 63 17 6 51 59 24 34
60
0
14 2 9 36 13 5 19 60 22 55
61
0
20 5 12 40 10 3 27 65 15 36
62
0
16 4 15 51 21 3 31 86 18 28
63
0
17 11 5 55 20 3 36 50 32 53
64
0
18 4 13 41 14 4 26 68 17 34
65
0
10 6 8 37 16 6 40 66 11 36
66
0
9 3 14 56 24 4 45 68 13 42
67
0
16 3 19 49 17 5 20 81 20 41
68
0
17 7 14 46 25 5 42 77 21 30
69
0
18 8 11 47 22 6 19 59 20 51
70
0
16 2 10 47 23 9 29 56 19 36
71
0
10 4 10 42 17 6 41 63 21 54
72
0
19 8 25 62 27 3 28 69 19 43
73
0
14 5 14 48 14 5 30 60 15 55
74
0
11 3 14 44 18 9 23 85 23 52
75
0
23 6 10 35 10 6 34 66 18 49
76
0
15 3 11 34 20 6 39 69 13 49
77
0
25 3 22 57 29 3 32 106 35 41
78
0
19 5 10 48 18 2 44 75 30 25
79
0
10 3 16 48 25 5 39 48 26 45
80
0
30 8 18 37 18 6 20 58 28 45
81
0
12 7 10 42 18 7 25 42 18 27
82
0
14 8 9 40 26 4 26 63 20 49
83
0
13 4 14 55 22 5 58 72 13 35
84
0
18 5 11 41 15 6 26 76 33 47
85
0
10 4 9 65 19 17 31 79 15 38
86
0
13 6 17 52 22 5 31 70 20 58
87
0
16 7 10 47 16 8 37 86 9 63
88
0
9 7 8 44 23 7 22 58 22 29
89
0
13 9 16 64 17 5 34 70 10 32
90
0
22 9 9 51 18 7 26 75 15 42
91
0
9 3 11 48 19 6 20 86 14 31
92
0
15 7 23 48 21 4 50 66 23 37
93
0
17 6 19 63 10 3 45 111 11 28
94
0
26 3 15 40 36 4 26 83 18 39
95
0
11 4 15 43 19 6 30 103 23 40
96
0
21 7 15 46 29 5 31 60 16 33
97
0
20 4 22 59 12 5 34 54 19 41
98
0
18 3 11 47 14 4 37 67 17 54
99
0
16 9 11 64 16 5 29 49 13 37
