200
5
186545
0
0
42 91 122 29 20
1
0
51 79 124 22 23
2
0
49 97 124 27 30
3
0
51 115 99 19 22
4
0
50 94 113 22 27
5
0
54 101 97 29 17
6
0
39 118 145 33 16
7
0
37 84 115 31 19
8
0
42 74 82 19 15
9
0
49 92 125 24 20
10
0
54 88 140 22 28
11
0
33 83 85 21 35
12
0
46 101 158 34 34
13
0
45 64 127 37 24
14
0
68 91 128 29 26
15
0
35 93 75 27 16
16
0
57 144 124 25 16
17
0
41 58 118 30 22
18
0
62 123 136 19 22
19
0
47 97 138 25 22
20
0
47 83 111 27 20
21
0
55 85 118 28 41
22
0
44 70 113 33 15
23
0
36 78 95 23 21
24
0
68 97 117 32 18
25
0
42 82 119 22 30
26
0
77 73 119 29 13
27
0
38 82 118 19 32
28
0
57 84 131 37 18
29
0
39 73 124 33 20
30
0
36 89 129 29 29
31
0
86 93 87 32 22
32
0
41 80 108 28 22
33
0
48 114 142 23 11
34
0
50 83 103 29 28
35
0
59 108 124 23 26
36
0
51 80 114 24 29
37
0
46 80 126 24 36
38
0
31 53 132 24 27
39
0
47 81 120 29 23
40
0
50 70 123 30 28
41
0
53 114 146 26 29
42
0
44 88 124 31 10
43
0
49 84 140 32 22
44
0
61 131 133 20 29
45
0
49 67 104 21 21
46
0
38 141 138 24 33
47
0
35 78 112 34 21
48
0
43 138 112 18 38
49
0
40 88 140 19 26
50
0
63 103 123 21 16
51
0
65 106 156 25 22
52
0
68 93 113 30 40
53
0
48 109 115 52 19
54
0
60 66 125 37 28
55
0
31 77 105 35 24
56
0
24 98 167 27 31
57
0
44 67 132 17 24
58
0
43 135 121 18 28
59
0
55 69 99 22 15
60
0
44 78 129 34 15
61
0
43 86 106 24 20
62
0
40 95 93 29 35
63
0
64 75 154 46 21
64
0
53 85 111 25 19
65
0
46 77 115 34 20
66
0
55 62 160 27 19
67
0
47 77 139 20 15
68
0
46 92 104 20 31
69
0
58 103 110 19 16
70
0
61 76 151 29 22
71
0
42 124 108 28 25
72
0
51 96 98 20 40
73
0
55 69 126 43 28
74
0
37 90 126 20 22
75
0
40 75 93 24 20
76
0
32 81 141 18 17
77
0
48 108 116 21 33
78
0
55 102 103 16 22
79
0
67 91 143 39 25
80
0
32 78 118 20 14
81
0
53 95 115 26 32
82
0
66 76 97 19 31
83
0
47 85 146 36 19
84
0
55 77 95 18 20
85
0
48 63 103 20 16
86
0
51 84 126 28 22
87
0
42 75 113 42 30
88
0
46 101 149 19 43
89
0
55 78 129 40 18
90
0
45 116 109 14 16
91
0
48 58 93 23 25
92
0
47 104 116 28 31
93
0
68 100 95 25 27
94
0
42 114 140 32 15
95
0
52 104 136 29 25
96
0
81 81 94 22 26
97
0
39 111 117 41 17
98
0
48 81 122 18 22
99
0
47 101 107 21 23
100
0
38 84 122 21 21
101
0
53 92 163 18 17
102
0
44 89 112 37 12
103
0
55 86 82 16 34
104
0
39 89 103 17 31
105
0
51 111 124 36 30
106
0
52 82 163 41 25
107
0
60 95 149 29 18
108
0
42 86 136 27 16
109
0
38 70 104 22 23
110
0
58 117 136 26 32
111
0
28 94 124 28 20
112
0
50 87 81 28 25
113
0
43 86 134 29 21
114
0
45 82 137 34 19
115
0
43 105 130 23 20
116
0
49 86 156 23 33
117
0
47 105 103 36 19
118
0
47 111 114 26 26
119
0
36 77 140 20 29
120
0
31 142 147 32 22
121
0
58 89 84 35 25
122
0
40 106 148 24 30
123
0
57 88 93 21 29
124
0
36 114 110 23 25
125
0
58 79 123 27 24
126
0
29 111 138 24 17
127
0
54 108 125 28 24
128
0
49 65 126 20 31
129
0
47 80 112 31 36
130
0
56 86 116 26 29
131
0
47 83 107 30 16
132
0
66 97 120 34 18
133
0
43 95 152 28 21
134
0
46 76 135 47 32
135
0
43 140 160 23 30
136
0
41 70 84 26 23
137
0
40 78 132 25 27
138
0
59 86 108 29 25
139
0
42 78 105 26 21
140
0
40 97 145 29 19
141
0
48 92 100 26 28
142
0
61 88 98 26 17
143
0
34 90 112 33 23
144
0
22 93 127 32 28
145
0
37 100 128 22 27
146
0
68 105 110 24 21
147
0
71 70 129 33 29
148
0
51 73 117 23 26
149
0
53 127 147 21 19
150
0
43 90 119 26 23
151
0
48 89 108 13 27
152
0
44 75 135 28 22
153
0
42 97 112 24 46
154
0
59 72 109 32 23
155
0
52 80 136 36 14
156
0
43 85 106 49 23
157
0
44 87 131 17 21
158
0
24 89 102 40 30
159
0
67 71 129 27 24
160
0
61 88 97 28 20
161
0
47 92 113 34 23
162
0
54 108 127 30 24
163
0
37 102 111 26 35
164
0
48 106 137 38 31
165
0
40 90 94 28 23
166
0
54 88 138 32 22
167
0
32 98 148 31 27
168
0
49 85 128 24 31
169
0
45 89 109 27 37
170
0
52 91 152 21 28
171
0
61 62 92 29 26
172
0
56 93 122 33 13
173
0
40 76 115 57 27
174
0
45 124 97 21 26
175
0
49 78 128 22 19
176
0
46 83 119 24 27
177
0
49 78 109 36 30
178
0
48 91 143 31 16
179
0
39 80 127 28 25
180
0
53 75 119 33 18
181
0
57 71 155 29 32
182
0
50 92 134 22 21
183
0
45 75 99 22 26
184
0
48 68 103 37 22
185
0
47 69 92 37 19
186
0
48 83 101 26 14
187
0
75 84 113 31 33
188
0
51 94 111 25 28
189
0
33 73 86 26 20
190
0
57 84 121 20 26
191
0
47 81 126 22 22
192
0
44 100 130 23 19
193
0
50 89 100 24 16
194
0
59 91 115 30 23
195
0
39 84 126 26 22
196
0
55 111 106 21 20
197
0
51 119 143 19 14
198
0
55 78 144 27 20
199
0
48 97 84 24 35
