20
20
700036
0
0
15 185 20 14 23 4 42 38 12 219 16 102 55 35 6 131 38 141 102 71
1
0
26 173 16 12 13 5 21 43 27 216 17 82 73 35 11 127 96 153 117 79
2
0
13 144 26 18 31 2 19 50 21 187 15 69 64 31 9 103 58 169 119 78
3
0
15 168 33 19 31 3 32 38 16 162 18 81 56 44 6 92 50 151 121 84
4
0
21 138 22 13 33 2 15 66 16 188 13 96 52 42 10 125 41 128 124 79
5
0
17 127 25 17 30 6 26 46 18 238 11 95 55 39 4 98 65 112 102 80
6
0
20 174 14 15 29 5 30 39 17 160 25 91 57 26 9 116 75 118 132 113
7
0
13 162 21 17 42 4 26 46 17 197 23 97 62 29 8 95 86 132 125 91
8
0
12 185 32 13 36 3 24 44 29 194 29 87 67 26 6 132 58 104 146 115
9
0
18 175 25 15 30 4 16 39 14 217 11 125 69 48 7 119 61 110 135 71
10
0
15 164 25 12 30 3 31 50 26 201 20 89 62 27 5 76 65 149 72 116
11
0
18 154 11 22 34 3 19 45 19 218 15 73 67 31 16 116 71 121 138 91
12
0
23 156 15 13 30 6 44 32 17 235 13 97 67 32 9 84 60 131 150 71
13
0
10 144 26 14 28 2 41 36 24 203 19 99 33 44 5 89 74 142 135 87
14
0
21 161 17 12 37 4 32 32 13 201 17 88 86 32 7 95 42 131 123 79
15
0
15 174 12 11 25 4 42 52 18 221 12 81 62 42 9 130 49 173 143 110
16
0
24 172 18 11 40 6 31 37 23 161 15 79 66 28 5 136 54 120 120 99
17
0
18 111 12 10 22 4 43 50 15 186 17 88 60 39 8 98 60 141 119 75
18
0
20 169 24 12 32 1 27 58 26 204 15 122 64 24 12 95 53 183 128 60
19
0
14 191 21 14 22 3 25 55 18 190 11 85 61 40 9 76 68 113 109 105
