30
20
309314
0
0
140 119 111 93 106 122 110 79 103 135 82 140 105 102 106 86 109 108 82 98
1
0
36 55 50 43 62 42 46 38 38 28 44 60 42 38 68 41 58 35 51 63
2
0
108 122 86 116 105 79 106 71 104 94 100 143 130 116 70 57 128 89 110 105
3
0
37 42 22 21 34 26 30 20 34 48 33 43 35 23 26 23 19 26 21 25
4
0
88 110 66 92 106 107 95 102 114 85 152 106 114 103 77 97 112 90 90 101
5
0
164 190 147 111 185 200 180 153 156 170 183 200 180 208 168 162 153 205 170 220
6
0
26 31 18 18 20 28 21 18 16 36 20 36 26 26 29 28 43 16 26 36
7
0
18 19 11 15 23 15 11 24 18 23 10 14 13 25 17 14 16 16 15 16
8
0
36 48 56 43 22 53 52 44 57 37 65 64 48 52 41 41 50 44 56 87
9
0
23 26 25 39 20 19 26 26 25 28 32 22 24 18 20 21 23 25 13 18
10
0
57 70 47 58 41 52 42 59 73 52 44 31 70 34 62 55 38 70 35 71
11
0
60 79 86 109 74 60 91 59 36 54 61 74 85 59 75 50 91 83 64 72
12
0
33 48 63 57 53 56 41 57 42 49 59 40 35 45 36 43 47 48 38 52
13
0
18 18 25 18 27 23 24 20 19 18 42 27 13 12 30 18 19 21 26 14
14
0
69 40 35 38 66 28 40 18 33 38 35 27 46 39 39 17 39 35 23 43
15
0
9 7 5 7 12 11 8 8 7 13 6 9 6 8 7 3 6 7 5 10
16
0
68 60 59 77 90 49 59 62 58 44 62 75 73 63 51 62 63 44 61 31
17
0
61 58 52 53 55 36 51 76 43 55 38 38 33 64 53 44 34 37 63 43
18
0
65 39 46 73 38 54 52 42 45 49 46 35 38 47 44 40 42 57 40 41
19
0
83 81 63 75 102 110 105 74 79 93 63 73 91 71 93 84 70 78 106 83
20
0
66 66 51 81 69 48 56 66 49 61 79 57 63 81 59 39 58 63 45 49
21
0
39 37 24 38 31 24 37 35 36 30 27 47 36 43 69 31 39 50 29 43
22
0
29 31 50 50 29 25 31 28 31 30 32 32 24 35 14 25 28 32 23 26
23
0
3 2 2 3 2 4 3 1 2 3 3 2 2 2 3 4 2 4 2 2
24
0
17 8 13 9 7 10 8 7 7 5 6 16 11 15 14 10 6 11 14 14
25
0
51 47 49 63 44 59 47 55 46 49 30 60 55 53 53 47 67 74 51 50
26
0
114 138 145 134 134 121 87 121 96 123 158 111 151 130 140 107 99 132 148 133
27
0
40 41 42 41 40 39 46 37 47 48 48 40 22 51 34 64 48 68 39 51
28
0
144 104 127 132 132 138 145 132 105 155 112 156 112 154 165 131 132 177 123 140
29
0
25 38 31 26 43 23 37 30 30 40 42 36 41 33 26 36 29 29 23 29
