50
20
439479
0
0
59 105 23 40 224 2 18 37 81 30 86 36 8 63 8 13 91 5 37 41
1
0
61 70 49 40 212 2 19 50 99 36 83 39 9 79 5 11 111 3 30 57
2
0
59 119 44 31 218 2 16 63 58 41 114 33 7 93 2 10 106 3 18 40
3
0
68 75 54 21 204 4 13 44 79 36 128 64 11 50 7 16 84 6 25 41
4
0
94 85 34 20 216 5 18 65 90 34 79 43 8 73 6 16 97 5 25 58
5
0
75 60 64 33 226 4 9 38 75 53 102 36 11 77 5 12 100 7 21 53
6
0
66 88 43 21 230 4 12 38 82 57 91 41 8 82 3 12 97 3 31 80
7
0
89 116 48 19 260 4 12 42 111 35 93 35 12 64 4 8 143 3 30 45
8
0
75 95 49 27 239 2 19 68 83 37 125 29 7 42 5 8 70 5 28 41
9
0
88 69 35 21 206 6 24 37 74 41 101 35 4 73 6 9 78 5 27 36
10
0
61 82 46 25 235 3 23 41 79 39 86 73 6 81 5 9 87 6 30 41
11
0
74 85 63 33 228 5 22 54 76 37 86 30 6 97 6 15 101 3 27 45
12
0
75 106 67 25 233 5 19 32 109 39 87 29 10 95 4 18 121 3 37 44
13
0
97 62 80 22 191 2 12 29 77 52 130 52 7 58 7 8 95 3 24 42
14
0
101 98 56 29 205 6 13 51 102 40 97 43 5 93 11 13 86 3 29 47
15
0
74 84 60 12 181 5 14 45 59 43 93 49 4 80 7 14 118 5 23 47
16
0
83 81 45 25 187 6 18 30 114 45 73 55 7 66 11 12 125 4 21 56
17
0
77 69 51 49 186 5 24 38 77 29 91 44 5 61 6 8 93 4 21 46
18
0
93 115 43 24 182 5 26 49 79 45 89 42 6 68 4 10 95 3 28 54
19
0
82 56 44 36 204 5 24 50 68 37 92 26 6 97 4 10 106 4 25 56
20
0
74 79 34 33 203 4 26 59 82 34 115 47 9 74 6 15 88 4 25 53
21
0
81 103 33 16 240 3 18 43 97 38 100 36 7 87 5 18 105 5 32 37
22
0
57 88 48 19 228 4 23 47 82 38 107 37 7 95 3 13 125 4 34 30
23
0
110 100 41 33 196 5 25 49 86 46 100 31 10 97 4 12 85 4 36 41
24
0
74 72 59 37 248 5 22 39 83 41 127 29 6 56 5 7 79 5 22 38
25
0
70 89 49 17 206 6 9 39 80 39 104 63 5 107 4 19 137 3 23 48
26
0
78 62 41 30 207 2 15 59 89 44 112 33 10 78 5 9 125 5 31 35
27
0
86 76 39 27 226 4 18 55 93 53 76 55 11 65 6 15 120 4 44 54
28
0
93 104 54 20 216 3 27 52 93 36 106 24 8 70 4 11 77 5 38 45
29
0
64 106 69 14 166 3 15 63 83 38 93 62 7 93 4 11 76 6 42 68
30
0
70 68 48 21 206 4 27 42 86 42 85 52 11 80 4 12 101 4 41 43
31
0
82 139 48 40 244 6 18 43 71 52 97 34 9 64 4 15 75 4 29 45
32
0
67 84 47 42 280 3 14 53 65 37 94 38 7 73 4 5 95 4 21 37
33
0
56 97 63 40 190 6 14 28 82 44 102 40 9 83 7 21 122 4 30 57
34
0
96 65 49 27 171 6 23 45 81 35 92 40 13 89 6 7 129 4 38 41
35
0
78 69 53 36 242 5 10 40 83 31 112 48 7 47 5 13 95 4 28 59
36
0
123 78 49 26 255 6 18 60 107 50 93 43 8 66 7 11 85 6 20 56
37
0
51 89 45 32 246 4 15 39 92 27 133 50 7 66 4 9 91 5 34 37
38
0
59 117 51 26 230 4 21 50 74 23 102 42 7 84 6 11 99 2 34 33
39
0
84 127 73 32 231 2 25 36 66 53 92 42 8 62 7 8 105 5 30 40
40
0
80 101 48 19 234 4 15 38 71 54 140 31 5 68 6 10 135 4 34 49
41
0
76 83 54 24 200 6 20 40 113 39 96 41 5 59 7 13 84 4 29 59
42
0
51 85 42 24 248 3 19 56 64 29 119 26 13 63 3 11 119 5 24 58
43
0
86 110 58 29 184 4 17 37 43 31 80 52 11 79 8 10 74 3 21 38
44
0
68 65 53 29 238 3 26 25 81 36 101 41 7 57 5 9 71 7 24 49
45
0
71 144 45 16 163 3 23 61 72 29 102 53 9 105 7 16 80 9 33 48
46
0
82 98 52 27 221 4 17 56 87 53 106 32 6 64 4 15 97 6 30 37
47
0
81 90 33 24 213 2 22 39 80 37 117 46 6 60 4 7 111 3 36 44
48
0
60 109 45 31 175 4 23 56 71 42 99 56 7 108 6 16 78 10 29 39
49
0
74 72 36 27 219 2 20 50 95 38 89 48 7 83 4 15 103 7 35 43
