200
10
80774
0
0
10 9 13 11 8 6 5 12 11 8
1
0
13 16 18 10 34 20 30 20 17 28
2
0
31 47 62 45 41 48 43 40 52 48
3
0
42 36 34 64 23 33 43 58 31 41
4
0
3 3 4 5 4 5 3 5 2 5
5
0
43 67 66 42 50 68 40 61 61 59
6
0
5 3 5 4 5 5 4 4 5 5
7
0
12 9 10 10 8 9 16 12 10 14
8
0
196 192 256 227 204 181 214 194 199 267
9
0
83 95 91 106 84 118 79 97 119 114
10
0
42 45 43 55 48 48 49 39 49 43
11
0
147 105 132 100 138 131 103 147 112 104
12
0
57 42 79 57 62 49 47 54 76 46
13
0
13 17 12 16 10 14 7 8 10 9
14
0
11 7 7 10 10 7 9 8 8 11
15
0
39 43 55 59 56 60 51 51 69 64
16
0
25 23 21 16 30 27 23 21 26 20
17
0
28 21 25 25 29 18 20 53 34 33
18
0
24 18 18 13 15 14 15 20 18 15
19
0
54 65 56 48 46 73 56 69 43 57
20
0
6 17 15 19 6 12 17 17 14 12
21
0
29 22 24 39 34 19 15 33 26 37
22
0
130 178 141 135 134 131 119 175 136 136
23
0
164 135 131 151 160 175 165 137 162 159
24
0
35 29 45 30 33 35 33 51 40 37
25
0
20 20 21 30 25 18 29 25 19 19
26
0
139 111 159 111 141 127 185 109 132 207
27
0
2 1 1 2 1 2 1 1 1 3
28
0
124 109 131 137 121 156 132 136 181 149
29
0
127 104 77 101 128 103 103 111 127 114
30
0
153 128 159 149 91 116 108 115 156 141
31
0
64 68 58 48 47 54 60 42 40 42
32
0
8 6 11 8 8 5 9 9 5 8
33
0
12 17 7 20 16 8 11 15 15 10
34
0
103 147 95 111 117 110 104 93 124 157
35
0
53 57 43 62 47 40 47 49 56 51
36
0
16 19 14 17 17 27 15 20 14 11
37
0
20 24 27 20 13 11 18 17 13 12
38
0
12 16 24 15 19 15 16 27 25 28
39
0
12 13 14 14 10 10 14 16 12 8
40
0
38 31 43 35 56 33 32 32 62 50
41
0
52 72 57 55 57 76 63 54 58 70
42
0
21 35 31 17 26 32 38 17 41 16
43
0
13 20 12 18 21 21 21 17 21 23
44
0
110 113 104 98 95 93 88 103 98 82
45
0
32 24 34 32 27 33 29 17 23 16
46
0
54 46 64 39 42 46 52 45 31 46
47
0
36 55 36 31 46 50 43 37 47 28
48
0
130 117 121 156 143 122 112 165 142 173
49
0
2 2 3 2 4 1 3 2 2 3
50
0
45 43 34 55 50 49 63 40 47 67
51
0
60 54 51 57 50 66 63 51 45 56
52
0
4 2 5 7 2 6 3 5 3 6
53
0
12 9 10 10 6 11 11 7 7 5
54
0
10 14 10 15 7 8 12 9 12 11
55
0
9 11 6 8 11 12 15 10 7 4
56
0
37 49 54 48 39 34 51 37 48 56
57
0
132 115 106 107 132 123 87 106 110 115
58
0
24 38 19 23 35 28 47 27 39 25
59
0
29 29 26 28 21 27 19 19 25 29
60
0
24 22 18 13 24 13 27 17 22 21
61
0
54 47 41 49 35 33 54 46 38 66
62
0
79 78 56 70 80 70 95 99 62 58
63
0
9 8 6 7 4 9 6 6 4 6
64
0
62 56 73 56 68 60 52 43 87 62
65
0
141 152 159 139 170 133 139 102 143 164
66
0
86 92 101 86 88 99 95 84 71 113
67
0
14 28 16 18 21 26 19 20 14 13
68
0
39 29 28 27 31 29 36 31 24 24
69
0
17 22 17 26 25 16 24 21 19 19
70
0
16 9 23 33 14 19 32 15 19 18
71
0
28 40 15 27 21 16 25 26 26 26
72
0
120 112 108 111 108 124 152 107 127 121
73
0
47 40 41 53 54 68 51 94 62 33
74
0
60 72 54 45 49 60 65 38 71 70
75
0
66 74 61 70 96 86 74 68 130 102
76
0
71 84 111 87 117 130 75 111 76 94
77
0
9 7 6 7 8 11 6 5 8 11
78
0
21 17 19 19 16 21 21 15 22 23
79
0
19 19 15 28 25 12 14 22 19 19
80
0
23 23 53 23 36 41 25 35 36 25
81
0
24 13 11 16 9 15 15 19 10 18
82
0
28 29 33 20 28 25 23 27 33 41
83
0
71 73 77 63 61 68 67 86 67 68
84
0
131 87 90 110 62 112 89 84 110 101
85
0
100 96 70 107 88 119 85 106 86 106
86
0
131 113 138 159 159 144 128 112 147 155
87
0
62 63 66 58 42 57 63 50 68 61
88
0
47 77 60 76 53 41 55 44 63 67
89
0
7 13 11 11 12 21 13 9 25 11
90
0
35 42 46 35 34 63 33 32 29 32
91
0
30 31 31 28 23 17 27 27 14 25
92
0
25 18 16 26 15 12 21 21 21 16
93
0
27 30 31 39 24 35 26 31 27 32
94
0
3 4 2 2 1 2 2 3 1 3
95
0
3 6 5 5 4 5 4 4 2 7
96
0
95 96 79 118 130 98 108 104 102 122
97
0
54 48 37 64 31 42 35 35 49 45
98
0
114 132 115 137 165 111 105 127 144 154
99
0
43 38 36 27 39 47 34 45 31 47
100
0
89 61 56 71 65 52 71 62 76 48
101
0
118 95 87 83 97 70 88 88 73 77
102
0
11 10 13 6 7 7 10 12 6 9
103
0
73 53 91 82 75 89 77 71 67 86
104
0
93 59 74 78 99 59 84 85 69 81
105
0
3 7 6 5 2 4 4 4 7 7
106
0
102 80 78 71 73 91 71 95 115 80
107
0
7 10 6 8 4 9 8 5 9 4
108
0
60 58 87 59 51 68 52 78 64 69
109
0
34 52 26 34 48 25 28 34 51 46
110
0
39 43 21 32 39 40 34 32 41 57
111
0
54 51 50 35 51 59 31 45 45 63
112
0
10 12 14 16 23 7 14 16 7 14
113
0
14 9 8 13 10 8 6 10 7 11
114
0
21 23 27 32 32 20 13 22 23 26
115
0
26 48 54 46 39 63 49 52 57 57
116
0
10 7 5 6 10 8 4 7 3 9
117
0
21 47 26 23 27 37 38 16 29 28
118
0
88 113 83 72 62 83 96 99 98 70
119
0
99 92 74 74 101 99 141 79 108 86
120
0
20 17 21 19 10 25 15 12 12 14
121
0
16 17 20 18 23 6 14 14 18 15
122
0
274 211 297 250 216 273 241 209 278 242
123
0
98 73 93 99 93 57 88 75 114 100
124
0
5 11 5 4 8 7 5 6 8 4
125
0
9 8 5 10 7 7 5 4 4 9
126
0
48 34 43 48 37 71 49 26 35 48
127
0
56 58 65 62 41 54 51 73 33 54
128
0
129 111 126 154 96 95 125 77 84 109
129
0
89 95 144 99 132 160 104 121 114 92
130
0
14 15 22 27 26 24 25 27 20 22
131
0
192 151 191 157 178 146 186 194 216 164
132
0
94 96 101 118 124 116 113 98 143 113
133
0
4 3 6 2 5 3 3 4 3 5
134
0
9 5 17 4 8 8 6 11 7 11
135
0
115 104 111 121 102 106 107 128 127 129
136
0
60 41 41 53 47 29 49 35 63 53
137
0
25 23 11 14 23 16 13 28 19 18
138
0
1 1 1 1 1 1 1 1 1 1
139
0
13 28 10 14 10 20 35 10 19 17
140
0
70 91 62 88 66 82 87 57 61 58
141
0
20 37 37 43 29 31 34 32 16 30
142
0
77 65 97 96 105 100 80 65 87 89
143
0
52 65 48 53 67 47 79 69 78 72
144
0
60 76 87 90 80 53 72 86 73 77
145
0
52 64 64 55 55 59 55 59 51 44
146
0
74 51 58 74 69 52 52 61 61 51
147
0
5 6 3 5 3 3 6 3 5 3
148
0
4 4 7 2 2 3 3 9 6 4
149
0
23 25 22 11 16 27 23 27 14 12
150
0
10 12 7 7 11 15 17 10 8 11
151
0
14 10 14 11 11 10 14 19 14 12
152
0
50 49 64 64 46 41 32 41 60 43
153
0
129 121 134 154 110 181 126 153 84 134
154
0
105 96 111 110 133 124 91 107 112 118
155
0
10 10 11 19 13 16 19 29 16 15
156
0
41 50 60 37 33 38 35 44 69 54
157
0
31 29 25 23 17 23 31 31 33 22
158
0
72 95 83 76 112 69 96 64 101 62
159
0
47 45 51 33 44 48 47 40 39 71
160
0
16 9 5 11 3 12 8 10 7 8
161
0
35 34 38 54 38 37 41 41 28 37
162
0
31 13 21 29 13 16 28 22 21 22
163
0
25 38 25 30 33 44 27 23 56 35
164
0
12 16 10 6 14 15 5 11 8 11
165
0
2 4 3 3 2 4 6 3 2 4
166
0
8 11 10 15 9 18 9 19 16 8
167
0
59 55 50 56 51 56 64 56 64 57
168
0
2 1 2 1 1 1 1 1 1 2
169
0
57 47 59 54 63 65 68 37 49 49
170
0
50 49 33 50 35 49 27 32 35 55
171
0
88 61 61 58 81 79 78 68 62 77
172
0
39 33 43 33 28 30 26 29 33 32
173
0
21 17 17 19 10 24 19 21 14 28
174
0
47 37 51 58 31 43 60 44 49 44
175
0
2 3 1 1 1 2 1 2 2 1
176
0
43 54 40 64 46 67 45 38 43 37
177
0
50 60 57 70 45 53 73 70 73 44
178
0
205 195 182 208 237 173 150 178 197 184
179
0
12 21 12 12 17 12 18 18 9 14
180
0
22 16 13 11 11 19 14 17 18 12
181
0
12 13 9 10 17 8 14 13 11 9
182
0
20 25 22 16 15 24 15 13 14 12
183
0
83 79 81 86 72 66 92 82 71 88
184
0
7 17 10 10 12 15 14 19 21 10
185
0
59 30 34 28 39 31 34 29 39 35
186
0
89 47 62 47 39 65 58 54 32 55
187
0
4 4 5 2 7 2 5 6 7 3
188
0
92 58 60 65 68 71 147 104 63 89
189
0
68 87 91 71 55 89 85 57 59 89
190
0
59 66 70 69 74 77 64 78 70 61
191
0
186 147 138 109 155 151 126 138 173 146
192
0
21 18 8 20 12 11 28 17 29 17
193
0
7 4 5 4 6 5 8 8 4 4
194
0
142 82 123 132 82 91 121 118 104 92
195
0
16 15 20 19 18 16 15 17 12 20
196
0
102 71 74 75 54 66 96 64 92 91
197
0
24 18 20 21 17 35 27 18 18 18
198
0
120 67 91 122 74 95 106 98 87 92
199
0
67 72 48 80 40 46 42 62 60 66
