200
5
268315
0
0
54 24 11 5 90
1
0
33 70 42 122 70
2
0
12 45 54 3 28
3
0
1 41 1 1 1
4
0
8 67 16 158 6
5
0
48 38 4 35 58
6
0
53 13 12 3 68
7
0
180 141 43 94 58
8
0
36 111 28 2 180
9
0
127 116 59 20 0
10
0
115 30 9 85 61
11
0
144 297 170 11 71
12
0
2 13 130 87 5
13
0
64 53 48 37 68
14
0
4 91 9 79 154
15
0
50 5 69 16 18
16
0
14 58 44 98 19
17
0
166 127 18 90 55
18
0
1 181 70 126 8
19
0
3 56 12 57 14
20
0
18 26 11 5 98
21
0
124 32 34 3 30
22
0
9 11 10 10 18
23
0
37 53 206 14 6
24
0
201 40 116 86 24
25
0
42 27 1 89 61
26
0
39 88 120 69 50
27
0
22 16 16 2 125
28
0
35 140 32 46 1
29
0
39 2 104 0 22
30
0
166 15 129 23 10
31
0
51 60 74 0 31
32
0
9 123 51 62 1
33
0
79 134 155 5 7
34
0
59 71 15 46 40
35
0
27 11 12 8 13
36
0
17 39 33 38 97
37
0
114 9 45 31 29
38
0
2 60 6 41 51
39
0
28 224 14 59 104
40
0
175 38 50 108 38
41
0
22 308 10 50 2
42
0
44 60 101 20 23
43
0
8 40 54 304 33
44
0
28 193 9 66 111
45
0
11 82 24 16 11
46
0
11 26 0 24 102
47
0
2 7 233 23 14
48
0
123 64 13 52 18
49
0
12 46 81 8 7
50
0
55 13 42 145 23
51
0
10 19 26 3 39
52
0
86 114 32 35 129
53
0
60 26 27 120 15
54
0
12 27 18 2 11
55
0
118 25 142 89 23
56
0
13 39 64 27 15
57
0
45 32 16 9 15
58
0
75 46 17 100 7
59
0
25 20 0 4 31
60
0
82 27 22 29 1
61
0
66 55 5 63 22
62
0
69 6 88 74 30
63
0
20 65 27 10 49
64
0
21 77 174 68 77
65
0
23 20 105 20 16
66
0
2 4 92 0 41
67
0
16 97 20 7 152
68
0
75 27 112 37 84
69
0
49 8 175 56 101
70
0
11 9 108 18 31
71
0
120 94 2 72 30
72
0
50 65 6 1 51
73
0
44 10 191 39 15
74
0
83 17 195 25 17
75
0
2 158 15 85 26
76
0
24 55 3 5 2
77
0
32 96 20 51 3
78
0
57 72 6 109 13
79
0
17 5 73 50 16
80
0
28 49 27 134 16
81
0
26 22 35 7 202
82
0
44 105 73 10 105
83
0
25 28 6 9 29
84
0
1 32 36 101 72
85
0
14 13 108 49 18
86
0
47 29 6 34 9
87
0
36 35 18 21 80
88
0
85 13 70 13 3
89
0
12 39 4 76 48
90
0
17 15 1 34 48
91
0
23 38 81 30 19
92
0
49 49 15 17 118
93
0
22 11 41 66 95
94
0
35 145 11 1 215
95
0
36 1 15 6 8
96
0
67 42 50 95 15
97
0
79 21 65 35 123
98
0
42 3 55 140 3
99
0
22 61 2 7 77
100
0
37 28 48 20 6
101
0
52 11 51 68 51
102
0
11 27 20 8 11
103
0
28 58 49 28 55
104
0
3 17 10 5 41
105
0
45 9 94 52 20
106
0
46 4 87 71 35
107
0
79 2 36 30 11
108
0
10 8 27 82 4
109
0
1 59 62 14 5
110
0
30 15 98 37 6
111
0
22 32 35 6 44
112
0
38 134 10 142 118
113
0
21 81 79 2 31
114
0
45 8 68 120 45
115
0
25 34 50 37 54
116
0
48 26 23 116 57
117
0
13 56 68 128 11
118
0
87 27 57 5 78
119
0
2 10 21 5 62
120
0
110 58 2 38 31
121
0
11 35 49 2 51
122
0
4 50 97 115 17
123
0
54 52 130 50 91
124
0
9 62 13 4 3
125
0
35 22 286 210 108
126
0
92 39 102 21 22
127
0
15 48 55 28 25
128
0
25 80 163 16 6
129
0
88 7 152 9 21
130
0
22 108 8 166 63
131
0
15 38 19 5 28
132
0
52 67 88 70 148
133
0
43 10 5 19 52
134
0
41 10 3 9 22
135
0
141 0 66 181 19
136
0
40 6 27 196 58
137
0
6 34 69 154 20
138
0
72 37 18 7 44
139
0
18 151 12 7 22
140
0
141 19 76 8 76
141
0
39 105 6 6 5
142
0
5 66 11 0 9
143
0
102 92 39 78 52
144
0
2 24 11 47 12
145
0
100 3 63 117 26
146
0
45 12 253 10 47
147
0
5 52 89 21 41
148
0
3 46 1 101 107
149
0
21 10 5 143 28
150
0
9 11 2 6 12
151
0
81 19 2 29 33
152
0
255 20 50 36 80
153
0
27 6 13 175 196
154
0
12 7 19 15 49
155
0
70 6 121 111 62
156
0
44 22 110 96 9
157
0
55 39 14 117 62
158
0
79 23 47 266 13
159
0
122 11 20 60 11
160
0
124 181 66 10 95
161
0
27 22 106 34 72
162
0
63 9 60 28 152
163
0
25 24 4 53 42
164
0
97 72 96 20 143
165
0
37 38 68 87 210
166
0
19 27 42 18 57
167
0
61 50 3 22 45
168
0
83 58 149 11 41
169
0
7 68 5 5 168
170
0
123 26 148 45 139
171
0
347 81 19 47 15
172
0
48 3 5 73 81
173
0
52 37 14 25 18
174
0
4 44 86 201 20
175
0
7 105 49 27 38
176
0
14 47 1 57 1
177
0
13 48 57 16 38
178
0
206 13 2 39 47
179
0
21 12 32 134 50
180
0
67 27 90 9 13
181
0
96 2 145 14 12
182
0
67 11 17 164 45
183
0
2 43 19 31 10
184
0
204 19 43 22 9
185
0
10 97 40 95 72
186
0
129 27 61 111 52
187
0
3 13 120 135 6
188
0
197 3 196 9 19
189
0
14 15 184 103 59
190
0
5 33 46 41 52
191
0
18 99 115 95 124
192
0
22 97 51 1 5
193
0
21 1 2 17 165
194
0
17 294 76 46 89
195
0
4 8 13 4 100
196
0
134 13 5 84 37
197
0
17 27 2 116 48
198
0
61 195 51 92 42
199
0
17 25 34 15 44
