20
20
816072
0
0
85 172 72 94 12 95 115 9 50 4 77 77 125 173 179 47 175 39 17 19
1
0
69 182 60 130 14 83 100 10 79 20 76 81 103 172 145 38 142 58 15 22
2
0
73 169 33 118 11 116 76 13 46 7 100 75 109 186 169 39 152 34 24 19
3
0
43 154 57 101 19 96 74 8 47 12 78 50 129 182 154 24 128 15 20 13
4
0
81 157 71 110 10 105 90 11 72 7 85 62 128 196 147 32 146 38 21 24
5
0
61 173 49 120 13 92 89 9 52 13 86 73 113 228 136 40 143 41 20 18
6
0
75 161 40 121 17 81 71 13 62 9 73 49 139 245 131 47 174 37 19 16
7
0
55 219 49 107 22 94 68 14 66 19 92 39 101 208 114 44 131 38 21 16
8
0
62 142 36 134 16 114 87 12 51 20 103 82 136 172 109 43 142 21 28 33
9
0
51 152 37 119 20 95 81 18 60 12 105 70 103 156 118 44 142 29 15 23
10
0
62 215 66 110 9 139 81 11 71 5 97 66 94 191 121 31 147 38 14 22
11
0
63 145 47 108 16 92 94 8 55 8 127 58 94 201 105 34 160 46 21 20
12
0
54 160 55 95 24 94 77 9 56 8 86 72 137 246 123 41 139 36 17 21
13
0
44 172 52 112 13 62 79 8 56 12 80 38 98 167 157 31 144 44 14 17
14
0
78 112 57 105 11 57 122 8 71 14 104 68 88 186 93 33 138 43 25 26
15
0
44 155 56 137 17 114 102 8 77 13 68 55 118 217 154 36 162 31 14 28
16
0
48 167 58 79 15 106 101 15 61 12 69 60 148 161 150 39 162 36 16 28
17
0
74 195 61 92 17 84 70 12 44 10 80 60 126 194 123 40 150 46 14 23
18
0
73 156 52 107 23 98 63 8 79 5 104 65 126 162 128 43 124 40 12 16
19
0
57 190 63 124 19 102 96 19 82 7 87 42 102 178 154 35 120 29 25 21
