50
10
889043
0
0
11 83 35 79 50 77 24 132 64 77
1
0
8 12 117 98 11 111 23 95 34 52
2
0
86 49 10 51 29 21 16 12 18 51
3
0
45 10 12 8 10 11 51 13 82 38
4
0
82 26 39 36 15 16 40 45 6 5
5
0
25 3 78 183 92 9 55 3 9 26
6
0
37 9 16 70 25 37 67 41 74 12
7
0
3 21 82 25 34 267 49 62 118 25
8
0
106 18 35 10 48 78 39 84 92 112
9
0
69 8 63 45 62 98 66 163 5 22
10
0
87 74 142 51 2 149 138 96 27 27
11
0
29 51 36 51 25 11 29 5 6 33
12
0
25 5 9 46 16 41 1 78 26 50
13
0
34 19 42 39 56 82 137 15 45 63
14
0
68 118 68 22 0 61 126 49 63 11
15
0
55 11 23 258 57 3 20 26 30 79
16
0
31 50 169 5 42 10 71 3 33 76
17
0
2 37 12 81 30 35 35 39 1 102
18
0
16 7 5 21 34 16 147 89 68 80
19
0
21 51 0 1 19 15 80 94 10 26
20
0
8 20 16 33 147 87 61 68 59 4
21
0
37 3 2 3 47 27 33 64 5 65
22
0
18 16 52 24 52 1 48 16 125 49
23
0
54 12 1 3 124 20 73 28 13 35
24
0
19 45 30 3 132 75 67 42 158 58
25
0
87 15 122 82 75 18 38 33 31 49
26
0
24 13 73 83 7 62 43 29 101 2
27
0
23 63 12 39 191 1 17 1 21 93
28
0
158 25 16 31 41 25 24 3 87 26
29
0
38 34 9 21 0 35 92 57 28 190
30
0
114 39 69 5 168 70 37 100 117 11
31
0
58 192 12 6 25 2 39 43 120 109
32
0
55 29 25 4 71 44 34 120 95 121
33
0
8 30 11 140 19 117 38 101 2 69
34
0
37 65 9 39 55 70 25 32 99 128
35
0
96 19 34 27 18 15 75 77 70 30
36
0
13 7 0 8 61 28 30 156 113 129
37
0
63 21 50 26 37 18 37 7 68 12
38
0
11 6 15 68 88 25 12 26 109 11
39
0
6 16 10 20 7 38 31 35 49 52
40
0
16 25 67 1 12 6 7 26 1 101
41
0
67 80 15 73 60 82 168 60 237 31
42
0
22 7 54 75 60 0 50 20 104 1
43
0
148 41 63 3 131 31 14 12 90 116
44
0
16 31 33 264 5 87 100 73 140 16
45
0
7 8 3 93 18 30 15 148 61 185
46
0
12 46 86 42 3 11 35 21 143 19
47
0
25 17 6 21 71 5 19 39 22 65
48
0
120 37 136 98 16 74 26 66 50 40
49
0
32 68 149 15 2 49 21 164 4 15
