100
10
69077
0
0
57 67 24 147 14 117 33 46 6 82
1
0
24 61 49 6 25 53 44 8 28 18
2
0
14 67 46 15 73 96 17 117 42 16
3
0
79 4 20 51 102 15 46 7 7 2
4
0
28 24 38 4 8 4 124 84 66 16
5
0
9 64 108 38 1 10 14 6 104 27
6
0
53 20 42 74 37 10 50 37 60 84
7
0
28 15 110 31 11 4 9 25 23 46
8
0
25 9 43 288 174 11 295 9 15 41
9
0
53 13 13 0 34 70 89 68 36 58
10
0
3 79 38 238 35 0 48 13 150 30
11
0
76 236 81 16 45 46 20 2 109 91
12
0
99 30 46 107 32 13 8 16 8 0
13
0
29 65 7 10 1 15 16 40 3 29
14
0
78 20 44 82 8 46 1 8 41 4
15
0
2 50 136 35 126 108 109 27 43 42
16
0
0 26 5 53 49 69 141 123 49 25
17
0
76 21 27 15 40 21 56 17 17 37
18
0
47 35 69 124 16 93 40 13 67 6
19
0
1 165 14 41 73 66 152 24 109 10
20
0
21 208 199 37 114 1 5 55 20 81
21
0
22 25 24 129 5 12 28 19 94 15
22
0
94 46 116 148 69 28 120 86 13 19
23
0
6 98 15 67 180 16 104 2 8 12
24
0
25 26 24 23 16 17 2 36 146 20
25
0
29 240 41 15 113 82 28 68 2 2
26
0
73 63 70 130 27 39 209 29 7 18
27
0
3 47 21 32 48 43 37 6 1 56
28
0
3 9 2 123 27 76 115 84 103 55
29
0
1 40 4 47 13 109 0 16 0 18
30
0
41 5 14 14 12 50 19 20 20 8
31
0
19 26 266 110 21 34 1 104 69 30
32
0
54 16 63 35 15 32 15 17 36 3
33
0
85 9 4 43 15 2 59 44 25 71
34
0
7 14 64 10 38 23 86 45 49 42
35
0
36 76 9 26 73 21 22 9 84 21
36
0
54 13 18 9 25 26 79 39 42 20
37
0
93 47 139 9 65 89 55 1 93 7
38
0
58 20 2 33 78 103 11 1 27 159
39
0
7 13 28 24 8 6 33 10 55 22
40
0
58 19 41 37 3 13 15 11 14 10
41
0
173 21 49 7 114 28 61 1 31 37
42
0
28 21 88 83 17 79 110 72 11 34
43
0
61 0 35 2 130 94 69 16 16 27
44
0
26 20 51 77 135 99 15 19 24 13
45
0
3 35 70 145 51 2 107 57 70 6
46
0
1 22 65 41 112 33 103 78 178 28
47
0
82 4 35 39 28 97 55 19 102 22
48
0
39 101 160 20 73 58 101 111 17 5
49
0
43 8 6 40 18 16 131 131 15 11
50
0
41 130 64 1 14 84 4 49 141 13
51
0
61 19 49 152 17 46 16 103 52 150
52
0
1 26 54 97 81 82 25 77 26 23
53
0
128 6 25 85 69 17 10 3 12 9
54
0
29 53 63 18 129 57 2 5 33 23
55
0
19 51 33 0 8 20 28 185 28 2
56
0
8 98 12 37 23 64 6 57 128 11
57
0
18 42 39 11 4 18 16 3 39 63
58
0
13 20 13 60 13 3 14 47 15 22
59
0
3 19 30 13 28 79 82 49 9 46
60
0
106 130 96 21 13 155 6 87 16 12
61
0
15 22 24 35 39 97 115 17 4 4
62
0
190 127 13 51 1 23 84 34 25 6
63
0
192 24 43 19 24 81 19 33 5 79
64
0
118 81 99 50 15 17 80 47 82 103
65
0
56 5 24 90 13 22 49 16 4 36
66
0
18 1 12 41 10 27 81 88 219 32
67
0
4 89 32 5 80 1 18 33 31 52
68
0
22 1 86 2 34 96 17 74 1 79
69
0
35 68 23 129 47 33 14 11 42 149
70
0
80 21 21 58 68 1 187 4 15 14
71
0
54 45 55 138 5 84 233 50 4 22
72
0
7 19 8 16 150 3 14 54 36 26
73
0
75 93 30 26 60 340 37 27 17 213
74
0
20 261 65 23 13 9 38 122 97 4
75
0
1 4 63 38 2 80 41 104 11 67
76
0
2 55 24 1 96 65 21 37 11 20
77
0
96 25 37 43 12 6 83 20 25 21
78
0
85 122 39 35 30 10 194 97 19 101
79
0
105 33 71 43 59 2 10 20 36 30
80
0
49 24 30 21 106 64 17 53 2 157
81
0
10 18 7 81 193 88 106 40 42 91
82
0
1 0 9 47 62 65 3 115 61 126
83
0
5 28 0 51 9 70 29 120 34 101
84
0
2 37 12 20 92 17 38 124 325 108
85
0
2 81 5 42 77 6 15 121 7 22
86
0
5 106 6 30 12 46 48 52 149 54
87
0
22 86 14 35 117 14 27 14 44 185
88
0
27 63 50 17 9 11 66 40 81 37
89
0
64 129 45 139 76 20 48 76 59 17
90
0
84 18 25 5 43 5 173 67 71 74
91
0
38 3 29 103 81 6 27 1 7 34
92
0
34 12 37 3 16 63 11 8 66 40
93
0
20 43 86 53 1 132 3 9 20 54
94
0
65 1 75 33 86 6 30 46 44 33
95
0
15 12 28 6 5 66 31 218 70 68
96
0
7 98 72 17 16 1 84 20 37 37
97
0
11 120 55 72 131 87 120 122 77 13
98
0
29 2 11 9 3 3 5 31 53 60
99
0
33 45 7 34 32 41 12 20 1 83
