200
5
10185
0
0
34 57 54 43 41
1
0
102 90 129 105 83
2
0
11 10 10 7 6
3
0
41 24 20 21 21
4
0
6 4 4 3 5
5
0
249 312 270 263 257
6
0
41 35 39 28 34
7
0
96 103 100 93 88
8
0
3 6 3 4 2
9
0
2 3 1 2 1
10
0
1 2 1 2 2
11
0
26 27 12 24 20
12
0
104 102 99 70 101
13
0
5 5 9 8 5
14
0
36 31 38 29 40
15
0
34 34 53 39 40
16
0
37 54 35 37 40
17
0
4 3 2 4 2
18
0
195 176 170 235 180
19
0
25 21 30 27 18
20
0
49 57 42 53 40
21
0
51 43 52 37 34
22
0
97 84 116 104 95
23
0
17 15 20 20 16
24
0
99 110 109 122 122
25
0
26 36 22 27 23
26
0
87 65 72 95 65
27
0
46 62 46 49 30
28
0
49 34 30 37 44
29
0
28 44 35 36 44
30
0
17 20 12 20 15
31
0
18 15 21 17 24
32
0
60 61 44 71 45
33
0
85 99 92 118 98
34
0
35 35 37 68 53
35
0
103 63 81 71 61
36
0
29 29 27 40 17
37
0
87 105 147 102 101
38
0
26 32 41 39 24
39
0
8 20 13 9 17
40
0
12 4 6 2 6
41
0
8 11 9 7 9
42
0
6 9 15 13 9
43
0
72 76 74 53 93
44
0
123 94 92 115 107
45
0
8 13 13 32 7
46
0
15 20 15 18 15
47
0
101 108 126 113 139
48
0
71 84 64 57 73
49
0
14 14 15 9 17
50
0
31 17 19 21 22
51
0
7 10 10 13 9
52
0
18 21 18 33 16
53
0
19 12 13 8 8
54
0
29 26 22 13 33
55
0
48 23 33 30 43
56
0
56 41 40 38 34
57
0
103 121 113 136 155
58
0
182 188 172 206 187
59
0
10 14 11 20 10
60
0
129 145 155 129 169
61
0
35 34 43 39 46
62
0
70 62 37 55 44
63
0
16 22 13 26 25
64
0
38 31 24 33 28
65
0
36 20 22 35 18
66
0
111 123 115 132 120
67
0
48 67 38 62 46
68
0
64 72 62 109 83
69
0
42 36 28 38 36
70
0
11 8 21 8 9
71
0
36 37 50 42 25
72
0
23 21 42 11 22
73
0
94 58 65 49 68
74
0
38 43 45 24 34
75
0
20 38 30 19 23
76
0
20 29 41 27 34
77
0
87 81 85 109 90
78
0
5 4 6 3 3
79
0
7 13 15 14 11
80
0
35 26 36 39 40
81
0
21 14 12 18 22
82
0
37 37 22 36 35
83
0
26 19 20 25 29
84
0
8 8 9 10 9
85
0
18 25 42 17 29
86
0
119 118 123 126 152
87
0
126 117 135 120 100
88
0
13 18 25 20 13
89
0
11 7 13 11 7
90
0
85 87 63 97 81
91
0
1 3 2 2 3
92
0
14 8 18 13 13
93
0
20 17 19 17 17
94
0
74 81 77 98 108
95
0
53 40 62 54 56
96
0
18 9 11 5 5
97
0
86 75 60 73 77
98
0
82 80 47 51 60
99
0
75 98 79 108 76
100
0
164 106 136 152 129
101
0
96 78 82 89 94
102
0
54 90 78 106 91
103
0
124 108 158 126 152
104
0
160 116 161 124 140
105
0
152 160 243 202 160
106
0
90 77 89 88 57
107
0
241 248 285 237 217
108
0
18 18 13 17 20
109
0
40 24 28 45 35
110
0
108 136 107 105 97
111
0
54 40 34 31 29
112
0
30 37 19 14 38
113
0
38 21 23 24 19
114
0
21 15 23 15 30
115
0
51 39 45 37 48
116
0
92 114 117 135 125
117
0
9 7 14 6 6
118
0
10 15 16 26 14
119
0
17 25 23 8 13
120
0
11 13 18 19 14
121
0
95 105 128 149 142
122
0
49 52 35 36 40
123
0
78 55 59 118 99
124
0
7 5 4 5 6
125
0
5 2 4 4 2
126
0
38 37 25 28 25
127
0
16 16 25 12 20
128
0
19 14 9 20 22
129
0
7 5 8 9 8
130
0
42 39 47 50 44
131
0
141 179 217 182 141
132
0
26 49 42 47 27
133
0
73 119 113 89 120
134
0
49 62 58 31 46
135
0
7 10 7 11 12
136
0
3 8 4 3 2
137
0
64 49 59 116 46
138
0
96 142 102 114 111
139
0
11 16 14 12 10
140
0
18 32 28 29 13
141
0
99 82 123 56 92
142
0
80 93 96 66 89
143
0
3 3 2 2 3
144
0
22 26 17 29 32
145
0
81 72 84 92 73
146
0
6 10 6 7 8
147
0
60 101 76 78 85
148
0
40 34 49 39 44
149
0
9 6 3 13 6
150
0
40 51 38 45 42
151
0
17 32 20 11 19
152
0
25 19 23 15 16
153
0
45 28 45 41 43
154
0
85 81 75 79 59
155
0
5 3 2 3 3
156
0
27 15 25 13 14
157
0
6 7 6 11 10
158
0
3 2 4 1 2
159
0
9 4 4 8 3
160
0
16 28 14 18 24
161
0
1 1 1 1 1
162
0
130 181 158 168 159
163
0
7 6 6 6 7
164
0
22 18 16 25 17
165
0
17 8 14 12 9
166
0
150 144 143 205 170
167
0
79 72 47 58 88
168
0
10 5 3 4 8
169
0
38 44 50 40 47
170
0
6 8 8 12 16
171
0
129 97 107 94 88
172
0
19 41 23 29 25
173
0
1 1 1 1 1
174
0
224 153 105 151 123
175
0
10 20 17 8 27
176
0
10 16 21 28 14
177
0
142 144 186 136 148
178
0
47 53 56 41 50
179
0
4 7 5 10 4
180
0
34 36 63 34 39
181
0
10 7 6 9 7
182
0
53 67 63 87 67
183
0
25 24 22 21 29
184
0
75 100 79 90 101
185
0
18 19 13 19 9
186
0
4 5 4 5 3
187
0
5 5 6 5 14
188
0
10 7 12 18 6
189
0
20 13 17 17 16
190
0
7 4 7 7 6
191
0
11 9 11 10 13
192
0
82 53 68 67 61
193
0
13 11 10 20 11
194
0
7 8 13 17 6
195
0
11 5 7 9 8
196
0
122 167 147 99 96
197
0
51 58 66 77 55
198
0
90 86 104 91 90
199
0
91 81 90 59 69
