30
20
845001
0
0
4 118 35 17 54 18 28 148 21 112 77 62 66 50 35 103 88 48 136 163
1
0
66 32 71 56 116 99 103 42 54 112 27 3 2 68 13 12 15 20 107 7
2
0
52 5 23 12 79 27 2 7 8 23 3 5 12 2 11 23 5 22 16 22
3
0
14 17 12 158 61 73 77 11 57 144 157 51 0 17 53 108 107 23 28 14
4
0
3 44 3 43 66 67 48 113 42 22 27 23 18 80 35 138 5 37 9 15
5
0
7 2 16 63 102 146 44 3 44 39 108 40 7 26 12 10 4 11 73 11
6
0
40 145 38 16 16 26 52 78 26 11 9 19 63 47 68 17 3 59 163 22
7
0
44 16 57 48 37 11 16 58 49 42 177 178 30 2 14 98 69 0 35 45
8
0
37 9 72 41 1 2 37 60 220 113 15 47 226 27 4 7 83 34 15 12
9
0
28 1 106 8 29 76 59 115 22 95 77 12 32 83 11 6 14 25 23 75
10
0
80 25 29 84 137 18 1 156 40 110 11 1 17 64 20 62 70 4 66 52
11
0
28 211 32 51 2 72 60 10 24 16 36 19 143 66 25 8 18 32 40 35
12
0
20 65 33 4 1 92 1 32 9 49 45 12 42 4 31 36 16 21 37 42
13
0
24 11 3 20 57 18 61 90 8 19 52 82 33 16 67 54 96 168 30 13
14
0
230 44 15 17 114 18 31 240 90 4 29 14 75 86 43 52 51 29 3 103
15
0
69 79 12 3 11 76 11 17 110 16 40 245 39 15 19 118 8 48 46 59
16
0
7 61 35 6 40 20 5 0 38 11 100 27 160 56 21 123 105 128 42 52
17
0
49 89 9 17 20 65 10 19 29 9 23 11 146 75 42 18 73 23 72 124
18
0
52 45 91 53 180 60 41 70 26 12 48 54 39 12 84 34 3 120 27 32
19
0
99 37 14 38 14 4 14 68 86 1 25 15 6 10 22 84 13 19 21 106
20
0
62 152 77 49 12 42 5 51 62 58 14 121 38 140 136 61 62 55 79 27
21
0
29 77 26 206 33 12 14 5 16 72 5 61 185 56 11 117 103 9 48 37
22
0
147 46 38 25 21 62 12 41 23 40 2 11 33 23 95 7 19 43 61 34
23
0
40 90 51 1 51 7 5 27 87 12 60 23 35 57 31 244 91 67 26 2
24
0
83 72 3 95 6 27 55 96 36 2 156 54 79 101 2 5 12 42 67 5
25
0
14 156 6 54 21 2 54 40 45 28 147 23 28 99 1 38 8 18 55 24
26
0
11 29 0 37 15 9 60 6 53 172 47 99 12 60 52 49 35 45 11 13
27
0
32 12 0 18 30 8 21 75 3 81 71 61 30 17 35 108 53 0 48 83
28
0
17 1 54 19 89 102 73 12 19 42 43 69 3 25 3 74 10 69 76 57
29
0
2 111 32 2 61 97 4 17 14 65 53 14 50 32 27 40 87 149 2 90
