20
10
767765
0
0
25 20 32 14 24 23 13 18 10 17
1
0
86 143 143 131 125 129 125 116 102 150
2
0
1 2 2 1 2 1 1 2 1 1
3
0
149 159 237 124 162 222 193 143 172 178
4
0
45 67 46 57 51 53 51 54 62 43
5
0
79 65 58 66 49 67 59 45 61 63
6
0
10 6 3 5 7 3 3 8 7 7
7
0
7 9 10 10 8 13 16 7 6 10
8
0
16 12 9 11 22 17 9 9 11 21
9
0
148 149 151 127 155 162 141 109 124 164
10
0
45 44 34 37 34 30 22 19 45 35
11
0
68 55 21 49 54 45 53 46 41 45
12
0
31 43 26 31 41 44 53 32 40 49
13
0
41 28 32 35 45 30 49 47 34 35
14
0
48 64 43 47 43 58 58 45 55 45
15
0
19 17 18 12 13 12 13 6 18 14
16
0
22 12 18 14 20 23 17 17 12 17
17
0
13 8 8 8 11 9 7 5 9 7
18
0
4 3 3 2 2 2 2 2 2 4
19
0
14 15 11 10 10 10 10 9 11 8
