20
10
196381
0
0
22 236 14 23 188 7 3 49 71 52
1
0
18 204 9 12 193 4 2 61 88 57
2
0
18 193 14 21 158 3 2 42 88 63
3
0
32 266 7 8 189 5 3 65 61 61
4
0
44 203 20 18 234 2 3 77 67 46
5
0
41 248 8 13 174 5 3 56 88 78
6
0
29 193 13 20 177 3 3 52 51 41
7
0
23 243 16 19 184 3 3 48 83 40
8
0
29 208 11 23 188 5 6 52 81 37
9
0
27 174 8 18 200 3 6 48 63 71
10
0
23 187 20 17 200 4 6 52 73 52
11
0
17 220 14 16 155 3 3 62 78 59
12
0
16 258 18 24 211 4 3 56 76 49
13
0
18 181 9 21 222 7 2 54 68 52
14
0
20 224 8 10 190 4 5 62 76 47
15
0
17 166 6 11 200 4 4 45 83 61
16
0
26 281 9 16 220 6 6 42 94 53
17
0
25 185 11 15 220 4 3 51 73 65
18
0
24 199 17 22 212 7 6 63 60 53
19
0
30 183 10 19 183 6 2 55 75 67
