100
10
591325
0
0
28 48 56 59 95 46 87 15 19 25
1
0
22 34 36 34 98 66 105 38 25 32
2
0
22 39 20 39 76 53 156 21 39 28
3
0
23 26 35 59 84 58 111 29 32 30
4
0
23 30 26 49 122 67 160 18 32 25
5
0
26 45 38 47 144 48 140 22 23 26
6
0
18 59 20 43 67 50 113 19 17 28
7
0
25 47 28 37 74 57 104 18 21 14
8
0
26 26 19 46 83 65 113 16 20 38
9
0
28 52 26 64 71 44 153 18 17 19
10
0
23 48 29 54 95 59 123 21 25 25
11
0
30 41 37 42 59 75 134 16 10 39
12
0
29 55 38 43 77 60 114 18 20 28
13
0
22 39 37 46 126 55 118 21 30 28
14
0
12 33 34 49 87 36 155 22 22 39
15
0
13 34 23 29 59 58 149 14 24 21
16
0
18 33 38 49 75 81 130 11 30 23
17
0
33 53 34 35 94 65 131 17 21 29
18
0
11 26 34 40 74 48 126 35 24 19
19
0
26 41 35 48 69 48 142 17 16 34
20
0
15 37 27 37 69 69 109 16 19 37
21
0
21 57 38 44 95 57 151 25 26 20
22
0
16 28 41 35 66 59 128 24 23 19
23
0
28 43 32 43 98 54 130 28 9 33
24
0
30 42 28 38 76 64 94 25 30 12
25
0
20 45 26 49 73 41 133 11 32 24
26
0
33 33 21 41 60 62 145 14 25 23
27
0
21 64 30 27 63 33 125 23 25 37
28
0
22 34 45 43 90 70 93 28 27 36
29
0
19 61 31 37 94 57 97 25 19 19
30
0
25 30 39 65 125 64 117 21 19 36
31
0
22 48 39 28 96 54 144 30 19 15
32
0
21 40 47 33 77 62 110 35 24 31
33
0
22 35 25 46 73 60 116 17 16 26
34
0
18 38 19 63 77 35 134 15 17 24
35
0
24 45 28 66 77 60 129 19 26 26
36
0
20 46 21 46 78 49 113 21 18 29
37
0
36 68 36 66 71 38 118 18 20 11
38
0
33 35 21 30 105 66 135 20 16 19
39
0
27 41 23 43 58 64 127 37 18 19
40
0
29 54 29 45 86 61 119 17 11 24
41
0
32 47 28 55 78 44 120 19 25 16
42
0
36 44 27 34 63 66 98 21 17 32
43
0
32 30 34 52 90 46 118 25 27 24
44
0
27 41 33 37 59 52 139 23 37 23
45
0
20 39 29 44 107 40 129 28 33 36
46
0
21 42 31 47 105 55 107 28 25 23
47
0
12 53 38 60 52 44 129 23 22 21
48
0
21 37 48 38 92 58 118 36 18 18
49
0
20 50 29 35 76 47 91 31 20 38
50
0
28 55 14 32 81 53 169 22 21 24
51
0
15 39 39 40 77 57 118 21 33 22
52
0
22 47 41 44 75 55 145 24 21 30
53
0
29 42 49 56 75 46 117 16 19 30
54
0
16 59 42 43 81 52 143 18 30 31
55
0
31 25 29 41 95 36 102 26 29 36
56
0
9 48 40 48 103 40 127 20 24 21
57
0
24 55 31 36 79 64 159 31 14 18
58
0
16 39 40 49 86 53 112 15 23 23
59
0
47 42 27 50 93 70 122 26 24 15
60
0
20 36 49 43 82 54 146 14 18 27
61
0
22 40 37 47 105 68 135 21 30 24
62
0
22 51 32 44 92 57 152 20 17 33
63
0
13 50 20 54 70 72 85 25 25 23
64
0
29 41 39 35 96 48 125 20 24 27
65
0
24 53 38 32 72 67 140 19 16 26
66
0
20 36 32 31 85 54 102 19 15 22
67
0
24 48 35 50 64 52 165 14 29 24
68
0
35 57 22 59 82 65 174 37 33 45
69
0
20 57 43 40 70 81 151 17 20 19
70
0
31 58 23 37 58 66 138 18 28 20
71
0
27 40 37 36 104 51 151 19 16 16
72
0
12 31 25 36 101 65 121 20 14 25
73
0
16 32 25 46 86 53 125 22 28 32
74
0
21 45 28 56 89 52 120 19 28 20
75
0
29 37 33 69 89 61 139 19 32 21
76
0
19 41 23 54 72 46 140 30 37 17
77
0
32 46 36 41 90 41 137 26 34 30
78
0
16 45 30 28 129 64 110 25 14 31
79
0
34 49 26 44 89 46 109 17 25 27
80
0
20 41 27 55 95 64 144 24 19 30
81
0
17 40 25 40 79 79 143 14 31 26
82
0
24 45 34 36 76 51 120 9 18 18
83
0
16 46 33 45 87 42 157 17 28 39
84
0
25 53 47 47 74 49 117 18 16 30
85
0
20 50 40 45 68 52 131 26 35 23
86
0
28 32 22 65 87 46 107 27 24 25
87
0
24 36 52 27 76 67 129 26 32 22
88
0
19 28 37 32 82 45 86 23 27 14
89
0
24 38 37 52 70 41 122 28 30 28
90
0
17 38 35 47 91 51 120 15 21 47
91
0
22 39 24 38 79 53 134 20 35 30
92
0
28 41 38 50 98 46 109 15 22 34
93
0
40 37 21 68 78 65 117 18 23 21
94
0
16 47 22 40 94 71 95 20 24 28
95
0
18 65 20 69 77 65 117 35 30 43
96
0
16 25 38 56 88 45 117 13 29 31
97
0
21 43 30 33 79 65 145 25 31 33
98
0
29 38 34 44 64 47 112 19 35 22
99
0
33 34 34 46 80 54 147 18 23 28
