20
20
736833
0
0
0 50 33 8 15 85 7 9 153 144 7 40 3 52 57 1 92 5 136 38
1
0
4 60 20 38 41 63 125 66 26 47 12 33 41 32 41 24 108 28 21 81
2
0
66 42 77 32 35 46 141 25 42 98 33 3 37 37 14 60 11 14 65 31
3
0
39 72 13 22 39 208 120 84 11 169 16 20 52 24 13 53 14 15 30 68
4
0
102 95 0 63 10 91 23 67 112 38 8 14 4 133 20 77 6 39 45 74
5
0
38 46 35 20 42 70 149 8 42 17 9 5 45 8 8 25 41 74 38 5
6
0
10 72 48 62 30 0 78 48 133 55 20 20 10 35 139 4 16 8 20 138
7
0
1 86 0 45 31 56 32 53 8 2 79 4 12 1 42 23 32 93 27 2
8
0
1 55 21 55 25 70 67 45 58 112 63 152 56 15 155 39 8 58 52 45
9
0
40 89 11 28 25 51 91 24 142 158 26 25 4 48 1 39 4 93 23 35
10
0
98 7 49 35 18 0 64 87 39 4 17 26 14 22 21 52 6 4 6 24
11
0
30 20 58 32 144 23 67 136 25 8 57 35 20 74 37 7 12 56 58 14
12
0
7 3 5 11 91 58 52 90 75 90 138 213 96 31 13 194 0 7 21 19
13
0
68 16 19 149 48 21 32 17 77 20 66 11 4 16 28 13 33 37 63 39
14
0
32 13 14 64 122 27 38 49 24 5 54 111 8 27 160 28 57 40 25 13
15
0
7 10 26 103 123 9 93 84 18 31 22 28 61 62 11 6 45 31 84 134
16
0
51 45 70 120 4 18 29 114 222 45 5 8 77 10 155 104 9 53 11 44
17
0
98 15 9 21 8 20 43 36 41 70 53 82 77 49 22 161 101 100 46 66
18
0
3 25 2 27 73 25 56 23 45 63 15 59 20 6 12 3 13 37 62 34
19
0
22 41 30 12 6 15 10 40 83 11 68 201 17 28 11 18 18 9 46 51
