200
20
225670
0
0
140 19 3 65 12 3 10 43 24 6 47 3 20 25 117 22 32 199 60 26
1
0
21 119 30 37 11 75 12 37 34 20 38 104 17 62 68 233 122 105 60 7
2
0
153 72 182 7 40 9 2 6 111 61 50 11 5 31 50 106 24 116 13 15
3
0
12 36 21 42 214 34 15 225 12 7 73 76 70 17 7 17 48 31 60 8
4
0
70 50 9 1 40 118 51 21 314 42 63 59 75 124 24 32 56 65 154 4
5
0
68 24 63 33 7 71 55 177 64 31 127 12 28 180 14 23 44 143 4 1
6
0
76 7 176 1 7 50 20 25 87 28 79 91 19 77 6 27 85 53 146 39
7
0
54 12 147 56 156 41 47 26 17 24 125 8 32 10 8 56 8 18 173 19
8
0
82 46 76 11 3 3 7 29 68 205 33 85 22 72 32 82 59 76 5 74
9
0
17 62 125 161 11 10 111 51 36 73 1 153 147 4 17 52 4 174 12 34
10
0
184 80 1 18 119 158 24 23 57 12 24 27 137 1 1 142 207 12 65 36
11
0
187 32 12 120 64 94 51 48 40 14 2 9 34 190 20 104 76 31 26 64
12
0
22 30 4 59 23 33 18 75 8 88 2 75 122 42 102 11 185 43 25 42
13
0
133 13 1 17 93 11 90 61 186 19 67 11 6 5 27 5 45 196 47 31
14
0
55 40 35 148 41 75 14 17 82 16 19 11 54 1 192 120 8 162 17 306
15
0
52 14 9 16 4 300 37 13 22 37 9 143 179 17 36 182 6 112 23 20
16
0
38 3 7 13 124 57 33 2 19 13 45 135 78 36 21 126 16 79 10 58
17
0
88 24 25 16 68 66 49 31 135 10 14 3 64 50 144 118 14 52 30 29
18
0
70 31 82 50 4 66 7 79 83 17 40 15 24 24 61 51 88 36 12 50
19
0
38 30 119 35 9 64 7 3 28 19 47 2 38 28 148 73 42 1 17 24
20
0
55 4 36 30 150 47 8 105 105 7 37 6 18 212 42 25 124 100 35 40
21
0
17 87 58 1 47 6 141 101 18 9 35 64 123 12 101 100 16 30 73 165
22
0
65 85 33 32 46 101 13 63 57 10 45 19 55 19 10 20 65 21 5 24
23
0
59 25 90 90 125 61 9 90 22 8 70 32 129 106 70 16 9 32 57 24
24
0
44 100 31 15 79 74 8 12 37 88 106 31 10 75 38 9 5 83 70 223
25
0
6 3 27 3 90 53 56 2 30 145 14 19 84 94 51 52 24 60 47 22
26
0
24 12 9 3 51 48 17 113 106 15 144 38 31 53 29 18 9 26 13 130
27
0
16 20 16 17 11 140 14 39 5 7 30 27 79 44 10 27 36 49 42 10
28
0
44 54 55 76 51 9 40 37 44 50 15 146 3 12 49 48 38 45 33 59
29
0
31 12 80 5 25 21 49 83 84 14 60 42 12 8 116 65 89 22 5 56
30
0
12 11 40 61 11 214 4 100 5 22 27 12 85 158 17 18 0 8 2 29
31
0
7 43 52 9 147 120 22 63 23 37 42 43 24 1 24 11 14 37 158 42
32
0
10 37 23 17 72 73 29 26 22 16 54 4 91 17 20 74 95 4 46 5
33
0
33 31 4 27 6 68 21 6 89 9 16 59 47 14 44 179 152 14 103 110
34
0
2 14 15 20 39 11 69 26 26 72 4 19 26 91 18 134 172 5 65 4
35
0
69 27 216 28 3 7 16 60 5 13 32 23 44 10 31 64 13 96 9 2
36
0
40 11 175 185 21 8 14 21 9 6 10 9 86 15 3 0 2 37 80 119
37
0
32 25 32 3 81 3 89 11 44 33 4 93 109 2 21 34 86 126 51 102
38
0
89 118 85 27 21 12 28 95 36 31 2 24 141 12 43 13 12 17 37 15
39
0
6 46 7 22 83 35 30 18 150 72 8 142 50 2 19 2 4 27 156 61
40
0
5 136 1 72 76 84 72 144 155 39 16 25 29 149 61 15 17 71 10 37
41
0
55 160 26 60 9 27 36 1 53 60 35 27 19 7 4 50 16 12 25 16
42
0
38 116 97 14 15 144 112 146 14 4 9 54 4 77 12 147 83 121 176 21
43
0
3 73 19 27 53 102 60 26 37 42 16 21 64 40 2 34 17 61 99 67
44
0
24 28 3 27 28 30 21 46 197 83 21 15 55 11 38 181 110 26 37 147
45
0
22 35 38 18 16 20 32 85 51 74 76 66 59 15 40 8 30 2 59 42
46
0
21 60 46 32 7 48 15 30 90 94 24 133 54 67 14 7 124 22 56 7
47
0
20 21 7 17 12 126 3 29 52 101 144 38 10 10 18 48 2 24 115 70
48
0
11 25 115 10 72 44 20 124 32 10 18 1 53 3 165 5 18 32 123 5
49
0
6 2 39 103 13 28 12 56 32 22 46 81 49 25 24 81 50 31 99 109
50
0
40 14 92 1 17 12 110 79 8 254 45 22 18 38 26 19 36 32 38 25
51
0
55 29 35 26 3 2 22 36 4 24 45 4 83 5 124 40 75 84 6 21
52
0
4 51 78 9 76 3 43 37 46 70 55 37 75 2 31 13 7 151 212 65
53
0
9 71 1 32 71 30 22 0 2 11 73 78 27 162 32 15 106 191 9 58
54
0
10 41 1 12 27 21 40 39 212 14 126 25 7 9 6 81 11 28 9 24
55
0
78 13 0 40 61 68 15 3 9 112 22 92 80 35 51 9 43 24 154 114
56
0
6 39 62 22 35 106 26 88 18 3 8 64 136 30 15 40 30 42 58 22
57
0
74 22 100 16 15 1 68 123 18 42 119 43 10 49 55 5 6 36 19 14
58
0
39 11 7 46 3 233 68 30 12 4 31 38 9 14 0 6 132 34 37 5
59
0
189 33 71 125 17 19 65 30 63 44 57 135 80 59 49 14 129 26 77 31
60
0
33 36 183 96 3 16 33 49 60 5 17 64 42 33 44 60 24 26 1 28
61
0
80 62 134 122 112 27 98 40 40 43 46 45 27 45 55 74 228 23 1 78
62
0
131 143 78 13 18 11 37 25 63 84 7 16 81 37 28 66 94 50 13 56
63
0
32 48 102 43 91 27 35 56 6 152 2 33 84 60 22 18 33 103 132 23
64
0
26 34 32 29 9 20 19 17 121 15 16 43 7 12 88 199 20 53 56 65
65
0
15 43 51 41 38 39 4 7 67 156 67 37 26 4 47 71 74 15 30 74
66
0
52 140 38 2 304 138 100 59 13 30 46 2 18 69 3 10 15 16 21 37
67
0
76 52 90 3 9 169 19 14 6 6 252 53 25 56 175 28 14 22 27 52
68
0
1 57 35 68 13 16 36 5 23 49 141 294 36 51 56 53 25 2 131 24
69
0
5 120 36 45 13 70 63 11 12 111 29 13 30 3 83 157 53 1 10 1
70
0
21 27 8 124 158 9 71 139 90 116 28 2 19 33 132 6 16 3 170 30
71
0
14 11 61 49 90 24 7 47 57 8 25 67 10 93 16 7 144 34 31 13
72
0
15 93 77 73 84 91 35 43 91 110 82 99 56 69 21 0 59 65 7 22
73
0
106 15 4 5 10 33 83 35 1 1 73 155 65 9 38 29 40 60 106 103
74
0
2 42 120 29 8 32 63 74 10 42 24 15 43 1 4 6 6 45 75 59
75
0
12 20 1 33 24 8 57 56 120 87 5 172 195 27 78 170 81 56 3 3
76
0
8 24 121 39 17 28 19 35 9 40 77 13 68 48 36 8 51 118 40 34
77
0
26 93 139 27 11 11 139 79 28 26 155 7 47 144 42 4 60 15 78 9
78
0
11 1 97 81 11 215 25 65 155 47 25 1 92 100 90 20 60 17 211 1
79
0
34 8 26 51 35 143 86 6 31 64 124 75 0 23 1 23 4 36 49 91
80
0
27 1 3 69 42 32 67 32 152 48 58 69 48 67 47 60 21 116 18 80
81
0
119 114 13 132 73 44 61 40 99 156 20 37 32 17 67 21 29 9 12 100
82
0
30 31 83 140 57 27 62 28 149 4 119 34 47 97 14 21 11 140 32 347
83
0
19 12 63 10 47 31 14 197 7 94 25 4 33 4 2 44 78 18 12 81
84
0
22 23 16 69 2 55 2 124 12 114 46 15 1 114 45 101 35 26 25 61
85
0
59 112 178 63 42 60 92 46 203 24 2 63 241 7 32 48 33 103 31 37
86
0
52 93 70 48 71 8 85 81 9 23 55 30 187 19 44 44 28 0 281 26
87
0
10 17 23 18 197 48 26 4 84 65 65 12 43 28 14 11 8 2 28 104
88
0
151 90 73 15 58 0 26 9 1 67 61 17 26 167 46 29 168 12 7 168
89
0
27 108 5 34 93 153 62 14 104 39 37 22 16 53 13 183 7 98 95 71
90
0
27 38 115 66 53 129 72 49 22 46 249 146 49 21 410 31 62 38 86 1
91
0
133 41 19 28 74 43 8 104 5 54 103 7 26 73 3 77 9 43 29 11
92
0
60 69 112 138 35 39 1 46 18 48 35 13 55 158 53 5 29 48 34 57
93
0
59 44 77 39 13 40 65 140 78 41 10 193 47 9 15 20 2 58 103 4
94
0
13 173 82 32 105 64 19 59 23 15 35 30 42 16 54 23 67 11 172 0
95
0
26 18 7 8 6 40 40 20 18 14 12 115 107 37 1 23 210 16 57 65
96
0
87 109 7 112 19 146 31 33 101 98 55 55 61 17 111 16 38 3 11 6
97
0
22 20 174 12 59 6 24 79 76 39 47 15 12 11 67 38 188 32 44 19
98
0
161 35 20 14 22 29 170 24 36 20 11 20 157 30 60 110 117 29 147 48
99
0
52 23 130 54 16 7 6 16 75 70 67 16 68 40 4 131 5 82 0 475
100
0
19 24 49 237 26 57 29 113 22 36 112 15 74 14 60 19 16 66 55 22
101
0
23 34 7 19 124 3 33 32 26 51 43 90 29 52 82 17 30 40 8 5
102
0
19 58 52 109 37 33 88 42 6 210 14 4 22 7 15 18 15 65 11 57
103
0
201 47 2 19 132 84 63 14 11 321 34 15 27 3 83 69 13 167 51 3
104
0
32 4 206 95 45 48 65 51 7 36 44 6 8 20 9 100 132 43 41 123
105
0
42 16 42 28 36 51 24 22 9 108 5 49 110 104 60 24 9 57 16 66
106
0
73 5 20 96 16 5 92 50 106 2 21 26 29 74 95 37 76 40 4 33
107
0
4 32 5 30 31 30 81 41 1 18 17 114 19 8 50 18 2 56 44 5
108
0
34 137 33 90 5 17 168 87 79 116 25 14 13 36 29 27 72 1 11 62
109
0
100 63 104 23 99 2 22 4 20 14 100 9 20 55 37 22 66 71 77 50
110
0
106 101 78 136 9 83 52 70 40 84 35 65 4 9 2 32 27 104 141 35
111
0
91 29 5 19 5 30 48 12 195 47 77 10 30 75 22 3 42 161 57 14
112
0
23 55 63 37 10 120 25 5 6 17 5 44 94 7 39 136 37 67 45 113
113
0
35 4 35 3 20 26 164 18 26 27 23 1 9 27 40 8 45 11 17 33
114
0
62 12 8 10 68 34 46 5 26 31 87 140 120 23 28 15 67 76 36 3
115
0
55 82 24 34 168 18 10 98 19 43 5 4 61 30 122 13 90 24 15 16
116
0
2 145 34 3 23 61 5 106 30 38 12 84 25 13 39 43 9 69 33 6
117
0
2 77 6 1 2 157 51 9 57 85 3 48 163 21 73 22 117 43 124 7
118
0
109 6 5 7 4 91 55 41 89 24 16 39 12 40 56 4 41 37 28 34
119
0
47 124 144 60 7 32 1 94 42 30 53 6 5 88 40 10 9 17 47 78
120
0
46 21 10 83 267 63 104 11 149 218 63 30 28 112 36 1 12 3 44 123
121
0
100 3 37 97 35 28 0 20 201 5 29 122 132 16 6 44 40 17 2 3
122
0
11 56 35 16 33 57 1 17 65 138 0 67 38 47 50 20 17 19 107 19
123
0
60 25 92 111 2 46 144 20 28 16 190 113 70 19 21 56 13 103 17 31
124
0
13 35 31 2 41 7 35 39 26 103 25 26 58 8 36 101 72 66 2 77
125
0
45 342 26 2 90 131 3 46 7 64 8 8 15 9 48 45 74 10 5 88
126
0
31 24 5 132 108 35 35 46 140 28 178 119 69 22 132 3 13 6 50 45
127
0
97 52 263 9 56 77 53 1 6 95 81 122 104 47 77 10 97 149 62 27
128
0
19 0 56 32 54 84 28 114 172 16 60 12 36 138 37 34 80 2 10 6
129
0
0 38 22 41 61 61 7 100 2 17 47 20 31 45 2 87 12 128 18 42
130
0
15 150 27 249 54 17 47 50 3 40 13 77 36 12 34 32 16 20 0 54
131
0
14 4 15 55 9 15 15 37 21 119 16 124 143 50 31 15 2 11 69 11
132
0
50 231 29 277 79 97 27 23 43 18 99 81 38 16 46 61 42 45 64 23
133
0
164 35 10 6 59 208 87 23 8 3 65 14 168 1 33 37 61 18 50 8
134
0
20 110 76 3 88 49 98 2 96 53 103 73 13 7 73 65 96 25 6 40
135
0
12 1 10 64 67 253 50 20 112 66 17 97 1 24 56 28 1 174 37 52
136
0
9 6 4 11 17 26 23 83 50 2 57 43 5 49 205 8 64 21 98 48
137
0
59 15 5 11 49 8 53 121 48 9 18 74 43 1 72 13 7 15 29 40
138
0
34 93 4 5 159 66 11 22 119 28 43 106 13 57 67 36 97 9 45 32
139
0
10 1 3 19 17 36 193 17 136 30 70 10 98 57 115 45 49 5 196 23
140
0
4 3 4 77 13 44 22 122 88 77 74 40 69 52 69 37 71 0 73 16
141
0
135 32 130 156 16 83 14 5 66 26 125 40 42 15 293 2 12 39 3 10
142
0
34 20 35 22 6 17 16 8 4 29 22 63 63 101 0 6 8 14 26 68
143
0
20 34 98 21 27 41 42 13 48 56 114 30 62 59 9 92 45 19 34 28
144
0
4 23 11 24 63 17 107 11 95 22 54 14 96 12 19 224 29 3 8 53
145
0
9 5 140 11 40 23 50 5 14 1 38 137 66 22 28 126 43 73 2 121
146
0
91 7 103 28 97 78 64 95 98 74 77 12 1 28 129 10 129 11 12 132
147
0
69 85 6 128 50 27 8 165 19 40 8 13 49 87 75 3 32 3 44 66
148
0
152 17 41 112 31 108 51 23 22 198 1 172 6 69 71 2 48 19 15 56
149
0
18 2 2 9 11 22 1 18 50 69 52 121 4 104 251 52 12 6 1 29
150
0
24 34 1 98 108 38 28 30 127 88 35 38 65 251 31 22 21 74 18 17
151
0
138 65 15 60 5 47 5 342 7 71 177 46 3 14 13 75 12 37 38 50
152
0
109 117 52 160 54 31 53 1 186 5 70 72 24 193 38 1 48 44 98 14
153
0
37 33 14 106 8 47 36 28 25 39 66 45 5 152 11 84 23 53 11 28
154
0
41 57 35 235 40 196 22 110 7 111 128 17 131 9 35 7 97 81 0 157
155
0
14 16 10 36 23 121 1 198 102 10 64 2 110 50 5 108 16 1 40 55
156
0
239 155 43 20 33 74 34 32 96 22 10 5 26 135 39 65 96 5 7 43
157
0
13 3 11 71 71 43 10 29 4 44 85 56 7 44 17 66 15 61 39 193
158
0
31 147 7 8 64 134 29 40 6 8 44 32 77 76 14 34 86 12 14 66
159
0
18 14 5 24 2 35 51 37 24 146 20 24 30 21 50 58 9 39 14 134
160
0
88 111 22 146 56 35 1 27 57 33 35 85 8 86 112 41 84 8 47 3
161
0
7 0 5 13 10 14 66 3 14 30 290 2 8 18 52 7 48 76 9 39
162
0
14 227 79 119 39 186 204 13 30 41 29 84 22 121 22 2 52 8 10 20
163
0
134 78 174 70 31 18 21 28 17 105 23 18 106 15 23 74 36 13 92 58
164
0
228 35 30 2 1 3 42 15 182 25 104 53 31 46 150 28 13 69 5 57
165
0
98 9 44 3 94 73 28 277 41 21 26 63 79 18 84 37 41 13 34 9
166
0
170 77 5 155 59 10 5 18 37 2 2 32 7 48 22 6 5 1 4 75
167
0
2 59 35 28 36 72 12 34 43 444 123 41 133 43 6 217 14 45 10 328
168
0
89 11 53 83 9 39 40 72 3 26 22 32 29 123 1 22 59 1 50 168
169
0
131 3 89 27 17 84 141 29 43 25 34 161 76 19 24 91 113 0 35 77
170
0
67 16 84 27 31 26 3 2 3 20 41 18 66 61 4 66 33 214 95 17
171
0
51 68 110 15 171 7 24 92 54 158 35 80 58 35 10 33 25 34 24 34
172
0
20 30 44 39 37 39 78 30 19 35 47 47 29 16 31 56 33 18 46 2
173
0
84 108 66 57 12 3 29 3 6 94 22 13 26 4 99 3 7 28 42 23
174
0
17 77 16 27 179 39 25 5 2 209 19 3 79 6 4 93 60 8 20 6
175
0
66 43 14 1 13 93 37 16 48 72 32 105 12 21 30 189 30 16 15 11
176
0
44 50 22 76 69 89 56 7 2 82 16 9 30 10 11 103 16 87 16 15
177
0
4 4 5 31 45 27 26 7 31 43 36 99 23 43 108 5 49 32 28 57
178
0
45 270 30 8 5 0 125 117 7 131 70 9 10 30 173 51 33 89 2 45
179
0
1 3 139 70 37 35 13 12 53 99 39 266 101 53 133 13 24 44 82 11
180
0
50 98 98 6 3 38 40 17 43 25 4 3 91 33 27 0 13 113 21 181
181
0
45 19 42 47 12 103 14 4 63 59 11 38 47 91 2 19 7 8 75 86
182
0
47 7 4 32 23 107 49 27 53 9 11 31 8 375 76 33 98 50 12 41
183
0
8 8 26 24 136 1 133 64 26 30 46 93 23 28 54 26 45 35 90 66
184
0
80 4 17 7 52 29 8 11 7 34 65 13 17 40 17 3 31 31 25 34
185
0
6 41 24 24 15 35 1 5 58 129 33 110 7 45 108 24 31 21 52 63
186
0
3 180 2 14 46 53 40 8 138 29 4 65 119 44 12 174 73 80 17 18
187
0
15 200 75 2 14 23 90 21 7 5 38 73 31 6 40 0 0 32 29 39
188
0
109 35 5 52 28 76 91 85 14 32 14 17 39 15 63 214 10 101 69 55
189
0
2 51 95 28 3 31 32 78 8 203 5 37 58 98 128 10 119 7 26 165
190
0
15 167 15 71 13 26 141 74 209 28 125 2 81 103 55 53 85 46 98 13
191
0
13 114 6 80 0 55 21 4 66 10 13 5 5 12 109 14 29 93 72 145
192
0
3 13 84 8 21 3 260 40 31 2 32 10 63 54 10 28 55 77 86 27
193
0
21 55 44 10 53 16 39 9 15 4 12 89 41 68 22 45 7 1 2 74
194
0
16 76 10 9 60 168 39 32 92 17 13 30 20 42 26 92 139 7 35 143
195
0
103 25 15 9 1 11 58 30 52 24 123 146 19 6 71 44 13 27 21 5
196
0
5 54 8 210 40 2 64 141 17 24 38 2 5 13 63 10 60 95 34 17
197
0
42 7 48 25 43 10 69 33 8 14 58 23 53 11 67 16 8 17 69 21
198
0
1 71 9 28 92 65 33 36 189 207 96 55 62 15 55 83 82 77 25 33
199
0
188 129 113 10 22 50 36 54 3 188 18 265 12 6 7 12 7 41 39 1
