200
10
41882
0
0
45 59 190 46 14 63 8 118 35 33
1
0
31 70 14 94 3 3 123 31 15 100
2
0
28 120 7 112 19 77 121 2 20 46
3
0
35 44 155 78 162 158 69 13 17 101
4
0
3 60 104 13 30 60 31 4 23 41
5
0
27 64 20 26 47 10 1 40 111 100
6
0
67 50 21 103 16 42 166 36 132 17
7
0
127 44 18 47 4 11 11 31 2 23
8
0
49 72 15 45 13 49 4 42 111 7
9
0
5 127 66 13 114 27 240 3 0 60
10
0
43 139 42 48 36 18 34 58 32 13
11
0
78 17 9 116 48 126 25 97 5 15
12
0
61 11 56 3 56 12 59 12 73 64
13
0
126 69 250 3 55 36 177 36 46 70
14
0
17 27 129 19 1 29 5 142 65 44
15
0
111 220 39 43 1 14 9 15 18 52
16
0
35 5 64 67 161 99 58 8 133 60
17
0
27 60 94 136 3 22 149 60 34 116
18
0
67 31 3 120 10 5 56 8 64 16
19
0
25 10 118 17 32 49 40 40 154 33
20
0
24 30 26 1 86 14 15 38 59 0
21
0
7 2 25 83 163 27 173 6 82 34
22
0
75 105 37 66 108 59 2 115 20 2
23
0
118 54 204 2 35 94 14 24 72 3
24
0
7 17 4 33 3 6 1 24 18 10
25
0
115 9 59 14 0 71 14 12 72 13
26
0
27 104 5 65 201 21 42 68 174 16
27
0
164 66 41 106 6 6 23 7 35 32
28
0
1 45 27 37 35 54 96 30 87 30
29
0
35 23 73 14 74 66 10 5 10 21
30
0
23 29 44 3 34 45 83 68 94 44
31
0
32 42 128 12 12 34 166 2 27 104
32
0
13 61 18 63 36 21 10 33 252 7
33
0
82 44 22 1 2 21 50 14 91 23
34
0
4 12 2 43 30 18 181 9 5 19
35
0
113 156 265 1 4 111 17 31 5 27
36
0
30 28 58 55 65 47 8 3 37 2
37
0
28 6 43 69 159 6 17 71 55 14
38
0
92 12 143 51 1 62 129 61 42 105
39
0
24 6 94 4 36 21 14 198 0 5
40
0
58 96 42 79 14 6 216 128 25 70
41
0
54 10 36 24 69 140 108 95 2 3
42
0
14 43 38 18 20 14 3 19 105 7
43
0
29 132 141 37 68 27 2 57 23 3
44
0
16 29 79 27 10 10 7 63 112 25
45
0
71 7 18 15 57 17 2 12 12 20
46
0
4 120 64 27 95 11 32 0 37 42
47
0
95 1 116 79 23 22 72 66 0 82
48
0
66 35 4 104 76 20 0 34 29 134
49
0
7 103 149 35 48 27 80 2 47 104
50
0
84 56 7 40 56 15 32 30 11 5
51
0
39 181 40 68 7 35 70 14 117 38
52
0
32 104 41 39 97 43 30 26 57 146
53
0
72 48 33 95 13 16 74 7 105 140
54
0
148 47 87 94 4 19 23 3 1 2
55
0
13 15 4 22 52 25 33 145 2 9
56
0
51 167 5 11 6 4 2 6 23 9
57
0
19 11 61 136 232 69 9 13 16 7
58
0
26 36 2 1 8 6 33 4 4 64
59
0
11 56 12 68 124 27 88 58 48 8
60
0
52 2 17 152 82 7 30 42 49 13
61
0
58 7 54 98 101 40 23 111 9 316
62
0
36 48 9 128 13 9 32 82 49 11
63
0
13 53 70 13 113 58 125 1 106 117
64
0
35 30 44 19 39 24 16 97 76 56
65
0
7 45 16 86 14 7 29 24 20 17
66
0
46 10 16 14 10 11 92 70 78 68
67
0
39 75 9 28 6 7 11 56 137 43
68
0
22 1 20 27 24 2 1 11 12 80
69
0
12 13 36 61 55 15 50 43 80 11
70
0
10 84 8 24 53 105 15 15 21 28
71
0
2 93 22 68 38 2 37 97 14 1
72
0
5 17 52 172 120 1 69 11 98 6
73
0
9 71 7 134 82 14 11 47 28 1
74
0
19 55 21 24 166 6 71 15 89 64
75
0
36 27 27 56 134 64 40 11 2 58
76
0
56 18 5 53 27 9 6 15 120 2
77
0
120 193 10 48 1 1 4 47 59 17
78
0
170 48 20 70 1 38 4 18 5 16
79
0
8 216 188 20 8 22 20 40 38 47
80
0
10 82 53 3 118 128 65 39 23 17
81
0
26 6 22 182 6 1 155 50 9 5
82
0
155 78 14 4 12 54 120 104 18 23
83
0
72 14 3 42 1 9 2 46 86 12
84
0
57 75 19 50 60 117 104 112 6 15
85
0
73 75 170 27 10 43 15 55 56 47
86
0
78 30 27 6 68 42 15 46 21 29
87
0
9 114 56 26 64 10 61 66 46 31
88
0
31 101 73 3 2 12 13 46 115 57
89
0
13 15 153 66 26 42 52 14 4 27
90
0
29 124 15 90 15 49 21 27 102 11
91
0
49 28 29 11 24 106 19 181 101 6
92
0
76 7 23 94 12 85 25 48 79 28
93
0
42 13 20 6 93 64 27 71 100 40
94
0
14 110 155 7 7 56 120 7 127 49
95
0
4 87 28 161 36 16 11 89 5 72
96
0
6 4 95 64 23 86 92 92 29 84
97
0
72 64 22 73 22 1 24 79 197 22
98
0
95 18 138 4 37 43 29 0 59 61
99
0
33 3 21 72 22 53 24 6 45 24
100
0
14 88 115 13 66 40 101 16 1 21
101
0
15 28 19 0 76 27 19 60 8 44
102
0
79 7 1 103 12 4 58 18 156 37
103
0
11 117 80 47 184 86 145 10 41 5
104
0
24 11 2 4 71 171 36 31 25 0
105
0
19 12 31 61 5 72 14 43 1 68
106
0
109 19 19 25 24 2 72 158 9 138
107
0
5 32 15 89 2 20 36 51 9 91
108
0
35 13 30 30 22 133 10 90 23 8
109
0
30 165 114 74 151 29 19 17 36 25
110
0
2 10 21 11 22 20 150 6 25 166
111
0
275 69 69 49 25 63 10 13 117 19
112
0
23 68 44 2 41 22 8 12 93 60
113
0
112 125 9 30 18 92 17 8 6 38
114
0
12 13 66 26 125 34 36 23 22 6
115
0
3 98 56 17 22 6 0 51 6 59
116
0
45 10 12 3 50 24 8 5 153 134
117
0
77 34 18 23 20 170 10 19 71 12
118
0
59 48 364 110 2 0 112 19 69 1
119
0
106 85 19 9 8 18 29 5 7 57
120
0
8 31 2 280 149 50 14 85 30 32
121
0
8 62 1 214 32 109 7 165 47 17
122
0
46 91 44 21 21 66 139 10 8 77
123
0
10 4 29 58 68 15 56 109 33 53
124
0
8 26 47 54 124 11 75 103 72 29
125
0
12 37 6 58 106 31 72 51 1 19
126
0
8 22 90 37 15 46 67 60 2 25
127
0
14 27 22 51 34 153 105 184 14 206
128
0
11 169 65 68 36 22 174 28 121 81
129
0
21 113 34 112 15 186 90 63 1 4
130
0
16 11 24 13 85 97 15 18 62 26
131
0
42 88 24 277 64 39 22 9 15 46
132
0
14 5 1 70 26 27 3 22 24 7
133
0
107 28 35 29 23 34 72 47 43 45
134
0
89 111 32 118 33 11 3 74 14 158
135
0
2 9 88 56 2 84 138 10 107 41
136
0
282 35 15 43 6 2 46 28 52 7
137
0
11 29 10 24 66 10 28 28 5 47
138
0
14 3 5 31 6 240 10 37 54 19
139
0
5 2 11 17 6 74 30 70 64 45
140
0
8 92 32 67 102 59 86 70 93 56
141
0
13 21 98 89 166 86 101 26 9 25
142
0
34 62 48 3 37 59 2 50 6 26
143
0
31 37 185 54 75 1 29 116 62 41
144
0
10 140 40 50 20 40 26 29 11 1
145
0
107 12 25 26 193 20 7 119 181 8
146
0
42 10 1 115 30 54 75 235 50 20
147
0
9 160 11 39 49 170 72 17 11 3
148
0
6 40 51 15 47 130 5 18 18 1
149
0
51 5 19 73 64 85 10 78 40 7
150
0
62 54 98 183 35 54 5 94 24 119
151
0
11 40 8 17 33 23 32 180 38 171
152
0
53 22 39 30 18 33 7 63 44 43
153
0
121 31 50 98 32 70 48 5 7 5
154
0
69 12 103 93 27 180 7 130 65 8
155
0
61 46 70 72 89 65 10 71 26 23
156
0
5 27 31 2 13 23 7 138 115 26
157
0
11 55 122 37 15 150 96 53 22 74
158
0
90 38 17 28 5 91 35 44 13 37
159
0
23 6 65 113 53 10 63 73 3 81
160
0
103 33 39 28 10 11 129 6 42 5
161
0
165 100 12 94 85 8 54 5 31 312
162
0
6 13 27 45 6 14 9 9 35 54
163
0
12 39 323 39 1 3 8 65 34 60
164
0
16 78 77 46 77 31 10 12 42 1
165
0
25 25 31 41 27 60 128 28 30 49
166
0
59 41 157 1 11 54 74 78 57 134
167
0
8 23 98 40 12 61 78 10 4 15
168
0
57 2 31 10 96 12 59 52 194 94
169
0
75 109 33 21 52 11 25 9 106 19
170
0
21 12 89 58 65 56 14 53 72 66
171
0
59 12 43 4 50 41 56 68 132 13
172
0
4 30 26 82 17 13 35 91 11 230
173
0
23 20 3 5 38 73 15 4 97 12
174
0
35 100 14 97 4 25 48 11 30 7
175
0
49 24 138 20 120 5 61 52 26 13
176
0
111 24 12 33 37 7 37 90 16 37
177
0
7 106 58 39 18 58 43 38 17 11
178
0
20 47 6 110 92 13 3 112 10 7
179
0
2 16 31 18 114 49 49 12 45 13
180
0
3 23 60 91 6 5 15 78 19 18
181
0
47 61 35 136 13 11 20 9 13 16
182
0
51 13 55 1 13 22 20 10 34 9
183
0
4 68 47 19 232 37 2 26 42 30
184
0
68 37 4 67 19 44 65 12 75 70
185
0
54 3 83 18 188 6 106 24 87 1
186
0
27 16 37 6 7 4 45 64 56 3
187
0
27 6 45 82 14 19 125 0 18 157
188
0
98 136 15 44 105 73 21 53 7 107
189
0
134 116 95 34 116 12 23 9 14 19
190
0
16 220 289 20 108 146 24 17 32 35
191
0
51 28 57 21 68 48 19 29 2 35
192
0
6 23 155 1 17 34 36 3 35 75
193
0
5 22 69 23 91 52 128 29 68 7
194
0
52 1 93 81 86 70 8 52 26 51
195
0
9 14 14 53 60 15 12 50 3 55
196
0
28 16 18 5 24 38 101 14 81 73
197
0
126 41 115 41 84 18 33 29 81 12
198
0
4 4 20 2 6 169 42 99 23 119
199
0
16 22 4 6 10 1 6 33 48 36
