10
20
886722
0
0
80 75 208 36 102 59 118 6 10 212 31 17 168 22 44 16 189 63 49 29
1
0
102 90 190 44 75 51 101 3 17 207 28 11 203 26 48 22 194 63 55 30
2
0
107 91 204 19 54 60 93 4 8 164 43 24 166 40 66 17 182 49 63 49
3
0
60 80 176 39 57 33 115 6 22 218 23 18 168 43 72 14 166 48 77 30
4
0
78 94 179 30 91 69 124 4 12 180 38 18 181 16 40 11 236 28 63 34
5
0
91 101 175 44 74 51 112 5 10 192 37 14 194 18 61 25 150 41 53 31
6
0
103 74 156 34 72 67 117 3 10 168 41 18 168 32 57 23 190 33 56 48
7
0
72 85 183 47 67 35 91 4 9 193 42 13 175 27 51 28 186 58 54 47
8
0
85 126 179 21 77 65 107 5 14 185 28 14 155 29 68 26 153 67 54 45
9
0
106 87 187 18 56 64 93 6 16 173 30 11 187 22 54 35 163 54 50 41
