50
20
415740
0
0
22 53 178 7 80 37 13 125 20 67 2 32 61 137 61 51 5 33 89 111
1
0
28 3 18 49 123 36 43 52 147 30 39 27 190 1 1 46 26 31 54 6
2
0
34 87 33 4 25 34 5 19 4 22 26 72 64 42 34 135 36 24 86 16
3
0
122 18 20 26 73 42 15 149 50 47 53 13 34 11 53 1 3 20 100 83
4
0
58 28 154 56 13 39 85 95 3 209 3 19 64 36 90 66 9 66 139 104
5
0
0 48 107 62 4 5 31 5 114 12 112 8 68 21 32 25 37 31 50 52
6
0
25 52 61 17 122 32 2 28 30 23 97 20 53 18 112 59 5 30 88 140
7
0
24 0 57 7 58 39 16 11 4 6 47 8 71 3 104 15 106 19 41 31
8
0
46 91 12 19 8 0 39 10 46 14 31 65 129 4 70 79 62 1 30 218
9
0
16 60 57 27 15 28 8 16 212 10 98 149 85 70 15 104 49 102 38 9
10
0
79 7 26 117 1 108 47 44 110 4 1 40 29 78 27 25 26 86 21 125
11
0
40 8 18 15 1 162 131 20 13 103 1 79 62 34 9 66 114 41 91 111
12
0
68 13 71 1 61 26 15 4 38 9 22 3 152 7 10 6 14 9 14 32
13
0
20 54 70 40 21 5 185 80 20 9 71 73 119 11 131 7 43 102 1 80
14
0
52 43 30 22 52 52 11 3 28 5 13 104 68 38 52 71 21 92 2 56
15
0
42 7 17 80 6 1 32 109 27 36 72 57 16 19 32 8 89 115 2 38
16
0
28 19 50 30 5 119 53 45 31 3 133 36 7 7 66 39 45 21 18 71
17
0
6 54 162 3 58 46 40 69 109 27 45 244 14 35 12 20 184 60 60 10
18
0
20 17 0 42 98 63 25 13 79 19 12 2 82 19 13 37 26 27 17 25
19
0
49 17 0 4 123 57 89 291 130 31 76 50 7 109 73 14 27 56 47 27
20
0
38 21 108 56 137 26 106 41 18 44 25 170 99 111 1 73 29 60 15 73
21
0
41 33 9 110 3 15 1 37 269 64 43 152 17 82 18 60 46 15 102 16
22
0
82 18 38 54 42 28 103 2 141 26 24 29 7 63 57 40 82 3 17 164
23
0
27 81 69 74 33 49 18 32 82 135 0 22 71 114 119 32 21 28 8 26
24
0
15 97 43 30 26 11 40 21 26 31 12 4 117 93 14 31 26 17 26 57
25
0
9 7 11 58 5 92 4 51 15 12 80 19 9 14 20 3 67 99 54 14
26
0
46 42 185 17 183 329 61 96 5 56 5 34 82 53 56 31 126 18 241 20
27
0
46 85 22 70 24 1 128 10 9 31 16 74 23 67 40 7 138 26 77 45
28
0
72 98 0 162 55 62 120 49 11 373 148 33 9 1 128 37 86 40 61 12
29
0
37 17 7 95 35 120 37 78 28 89 55 12 24 79 36 131 28 48 4 75
30
0
28 25 78 38 50 11 64 67 56 23 13 24 37 6 65 64 17 84 66 28
31
0
141 36 30 45 91 16 29 12 208 244 3 21 313 38 6 53 179 17 24 41
32
0
9 77 83 89 5 39 28 101 136 18 20 49 13 39 79 3 32 37 9 48
33
0
3 17 12 2 29 49 12 34 35 87 11 21 29 111 0 34 9 11 16 123
34
0
11 25 23 64 134 30 91 9 85 6 28 29 19 31 23 26 52 81 14 16
35
0
16 5 49 193 104 2 15 23 25 152 8 38 115 118 39 7 10 25 38 20
36
0
24 19 9 131 38 24 66 11 35 2 20 315 157 18 27 62 26 4 41 29
37
0
186 6 38 29 32 23 2 81 20 42 167 16 88 270 28 43 92 34 3 14
38
0
3 14 26 22 8 0 17 46 36 32 29 71 35 73 40 117 1 42 47 14
39
0
25 201 23 205 94 13 71 0 15 179 39 3 42 1 88 46 66 6 9 53
40
0
94 13 38 213 41 26 62 11 107 143 1 29 1 134 91 62 101 60 12 111
41
0
24 27 145 81 167 13 8 6 13 8 153 42 24 151 23 13 117 23 18 69
42
0
17 12 63 83 26 4 47 94 26 30 40 1 98 58 69 56 141 123 162 69
43
0
23 13 26 29 5 4 32 84 8 94 219 60 60 39 145 162 43 6 111 35
44
0
37 52 6 37 18 70 63 1 44 19 60 49 6 21 99 70 3 17 35 20
45
0
5 6 113 58 85 42 10 5 12 23 4 61 29 8 94 49 85 37 81 46
46
0
52 46 42 3 14 149 82 11 42 94 18 53 2 51 16 66 8 101 35 2
47
0
69 28 56 102 2 11 91 34 104 121 40 29 43 9 24 2 10 28 0 4
48
0
26 262 35 57 7 38 41 5 62 74 47 27 40 22 41 23 48 8 49 64
49
0
156 8 80 26 37 3 41 3 2 16 18 33 133 43 84 178 59 16 57 37
