50
5
966580
0
0
21 68 6 9 41
1
0
14 20 26 41 36
2
0
71 117 109 2 7
3
0
12 2 104 12 64
4
0
12 167 62 10 35
5
0
64 7 79 94 30
6
0
39 6 1 4 1
7
0
16 286 16 48 7
8
0
137 274 8 89 9
9
0
74 91 36 148 117
10
0
19 12 18 27 92
11
0
8 68 18 31 178
12
0
26 47 9 136 31
13
0
53 26 171 14 117
14
0
51 35 3 3 71
15
0
25 42 13 120 18
16
0
48 42 74 13 43
17
0
178 4 27 43 28
18
0
136 284 15 13 103
19
0
40 81 11 11 3
20
0
56 26 127 9 31
21
0
1 35 22 43 4
22
0
74 16 21 54 43
23
0
15 108 55 49 47
24
0
89 21 15 36 172
25
0
3 42 15 3 0
26
0
19 28 107 9 25
27
0
33 4 50 55 7
28
0
29 27 100 32 7
29
0
197 2 50 77 38
30
0
116 48 21 17 1
31
0
24 2 18 25 114
32
0
42 48 57 19 17
33
0
130 22 24 11 64
34
0
150 6 2 69 67
35
0
425 10 104 29 66
36
0
12 5 56 22 134
37
0
2 0 20 15 21
38
0
52 56 34 7 11
39
0
24 159 50 60 42
40
0
26 12 12 30 8
41
0
27 102 11 8 48
42
0
5 80 3 11 2
43
0
23 20 24 50 10
44
0
47 37 20 89 90
45
0
4 4 18 180 10
46
0
4 34 55 146 174
47
0
13 1 49 17 113
48
0
1 9 34 22 111
49
0
87 47 22 6 16
