50
5
523928
0
0
21 11 27 3 13
1
0
52 25 59 12 90
2
0
10 23 2 1 14
3
0
91 49 60 30 13
4
0
1 125 14 3 21
5
0
90 12 19 5 53
6
0
21 10 7 142 14
7
0
5 12 57 29 28
8
0
70 31 78 4 8
9
0
79 31 54 155 82
10
0
9 36 3 10 95
11
0
66 74 52 8 66
12
0
14 10 80 9 61
13
0
66 14 15 54 158
14
0
7 62 43 107 9
15
0
49 112 94 108 93
16
0
198 159 135 49 14
17
0
64 71 47 57 134
18
0
43 14 36 115 57
19
0
42 25 28 54 125
20
0
4 23 0 30 29
21
0
4 19 33 9 39
22
0
77 3 16 118 8
23
0
0 17 139 67 55
24
0
11 25 34 8 25
25
0
1 36 7 13 31
26
0
102 11 94 18 12
27
0
50 90 122 23 37
28
0
43 136 54 6 7
29
0
61 176 12 33 56
30
0
94 4 70 54 156
31
0
2 74 55 110 17
32
0
56 3 22 1 103
33
0
93 22 7 60 13
34
0
3 13 5 3 179
35
0
37 4 90 160 83
36
0
14 22 25 27 56
37
0
12 20 222 95 20
38
0
146 138 5 19 96
39
0
79 23 7 26 19
40
0
50 49 9 77 34
41
0
90 51 9 45 43
42
0
36 27 9 20 14
43
0
48 8 47 95 78
44
0
51 92 197 119 43
45
0
68 63 24 51 20
46
0
3 17 147 150 4
47
0
40 113 84 8 56
48
0
58 19 16 17 0
49
0
25 120 99 24 113
