100
20
408633
0
0
31 37 5 38 49 123 1 24 42 50 82 37 71 36 144 48 46 40 25 24
1
0
28 37 4 34 71 144 1 40 24 31 43 47 54 17 192 67 54 44 20 24
2
0
57 34 4 42 51 211 1 24 42 47 68 43 72 24 136 37 45 36 24 18
3
0
36 38 6 50 54 167 1 43 33 40 57 48 60 35 174 61 43 57 22 17
4
0
42 44 10 55 59 183 1 28 39 33 50 29 53 32 184 29 30 37 14 16
5
0
52 18 4 67 60 124 1 28 30 45 71 33 59 24 171 30 51 37 20 21
6
0
28 49 8 45 44 169 1 31 22 43 57 32 53 22 140 37 39 40 32 21
7
0
24 48 7 36 84 184 1 37 32 49 91 24 35 23 122 58 35 46 20 16
8
0
23 61 3 71 41 158 1 47 47 53 43 37 41 23 141 43 41 37 25 24
9
0
31 45 5 31 55 147 1 36 43 32 62 37 80 26 139 35 51 30 41 22
10
0
30 47 7 26 59 172 1 40 37 49 62 27 57 33 175 28 50 34 20 10
11
0
30 53 3 46 47 152 1 46 31 27 88 51 55 19 139 83 49 41 15 19
12
0
29 43 9 45 53 133 1 46 45 51 74 43 70 33 168 48 43 38 38 11
13
0
39 25 6 43 51 141 1 38 33 42 52 30 63 26 117 51 42 45 19 19
14
0
35 33 8 66 73 194 1 46 53 36 49 27 61 17 170 35 42 44 22 16
15
0
41 51 5 42 63 165 1 43 35 48 72 42 46 24 172 36 41 27 18 22
16
0
24 36 4 39 67 161 1 38 28 33 89 50 69 24 128 34 43 38 24 11
17
0
45 40 6 48 34 208 1 31 29 47 59 62 71 29 139 45 32 35 17 14
18
0
23 44 2 40 79 134 1 31 44 40 91 41 61 26 124 44 51 41 27 11
19
0
24 38 6 50 60 172 1 49 28 59 51 44 78 21 149 62 44 52 23 21
20
0
32 43 2 36 34 141 1 37 34 30 78 44 68 17 161 50 41 53 24 16
21
0
35 34 6 33 39 180 1 26 32 39 68 38 61 23 157 31 47 20 22 16
22
0
48 56 4 41 61 119 1 38 34 38 65 40 56 31 141 32 48 34 24 9
23
0
41 35 8 49 49 126 1 30 33 45 55 29 48 33 168 41 29 34 25 16
24
0
34 43 7 43 62 156 1 30 35 44 70 39 70 31 164 34 28 37 17 18
25
0
32 33 2 65 53 115 1 21 39 47 78 33 64 30 164 38 51 33 19 17
26
0
31 31 6 39 35 124 1 36 33 52 41 27 66 30 161 40 61 32 15 18
27
0
33 39 5 43 45 188 1 33 39 44 37 24 60 30 151 36 34 32 22 17
28
0
46 34 7 50 41 131 1 30 57 62 86 40 67 16 169 43 50 31 17 20
29
0
34 41 11 65 66 155 1 35 33 35 106 34 53 20 135 45 35 39 18 19
30
0
17 45 6 38 67 164 1 22 28 43 43 32 78 31 155 39 51 33 26 18
31
0
35 45 3 39 78 111 1 20 42 48 74 28 68 36 151 50 38 37 30 20
32
0
33 43 10 33 36 152 1 33 39 35 57 63 45 17 148 43 63 41 21 22
33
0
29 45 18 57 60 142 1 38 44 33 73 31 65 24 134 35 40 33 21 13
34
0
30 54 7 54 63 158 1 31 43 56 82 36 70 35 189 34 46 36 13 24
35
0
25 51 5 48 50 162 1 31 40 47 66 35 57 42 159 44 40 30 23 30
36
0
35 35 4 50 47 101 1 48 43 29 57 26 95 17 133 39 37 27 31 21
37
0
37 55 3 50 76 177 1 37 33 41 65 42 54 23 128 46 52 31 25 17
38
0
39 57 6 56 63 175 1 34 56 40 68 35 54 26 119 39 30 39 39 16
39
0
43 40 3 37 68 156 1 23 24 40 75 38 102 28 183 50 65 41 16 17
40
0
19 40 3 62 63 149 1 47 33 37 72 27 45 23 151 36 50 36 19 19
41
0
31 40 4 39 67 157 1 37 26 35 73 34 45 31 180 31 32 33 25 25
42
0
31 62 7 42 49 147 1 47 45 50 87 32 44 29 148 36 53 37 22 13
43
0
35 35 6 69 61 174 1 29 35 35 57 32 64 37 175 45 52 29 25 12
44
0
34 44 6 47 64 157 1 36 42 42 44 31 60 30 165 49 32 39 22 13
45
0
33 26 5 35 65 156 1 53 32 43 85 43 60 24 173 40 42 35 25 17
46
0
42 49 7 54 51 161 1 34 47 32 79 42 59 30 171 42 39 35 20 25
47
0
33 33 10 31 60 151 1 32 41 64 72 44 54 20 121 41 67 46 27 16
48
0
36 55 5 63 50 188 1 41 38 55 82 35 82 27 170 37 42 42 33 10
49
0
32 65 7 39 40 167 1 29 34 32 46 31 74 26 141 45 26 53 20 15
50
0
44 55 4 29 41 173 1 24 15 53 73 23 66 27 181 58 45 31 23 18
51
0
24 36 8 67 49 183 1 39 30 35 59 50 50 26 139 38 38 41 24 20
52
0
41 49 5 45 53 165 1 44 45 35 57 38 55 24 128 50 60 50 19 20
53
0
33 42 7 39 57 145 1 28 42 36 48 32 56 23 132 41 37 49 30 27
54
0
46 36 4 58 58 227 1 36 33 44 53 30 63 24 160 59 40 23 30 15
55
0
25 34 5 46 78 155 1 50 38 24 69 37 53 22 160 31 50 38 21 18
56
0
24 30 5 54 46 147 1 28 31 57 45 43 36 34 164 38 58 49 16 12
57
0
44 64 4 39 72 172 1 47 47 45 51 33 69 17 123 40 48 55 20 8
58
0
37 64 3 51 51 162 1 26 37 54 60 45 46 22 179 40 34 53 13 21
59
0
34 32 7 44 37 143 1 28 30 45 58 26 83 26 135 61 38 31 28 19
60
0
28 39 6 45 66 159 1 25 36 47 60 35 70 33 164 26 35 49 29 22
61
0
28 37 8 45 57 173 1 37 38 29 63 48 56 22 134 40 44 40 21 21
62
0
34 43 6 56 64 174 1 22 32 26 57 30 51 22 161 25 48 15 20 19
63
0
29 35 13 46 60 173 1 35 31 51 65 38 75 57 148 42 45 26 27 33
64
0
23 51 4 39 67 156 1 40 38 35 75 50 60 30 91 30 33 26 35 20
65
0
39 31 9 45 55 158 1 39 45 36 66 26 53 28 158 72 63 45 31 12
66
0
32 38 5 32 49 150 1 26 40 47 66 32 69 26 141 35 47 29 22 26
67
0
27 35 5 41 46 156 1 38 52 48 37 26 67 30 182 48 44 37 37 11
68
0
20 51 4 43 75 163 1 41 42 24 58 66 41 24 150 34 27 45 25 11
69
0
41 30 5 42 47 158 1 36 20 35 60 31 51 17 127 44 48 36 21 20
70
0
25 40 2 65 37 167 1 35 41 50 59 50 57 26 126 42 44 38 23 17
71
0
32 52 4 59 59 149 1 42 39 42 70 36 62 31 184 36 42 45 26 14
72
0
28 42 3 73 41 159 1 38 35 33 66 43 47 11 169 42 52 37 13 30
73
0
40 34 6 60 60 146 1 42 30 37 60 44 42 22 158 42 33 46 12 22
74
0
63 38 10 62 61 153 1 40 26 21 61 36 67 27 118 36 39 36 21 18
75
0
33 53 6 48 57 121 1 27 32 27 91 38 86 34 150 40 41 47 30 19
76
0
38 36 6 40 52 181 1 43 50 28 87 26 59 15 145 38 30 30 22 14
77
0
36 41 6 44 61 199 1 26 41 35 64 36 69 31 137 58 39 31 18 18
78
0
30 49 5 37 42 176 1 30 34 51 79 42 58 22 148 70 40 29 27 12
79
0
34 43 10 34 67 166 1 32 43 28 68 45 61 20 197 48 39 40 52 25
80
0
38 43 4 45 72 168 1 28 43 38 65 61 51 20 154 36 27 44 30 13
81
0
32 27 4 46 40 166 1 39 55 53 79 48 59 22 150 35 33 39 14 14
82
0
27 27 6 52 64 141 1 36 37 54 59 28 69 20 135 40 39 40 33 10
83
0
31 46 10 28 88 141 1 37 24 44 73 40 80 21 155 52 57 43 23 18
84
0
39 48 5 57 58 164 1 47 32 45 62 52 49 17 174 53 51 27 27 20
85
0
32 35 3 51 73 159 1 30 36 35 61 32 58 34 159 51 39 32 23 14
86
0
30 36 4 49 43 140 1 38 33 35 58 35 73 29 164 50 40 31 18 15
87
0
24 57 6 36 51 203 1 17 44 67 72 36 48 24 99 54 26 26 24 16
88
0
43 47 5 42 41 192 1 29 56 51 83 29 59 29 120 45 49 46 26 15
89
0
45 41 7 67 38 175 1 23 39 29 63 26 48 18 127 46 26 35 25 24
90
0
32 62 6 52 57 118 1 34 29 34 70 40 52 15 142 43 42 36 15 16
91
0
31 52 3 41 58 138 1 38 58 25 100 38 59 30 142 21 43 21 21 21
92
0
40 51 4 39 57 186 1 35 36 42 75 31 70 27 149 28 34 46 30 24
93
0
27 46 8 45 54 178 1 42 55 38 79 41 62 15 165 56 44 34 19 15
94
0
37 38 4 47 71 129 1 31 30 38 79 46 81 28 141 60 58 40 30 13
95
0
39 29 2 46 70 154 1 52 37 30 57 45 60 43 170 35 47 32 21 18
96
0
39 61 7 44 50 131 1 38 37 39 79 42 60 37 153 58 48 31 32 12
97
0
53 43 8 55 67 110 1 40 43 33 62 59 65 26 134 22 24 50 22 16
98
0
22 33 5 50 75 160 1 27 41 35 56 35 53 24 132 42 43 35 22 25
99
0
28 37 6 42 61 127 1 37 29 43 63 40 67 26 117 42 40 38 43 15
