30
10
761478
0
0
16 31 31 32 30 19 51 23 40 18
1
0
38 27 39 34 41 25 37 28 26 33
2
0
147 116 129 111 125 159 129 146 142 124
3
0
16 18 14 26 20 19 22 19 16 14
4
0
67 73 85 73 86 65 67 80 49 77
5
0
80 56 50 70 59 76 61 70 81 49
6
0
5 7 10 11 9 17 8 5 5 9
7
0
27 23 30 30 22 21 31 31 30 27
8
0
39 19 14 32 22 25 38 24 36 32
9
0
16 19 23 13 25 26 25 32 36 27
10
0
62 75 83 45 49 50 54 63 50 45
11
0
56 55 46 71 60 51 82 73 73 66
12
0
101 100 106 96 123 123 97 110 55 156
13
0
46 39 71 59 52 58 36 62 42 68
14
0
24 22 23 20 37 19 20 18 26 29
15
0
18 29 23 14 28 10 32 22 21 22
16
0
26 17 33 17 32 23 31 28 32 23
17
0
7 11 15 6 10 19 15 15 14 5
18
0
18 28 24 27 14 18 19 17 38 15
19
0
26 31 27 24 27 23 13 26 18 16
20
0
122 167 165 147 126 143 139 164 113 152
21
0
58 35 71 55 42 63 53 46 55 79
22
0
86 53 100 58 90 85 73 62 76 98
23
0
8 25 29 27 22 14 26 24 21 14
24
0
59 57 42 68 89 46 56 79 69 67
25
0
59 75 90 70 68 66 49 63 50 76
26
0
86 79 85 56 80 83 65 118 82 100
27
0
29 50 57 25 32 43 21 36 33 47
28
0
56 67 85 73 71 59 59 45 64 73
29
0
12 9 25 14 16 21 12 26 12 20
