10
20
363404
0
0
208 128 204 120 159 90 168 137 133 179 153 142 165 194 128 185 160 161 103 214
1
0
28 23 20 19 29 16 21 16 27 19 16 21 24 22 24 17 15 21 20 18
2
0
43 25 43 36 26 20 44 29 48 42 38 32 38 45 26 47 28 24 23 25
3
0
46 56 45 85 55 52 56 59 56 77 53 52 84 81 54 73 39 68 65 57
4
0
80 74 48 51 94 82 73 71 88 80 125 73 64 81 76 94 57 73 72 59
5
0
60 71 85 106 70 76 62 73 74 64 73 70 56 68 68 78 65 95 57 80
6
0
38 45 34 48 57 39 53 50 45 55 49 47 69 54 36 42 49 34 44 52
7
0
15 23 19 18 13 20 27 21 31 38 26 22 14 28 31 18 31 20 22 21
8
0
133 97 105 157 91 105 111 85 121 89 84 109 132 87 111 128 83 103 120 98
9
0
14 7 17 8 13 11 6 13 10 9 10 16 13 13 8 4 13 8 10 13
