10
20
2025118940
0
0
27 40 55 9 79 8 43 7 55 11 74 134 55 50 8 2 2 24 34 39
1
0
20 26 27 49 60 44 17 49 12 3 79 37 93 1 99 4 165 123 81 49
2
0
96 16 88 36 38 50 14 3 256 51 32 6 43 8 35 12 1 50 64 69
3
0
7 66 9 51 53 14 11 44 155 6 95 45 26 8 9 99 6 38 110 8
4
0
191 48 27 39 67 34 94 17 55 3 122 93 5 14 74 5 15 8 115 48
5
0
24 33 5 46 284 116 125 20 17 33 102 71 11 104 5 13 40 26 98 5
6
0
7 55 9 11 1 46 38 21 53 30 16 79 100 23 17 46 86 51 5 66
7
0
29 10 71 6 8 2 6 15 31 36 33 64 37 70 11 159 129 5 30 12
8
0
22 16 105 60 35 21 2 181 69 135 201 13 29 120 63 64 116 52 13 3
9
0
14 41 10 25 73 34 11 9 17 61 20 49 52 66 99 27 27 32 23 41
