50
10
366283
0
0
41 29 19 32 39 36 32 53 39 41
1
0
2 1 1 1 1 1 2 2 1 2
2
0
67 45 85 66 61 51 80 54 80 54
3
0
1 1 1 1 1 1 1 1 1 1
4
0
128 115 149 124 191 148 130 142 150 147
5
0
83 73 63 59 41 56 53 50 66 46
6
0
44 30 42 42 52 59 43 63 53 52
7
0
3 2 3 1 2 1 3 2 3 2
8
0
14 29 12 20 21 28 21 26 20 11
9
0
129 106 107 120 102 76 145 123 109 140
10
0
44 62 66 36 33 64 34 65 53 33
11
0
35 27 34 24 38 30 42 33 23 47
12
0
3 4 5 6 4 7 7 9 8 3
13
0
42 50 46 46 39 52 43 48 47 48
14
0
50 29 36 37 46 33 35 40 47 25
15
0
91 94 79 64 96 87 100 85 75 111
16
0
29 33 44 46 26 30 55 41 36 29
17
0
43 49 32 51 48 18 32 21 44 38
18
0
70 92 105 74 99 74 72 131 87 85
19
0
3 4 2 3 2 3 3 2 5 4
20
0
32 23 21 47 34 33 36 26 57 42
21
0
19 12 14 26 24 25 24 24 21 19
22
0
20 21 17 25 22 26 23 15 17 14
23
0
24 23 40 34 34 18 28 34 16 31
24
0
22 14 23 25 28 15 30 20 19 22
25
0
24 24 13 26 15 25 25 33 31 21
26
0
11 35 26 29 28 18 22 21 23 26
27
0
4 2 2 2 2 3 3 2 5 2
28
0
36 36 31 46 39 25 44 36 41 35
29
0
59 66 50 56 74 56 60 34 45 57
30
0
47 42 50 37 41 46 39 39 43 57
31
0
63 62 46 55 46 47 58 49 60 63
32
0
44 27 29 42 45 32 32 35 31 44
33
0
25 26 22 26 26 34 30 27 19 28
34
0
38 42 24 38 42 37 44 43 26 44
35
0
20 35 32 30 41 24 29 32 39 25
36
0
35 51 51 39 51 53 51 72 57 43
37
0
58 55 83 58 66 68 67 88 63 52
38
0
12 14 11 15 23 9 7 13 13 13
39
0
5 6 4 3 3 3 2 10 6 1
40
0
209 255 199 213 155 189 174 145 169 165
41
0
307 230 218 262 271 320 285 328 258 255
42
0
10 7 8 5 19 5 7 11 7 13
43
0
26 21 18 27 13 16 16 25 23 21
44
0
34 63 56 52 48 38 49 51 41 67
45
0
9 8 8 8 11 7 10 13 6 7
46
0
42 51 43 36 36 33 29 31 35 45
47
0
129 84 97 98 85 87 125 96 117 85
48
0
121 96 87 85 107 74 62 89 65 94
49
0
112 73 82 64 79 49 76 101 72 67
