20
10
1992490127
0
0
10 10 55 214 30 74 20 48 9 55
1
0
57 64 73 30 48 23 38 91 24 28
2
0
41 73 84 9 207 17 84 6 4 10
3
0
64 74 9 8 10 47 85 9 104 9
4
0
42 19 9 10 9 12 44 19 6 12
5
0
1 13 97 19 62 6 35 15 97 23
6
0
72 49 83 17 43 2 23 33 18 25
7
0
230 15 74 19 35 8 167 63 54 106
8
0
69 74 24 40 31 37 2 11 146 96
9
0
5 4 4 4 90 43 20 65 16 68
10
0
29 10 25 186 27 158 54 24 43 11
11
0
28 8 34 3 34 38 1 9 58 66
12
0
46 121 48 17 20 150 21 65 45 79
13
0
5 15 2 76 17 7 15 98 46 16
14
0
53 40 91 33 186 52 11 101 33 56
15
0
130 1 9 37 10 78 26 11 45 6
16
0
7 286 90 236 71 19 36 6 29 59
17
0
22 27 10 11 73 14 5 7 76 6
18
0
7 2 8 14 183 43 42 44 46 35
19
0
40 17 20 5 3 30 22 45 136 57
