200
20
75467
0
0
31 107 13 151 25 182 45 28 39 53 118 24 68 15 29 247 24 12 74 35
1
0
33 69 31 25 41 29 21 15 44 47 5 25 22 3 3 20 12 104 108 60
2
0
137 149 48 0 24 6 25 32 96 36 77 137 58 78 51 3 1 72 82 8
3
0
18 32 151 45 57 10 21 49 28 5 98 1 20 17 7 22 44 16 49 167
4
0
96 14 40 14 2 17 31 3 38 36 80 11 19 50 20 39 20 4 15 38
5
0
175 90 173 8 28 147 77 18 9 25 58 7 40 21 34 60 31 103 231 20
6
0
102 33 78 24 43 97 47 16 49 40 108 55 46 26 36 17 6 19 89 10
7
0
86 10 22 16 29 27 7 93 22 40 14 6 19 74 45 159 72 83 54 12
8
0
19 26 47 97 40 5 85 128 10 3 87 55 116 100 44 92 103 11 29 14
9
0
34 24 12 24 26 28 114 20 18 51 31 46 37 47 34 85 29 22 79 16
10
0
30 24 1 8 22 69 26 8 60 60 15 105 4 13 223 112 27 240 50 30
11
0
105 8 63 18 24 26 42 55 27 28 56 2 185 0 11 62 10 83 39 16
12
0
4 20 33 60 8 66 39 3 30 34 38 11 20 116 58 67 7 25 39 62
13
0
124 47 43 0 19 18 4 26 124 50 46 144 85 51 116 27 183 42 68 35
14
0
33 34 114 64 21 20 8 19 20 15 49 30 4 20 102 22 6 23 150 46
15
0
58 71 3 74 93 35 59 90 68 78 13 23 80 17 8 43 81 19 64 93
16
0
24 38 33 11 16 14 38 11 48 21 0 2 5 12 57 35 36 2 83 14
17
0
4 3 27 10 46 63 121 1 76 89 48 29 15 39 65 59 151 46 72 11
18
0
78 13 54 27 112 18 73 48 45 7 41 41 34 195 75 58 7 96 15 146
19
0
14 17 28 9 13 54 104 19 11 72 31 17 15 8 140 22 232 110 24 215
20
0
12 75 77 19 98 70 23 3 12 93 23 14 19 31 108 6 32 197 20 27
21
0
119 3 51 139 56 68 7 5 61 111 1 18 84 77 92 1 43 129 7 2
22
0
80 90 21 1 17 79 48 82 46 61 9 31 14 83 6 5 20 11 44 21
23
0
199 19 55 121 16 20 173 70 75 47 17 115 53 30 44 108 80 5 53 3
24
0
48 89 48 13 16 73 5 105 72 138 32 14 37 31 14 15 52 43 37 15
25
0
13 130 27 21 70 51 6 6 66 22 48 12 16 8 94 18 12 46 12 35
26
0
28 16 14 7 53 40 4 42 61 177 98 37 13 60 118 43 54 208 8 15
27
0
49 32 46 36 44 47 31 4 14 26 43 107 93 48 115 7 159 60 4 11
28
0
4 66 109 0 56 5 18 56 64 76 27 16 96 7 46 5 75 1 31 3
29
0
37 65 16 7 11 13 65 14 21 13 7 10 160 16 14 72 55 3 20 27
30
0
71 7 75 8 14 35 12 7 110 22 56 29 22 40 7 4 58 93 38 89
31
0
54 2 10 1 21 8 78 23 176 92 3 29 30 4 41 34 10 41 30 64
32
0
30 74 1 53 7 13 66 23 51 30 33 47 0 8 14 59 48 49 50 200
33
0
265 46 87 80 7 40 46 96 109 57 110 38 13 96 105 15 6 34 28 19
34
0
152 96 8 22 62 17 133 21 73 33 119 27 139 80 54 24 12 1 33 49
35
0
67 6 0 57 27 36 21 67 25 5 10 52 18 50 49 7 21 18 12 22
36
0
94 17 18 57 7 11 177 46 85 37 29 53 46 89 37 1 114 37 4 43
37
0
18 42 83 88 207 34 50 16 1 70 63 127 75 39 136 8 15 27 76 33
38
0
54 12 41 6 4 63 13 19 11 9 77 27 65 117 20 21 40 17 131 17
39
0
20 211 112 18 12 42 2 47 5 110 82 8 3 45 11 138 41 30 15 104
40
0
216 2 11 55 17 47 46 4 22 15 6 5 12 47 78 10 117 54 143 71
41
0
4 51 31 59 17 15 26 47 88 15 108 15 8 35 64 126 14 2 12 58
42
0
8 2 61 141 16 66 51 51 95 41 35 2 6 30 129 102 2 81 108 7
43
0
31 64 59 60 53 102 3 153 14 109 69 308 23 72 47 58 34 33 104 58
44
0
7 18 210 2 23 21 17 20 53 32 9 138 7 33 9 6 28 165 40 4
45
0
6 8 194 161 29 56 6 101 45 12 10 11 18 89 3 34 69 79 154 78
46
0
14 79 16 11 44 50 71 17 129 56 29 27 31 41 389 4 176 149 11 56
47
0
49 51 52 23 0 28 76 133 8 21 32 2 37 10 15 90 44 46 28 16
48
0
8 40 176 86 32 78 27 43 45 93 146 90 164 18 3 17 95 59 20 15
49
0
78 38 23 108 7 70 41 246 141 32 83 150 100 3 10 51 10 10 46 77
50
0
68 54 193 30 163 15 31 5 2 208 74 0 36 22 63 28 106 9 62 10
51
0
1 20 63 6 45 59 55 58 89 65 13 14 61 40 114 59 18 5 34 75
52
0
5 108 72 59 15 79 1 66 61 84 40 9 22 15 19 15 99 123 18 111
53
0
44 29 22 22 25 26 5 3 29 61 14 10 4 31 77 68 51 103 110 12
54
0
17 93 45 118 49 62 111 40 23 36 78 27 161 124 22 28 52 37 91 10
55
0
15 85 9 74 82 61 33 34 166 42 126 51 17 87 23 14 25 4 1 4
56
0
19 16 20 18 39 32 24 26 28 222 36 33 47 6 64 97 12 47 66 123
57
0
3 111 86 30 8 6 35 47 222 74 151 48 78 40 34 26 59 53 18 31
58
0
85 114 3 8 47 29 19 4 23 102 14 4 176 95 39 26 4 1 22 42
59
0
74 15 65 90 133 14 30 30 96 29 218 55 7 141 59 254 90 33 47 6
60
0
3 19 35 0 1 324 4 98 73 46 23 38 105 21 89 18 2 66 53 94
61
0
43 33 72 166 3 164 1 15 38 37 25 92 70 220 81 14 126 11 77 26
62
0
2 4 29 81 69 20 174 35 93 123 35 54 73 107 106 137 91 48 11 196
63
0
45 15 77 40 40 116 64 17 22 12 96 21 28 2 29 10 23 11 128 21
64
0
35 152 9 0 70 38 69 44 27 63 29 151 5 39 63 6 24 10 48 9
65
0
107 2 49 67 7 93 108 7 32 6 84 47 30 30 42 8 29 60 60 62
66
0
7 60 70 77 111 6 32 67 33 24 13 6 60 27 23 50 21 1 79 22
67
0
0 49 35 80 1 132 1 58 6 7 17 17 5 211 12 17 51 77 21 3
68
0
127 101 15 13 66 9 47 3 17 190 65 162 48 11 46 68 16 61 209 115
69
0
52 92 26 2 17 15 2 11 31 95 44 80 21 16 31 63 24 8 64 16
70
0
118 59 11 34 62 30 26 53 3 51 86 75 85 51 3 2 27 35 36 17
71
0
40 76 2 22 100 4 4 154 8 26 1 41 56 11 59 43 13 73 197 211
72
0
8 86 246 155 90 24 43 72 0 39 44 27 27 10 111 78 1 71 22 26
73
0
8 69 182 18 31 11 16 1 50 91 22 12 65 99 3 55 69 10 7 103
74
0
111 18 9 68 88 65 67 186 62 33 115 35 52 189 18 6 0 120 9 10
75
0
70 36 38 10 5 5 55 94 24 40 83 129 48 40 32 48 1 2 32 154
76
0
13 44 10 10 52 5 168 218 7 11 161 212 15 36 5 28 121 47 20 44
77
0
20 20 7 80 14 143 40 37 8 18 112 48 1 60 19 18 5 6 39 7
78
0
98 134 31 31 6 31 98 4 60 24 8 26 10 100 31 30 6 91 87 66
79
0
38 59 1 5 77 55 40 26 28 68 128 112 50 22 16 120 71 27 14 73
80
0
29 265 81 23 26 2 39 50 5 41 5 64 62 6 40 14 95 17 111 25
81
0
21 46 85 27 55 3 124 120 172 27 46 40 44 46 10 10 24 19 2 21
82
0
63 37 199 85 6 3 151 14 40 34 29 50 34 31 55 126 21 8 75 18
83
0
32 12 24 45 16 59 42 2 21 70 44 8 315 76 103 8 49 40 7 4
84
0
11 133 80 72 25 1 112 32 13 64 33 14 2 186 1 19 15 22 114 6
85
0
20 15 37 5 64 95 48 101 32 67 20 41 6 80 34 95 34 139 58 158
86
0
27 27 49 16 24 165 41 5 91 78 34 43 112 24 84 21 33 47 12 143
87
0
30 69 87 15 7 76 5 33 48 27 1 47 16 1 33 82 33 99 135 28
88
0
19 156 35 48 23 91 2 215 1 7 1 10 90 32 156 16 12 21 16 7
89
0
32 18 0 77 41 6 74 28 45 7 31 195 3 30 19 51 83 35 14 21
90
0
58 16 99 2 76 7 15 78 69 72 24 147 152 29 123 202 8 4 9 31
91
0
0 96 2 221 38 56 43 75 50 36 29 76 62 27 118 34 5 117 183 2
92
0
20 19 146 2 196 4 69 49 8 16 9 115 39 26 14 203 19 31 77 4
93
0
6 52 55 74 24 32 8 33 12 28 59 10 47 30 74 53 17 8 75 7
94
0
88 33 22 65 24 68 3 5 22 30 6 52 2 18 16 36 66 93 14 25
95
0
26 19 10 5 21 22 15 40 40 128 21 7 18 50 11 29 29 8 34 84
96
0
83 191 24 212 124 58 20 0 47 21 107 5 179 22 3 72 45 43 61 124
97
0
26 98 89 11 9 22 139 36 63 25 145 39 93 36 89 4 6 2 4 145
98
0
20 5 22 43 19 107 1 76 96 1 23 33 22 1 13 47 83 10 11 18
99
0
26 134 41 11 3 18 61 38 209 51 46 103 20 9 227 3 206 39 8 58
100
0
128 1 1 51 115 35 83 60 17 55 32 108 12 23 111 7 144 6 38 44
101
0
18 5 66 46 57 34 17 61 55 3 22 131 55 6 15 3 18 64 15 71
102
0
11 72 73 18 5 12 45 2 205 38 51 18 7 28 47 43 13 64 0 26
103
0
84 53 42 12 32 45 31 38 15 7 22 61 80 21 36 69 9 1 16 144
104
0
14 74 14 38 14 24 47 6 44 70 1 47 22 10 22 14 176 61 37 77
105
0
22 21 32 15 31 26 37 7 463 20 55 37 35 18 3 75 37 70 34 63
106
0
8 19 61 4 58 1 8 16 69 6 32 26 10 23 32 129 36 14 25 25
107
0
4 20 27 2 61 131 33 2 39 51 41 105 61 61 32 12 103 42 19 107
108
0
24 25 63 10 116 71 68 33 37 2 18 59 144 24 26 38 118 73 42 10
109
0
3 18 159 74 79 5 18 36 12 41 10 11 48 75 9 100 48 45 4 3
110
0
9 44 15 29 41 22 164 5 4 73 64 18 5 83 35 149 63 38 96 42
111
0
13 43 19 11 0 31 60 229 2 23 4 38 88 27 117 2 60 206 39 8
112
0
133 19 158 21 75 27 21 49 36 67 56 62 17 77 37 36 3 5 169 22
113
0
106 56 133 154 31 148 1 81 17 6 1 4 2 19 125 96 1 60 132 5
114
0
50 6 179 169 8 180 56 44 12 94 10 20 35 2 99 69 63 0 66 50
115
0
3 60 23 73 19 6 57 93 23 11 2 41 68 4 8 81 1 12 146 82
116
0
2 82 56 182 89 83 22 55 22 0 13 36 22 9 33 33 10 33 3 90
117
0
68 191 33 72 46 45 12 31 182 24 55 111 45 84 99 5 28 15 52 111
118
0
11 3 69 186 132 67 18 72 54 143 63 1 51 15 26 274 89 78 66 34
119
0
52 22 19 127 25 78 3 66 25 29 43 1 21 45 15 217 22 13 99 73
120
0
7 24 31 4 54 121 27 63 7 60 32 46 11 90 50 15 37 100 33 55
121
0
37 236 31 18 19 10 1 1 20 15 41 114 9 23 22 2 6 5 0 13
122
0
19 33 29 13 8 77 17 89 84 137 5 50 5 66 17 76 17 40 11 21
123
0
19 52 62 2 27 64 245 7 13 37 145 2 5 37 82 32 10 22 101 4
124
0
62 47 129 14 71 1 18 50 35 31 134 2 113 38 1 15 14 21 153 5
125
0
10 55 22 145 7 13 83 9 24 74 21 81 21 4 14 87 30 4 48 53
126
0
21 8 19 7 37 17 48 81 21 17 105 62 65 1 48 1 13 60 32 10
127
0
94 45 19 102 56 38 1 70 303 41 40 5 17 1 2 33 27 311 15 50
128
0
2 2 30 53 19 84 27 39 148 43 118 16 98 19 10 6 49 5 13 22
129
0
99 74 162 24 30 110 32 12 6 16 15 8 14 26 17 235 103 32 11 5
130
0
76 105 14 13 12 20 30 42 88 34 84 20 96 41 57 21 33 70 20 31
131
0
52 19 80 15 163 26 3 4 26 22 115 44 122 68 56 39 19 24 64 59
132
0
21 13 162 78 170 18 88 39 34 27 147 17 42 47 56 9 24 46 15 51
133
0
193 86 9 136 22 52 4 22 60 9 41 30 9 91 37 10 3 163 69 26
134
0
36 99 25 4 7 34 22 12 45 100 16 29 34 26 41 58 99 213 10 46
135
0
7 105 11 35 112 3 41 32 49 5 15 81 14 35 64 1 3 10 15 77
136
0
12 79 46 68 133 27 84 147 19 41 82 143 8 107 27 26 15 5 7 1
137
0
24 143 20 22 1 17 12 22 49 7 134 30 32 141 47 6 11 47 15 7
138
0
20 131 23 47 130 54 38 74 121 36 22 10 13 43 6 142 33 26 19 46
139
0
6 8 56 117 196 67 56 18 28 1 43 16 160 53 31 103 4 3 86 98
140
0
108 33 28 6 122 47 52 26 48 79 63 24 24 83 1 20 70 17 57 15
141
0
19 8 13 84 51 52 86 187 6 86 43 7 8 5 34 54 114 10 57 42
142
0
33 23 60 58 108 20 7 26 14 3 65 38 26 13 67 62 49 58 20 38
143
0
178 8 2 46 3 77 6 51 14 89 61 15 79 17 220 69 33 18 21 9
144
0
50 18 104 143 31 124 27 101 39 13 10 60 88 15 89 9 5 36 13 26
145
0
255 91 46 65 13 126 38 50 79 0 46 42 6 71 48 33 57 108 232 9
146
0
5 2 115 116 33 106 7 16 49 39 13 74 7 129 1 33 69 124 22 127
147
0
46 2 54 58 7 21 83 21 21 57 0 28 78 23 260 7 111 40 56 83
148
0
88 98 75 18 8 8 11 11 29 16 158 55 17 22 129 9 4 19 131 61
149
0
1 13 7 17 24 40 29 63 103 110 28 60 1 45 56 32 19 7 58 7
150
0
18 43 55 5 34 68 78 53 84 40 44 26 66 56 10 66 85 20 24 56
151
0
1 23 24 65 22 1 11 21 15 168 84 1 113 33 36 76 48 50 56 12
152
0
2 21 51 102 16 144 45 38 53 50 2 41 39 100 122 89 83 36 45 33
153
0
125 74 30 3 42 15 21 67 60 6 7 105 31 13 172 57 113 8 174 90
154
0
1 30 4 22 141 14 2 40 53 32 20 88 5 22 32 53 94 86 142 119
155
0
11 2 14 57 50 35 88 17 33 18 26 144 10 43 6 10 22 77 29 27
156
0
17 20 45 15 76 31 35 64 23 92 13 104 96 30 252 51 3 8 31 3
157
0
185 19 42 65 5 14 50 21 22 17 54 58 32 78 15 2 15 70 56 22
158
0
40 59 43 82 37 32 14 98 97 4 20 61 9 36 3 22 13 22 22 141
159
0
60 2 47 84 29 40 5 2 57 37 201 55 27 21 158 37 19 20 159 19
160
0
30 22 25 45 68 10 3 18 59 103 22 11 28 55 48 31 130 77 15 63
161
0
113 44 123 113 71 10 15 49 27 23 28 17 78 33 75 113 116 9 94 95
162
0
98 36 93 16 36 142 89 91 90 1 64 38 71 58 227 28 44 24 31 56
163
0
62 26 33 95 62 41 28 101 23 15 2 18 7 94 24 61 14 45 25 2
164
0
27 51 79 65 81 16 31 111 51 3 194 36 36 9 29 28 27 12 22 70
165
0
2 36 268 5 3 48 42 56 44 69 57 29 11 67 142 21 47 24 46 73
166
0
72 93 30 113 25 34 4 71 52 6 98 21 27 17 62 199 74 95 109 40
167
0
31 5 98 45 27 54 11 13 8 20 136 4 182 21 10 2 12 16 22 32
168
0
18 5 52 4 22 62 58 239 61 122 16 2 9 10 86 7 79 77 51 9
169
0
110 3 48 4 64 25 33 12 16 24 8 36 69 8 111 108 9 205 51 2
170
0
20 55 3 21 8 65 95 17 38 62 38 115 64 100 97 38 22 31 13 33
171
0
8 2 4 9 69 41 103 7 16 2 28 12 4 86 107 76 2 50 79 3
172
0
26 12 18 73 15 13 32 14 81 50 102 3 2 130 9 14 36 41 5 29
173
0
72 9 8 40 5 75 22 16 123 71 4 5 19 27 32 122 75 39 31 112
174
0
17 97 86 24 155 53 0 55 34 29 15 26 37 102 28 43 67 26 28 143
175
0
47 60 20 65 49 26 25 88 15 27 110 169 150 11 5 39 93 153 27 13
176
0
66 112 111 22 64 100 157 5 15 16 34 73 22 27 53 5 14 14 79 20
177
0
1 31 5 98 40 56 26 152 146 125 11 78 63 17 7 0 90 19 1 93
178
0
3 7 106 11 71 118 18 20 122 6 25 59 57 5 11 9 3 26 114 13
179
0
23 105 23 69 6 6 148 37 22 78 5 9 36 9 61 52 75 3 288 16
180
0
94 3 63 132 1 71 37 10 1 75 5 73 2 126 75 130 65 11 17 12
181
0
24 54 132 44 53 45 55 73 43 78 68 1 145 6 4 21 10 30 27 123
182
0
71 9 2 42 5 47 120 70 1 100 157 104 22 15 15 20 36 7 115 35
183
0
1 13 53 8 70 268 111 2 8 15 77 27 9 17 11 27 56 46 9 21
184
0
29 61 4 130 93 171 21 87 17 29 203 15 57 5 38 362 16 17 29 63
185
0
27 169 5 7 87 12 18 112 37 49 41 0 45 10 8 30 42 25 99 165
186
0
66 65 44 10 37 153 64 43 26 3 520 8 0 50 44 15 1 103 23 60
187
0
9 39 39 25 15 84 55 156 37 62 40 2 115 19 8 234 22 26 16 11
188
0
114 70 153 39 46 4 26 125 4 5 20 5 20 30 106 71 21 225 56 21
189
0
123 70 30 84 0 69 38 71 6 171 140 73 54 49 5 27 174 20 17 3
190
0
13 93 4 49 33 4 10 20 58 81 148 17 3 7 38 2 38 9 46 98
191
0
24 72 56 9 43 74 99 131 114 19 5 11 152 7 15 24 171 59 100 8
192
0
34 55 155 127 77 4 44 45 108 77 7 25 33 17 7 33 95 113 33 89
193
0
4 14 73 4 18 108 139 30 10 1 2 127 39 76 117 54 75 1 106 34
194
0
13 58 4 96 8 159 61 63 53 195 47 17 47 20 63 34 54 19 58 79
195
0
21 50 80 32 125 20 4 119 90 17 129 25 7 120 11 3 12 12 44 13
196
0
7 24 0 2 62 25 4 84 8 28 183 4 83 14 164 7 19 11 25 14
197
0
12 5 44 65 316 32 8 54 147 127 5 32 87 23 76 124 4 2 91 23
198
0
42 146 258 38 21 119 6 20 9 9 1 60 12 54 10 42 169 27 117 24
199
0
27 55 42 2 25 32 19 145 39 86 26 16 49 98 36 16 25 97 119 75
