200
20
359993
0
0
27 127 11 42 21 10 23 13 9 64 64 163 8 82 29 2 52 12 13 29
1
0
34 157 7 49 18 15 28 14 9 74 81 183 4 54 38 4 70 17 4 26
2
0
29 191 8 31 8 7 26 12 7 51 68 165 3 92 32 4 50 22 4 14
3
0
19 148 7 65 11 5 33 8 15 69 73 225 3 66 24 3 59 16 6 27
4
0
23 139 8 45 11 10 24 13 9 52 83 223 4 59 34 3 39 14 7 23
5
0
25 118 11 48 21 8 15 6 13 80 81 177 5 75 42 3 41 18 5 22
6
0
25 144 17 34 20 8 16 14 15 44 68 200 3 75 23 4 85 12 5 27
7
0
16 145 5 41 17 10 29 13 10 60 60 168 5 68 44 4 58 20 10 19
8
0
17 190 10 43 27 7 25 16 21 46 73 174 4 100 30 4 63 26 5 15
9
0
17 153 5 36 14 6 21 18 14 37 85 201 4 61 26 2 94 29 5 20
10
0
25 164 7 53 16 6 24 6 6 69 58 179 3 73 24 3 56 11 6 24
11
0
12 138 5 36 14 8 21 7 7 59 105 179 5 63 34 2 48 18 5 25
12
0
31 126 13 29 17 7 16 18 9 58 64 217 5 65 29 2 77 15 6 31
13
0
11 173 10 48 12 7 19 7 20 40 71 218 4 86 30 8 86 15 5 26
14
0
18 119 18 30 8 12 23 13 16 66 75 197 5 78 32 2 66 16 4 40
15
0
18 202 9 37 14 10 26 11 12 81 90 169 4 82 26 3 56 8 7 22
16
0
25 178 13 72 13 8 14 10 16 50 81 203 6 50 24 3 46 12 5 18
17
0
20 146 7 49 31 9 18 10 13 73 100 182 7 78 29 2 62 14 9 18
18
0
10 176 9 35 16 9 25 8 15 44 125 212 2 103 33 5 76 19 3 17
19
0
14 112 10 37 17 7 23 10 10 51 98 164 5 48 39 2 37 24 11 22
20
0
11 143 7 51 7 8 23 6 17 37 51 170 6 73 26 4 72 22 6 21
21
0
15 180 8 42 18 9 25 10 11 59 80 218 3 77 30 4 51 22 10 23
22
0
23 162 5 57 10 15 32 15 15 57 91 201 3 91 27 2 52 14 6 21
23
0
19 144 7 36 10 11 20 14 9 59 75 207 2 72 35 4 78 11 6 19
24
0
15 168 9 50 12 10 29 14 13 53 95 181 5 73 21 3 58 16 7 20
25
0
39 185 7 44 8 8 30 11 23 54 71 141 5 64 29 2 47 16 8 21
26
0
25 147 8 37 17 6 38 13 15 61 69 174 7 78 24 2 71 9 7 31
27
0
23 136 7 37 21 11 21 14 18 52 89 196 4 69 36 5 36 12 12 22
28
0
18 157 16 45 11 10 54 11 12 51 81 192 7 88 36 5 72 9 10 19
29
0
34 163 6 55 13 5 15 9 8 67 71 152 3 78 31 3 65 7 11 18
30
0
21 165 7 43 13 8 32 6 9 54 56 180 3 85 18 4 89 24 6 20
31
0
21 147 10 51 13 8 19 14 9 53 53 232 5 71 23 5 63 16 10 25
32
0
21 174 10 43 11 4 16 21 14 64 96 178 4 56 28 3 62 16 6 27
33
0
25 223 10 46 14 10 15 10 17 56 55 206 3 81 39 4 61 20 3 32
34
0
17 171 8 52 18 8 24 15 9 46 84 157 6 82 20 3 52 12 6 24
35
0
20 165 10 66 10 8 25 13 18 70 65 192 7 106 34 3 50 15 11 18
36
0
26 177 13 57 23 6 17 5 18 59 118 179 3 68 30 3 71 24 20 32
37
0
21 145 8 47 17 6 23 19 16 55 90 190 5 69 34 3 68 20 6 29
38
0
19 157 13 57 11 8 34 15 16 59 83 212 4 80 21 5 45 9 7 19
39
0
21 144 9 35 19 6 20 9 6 38 97 196 7 100 21 7 78 13 8 21
40
0
23 131 6 56 15 5 22 6 8 57 106 192 3 49 40 2 56 10 8 24
41
0
21 172 13 60 6 9 24 11 14 55 57 194 5 56 28 3 74 9 6 21
42
0
15 159 6 44 13 7 26 21 17 70 100 234 5 91 25 5 70 8 8 31
43
0
23 148 4 38 12 5 26 10 15 46 82 247 3 63 29 4 55 11 6 13
44
0
14 160 11 36 12 8 24 19 12 56 92 150 8 65 30 5 69 13 7 28
45
0
16 153 9 46 17 3 29 12 15 66 50 224 4 67 26 4 64 16 9 26
46
0
21 139 14 48 14 7 26 18 13 57 78 164 4 80 36 3 51 15 8 19
47
0
18 185 12 41 18 6 32 10 11 50 67 198 5 73 32 2 63 11 15 28
48
0
19 153 8 38 17 14 16 11 11 71 64 194 8 78 26 2 62 16 8 22
49
0
36 158 9 55 14 9 19 7 12 54 47 204 4 69 36 4 73 11 8 31
50
0
18 163 7 57 10 11 22 13 13 44 100 159 5 66 23 3 49 12 7 18
51
0
40 105 7 32 18 12 24 7 14 43 77 172 4 70 19 6 97 15 6 18
52
0
31 131 10 52 12 13 20 14 13 48 77 172 7 73 29 3 45 22 9 24
53
0
18 132 9 41 19 6 23 8 19 39 62 184 6 73 18 4 51 20 12 23
54
0
17 163 7 31 18 11 18 16 17 40 87 230 3 56 22 2 61 11 7 23
55
0
26 174 7 44 14 6 25 7 12 36 78 205 3 40 29 3 73 14 7 20
56
0
21 160 16 36 12 13 25 14 13 52 83 152 7 107 29 4 79 19 7 14
57
0
24 203 6 53 22 10 21 10 11 46 78 184 5 95 25 4 60 8 5 32
58
0
33 147 8 57 13 5 17 15 10 89 56 201 3 74 30 3 40 18 4 32
59
0
25 160 6 60 10 13 28 11 13 45 76 193 3 116 30 2 56 11 8 22
60
0
18 180 5 50 13 8 22 11 8 67 79 200 3 84 34 5 78 13 7 32
61
0
26 149 11 50 14 6 22 21 17 68 64 172 7 75 31 4 43 12 13 20
62
0
16 164 4 61 15 13 27 9 18 45 76 175 4 90 46 4 67 13 9 19
63
0
25 169 10 52 25 10 29 15 17 55 89 213 6 87 30 2 52 18 8 23
64
0
23 132 11 34 15 6 27 16 14 48 78 216 4 89 67 2 79 19 7 23
65
0
18 153 13 46 13 10 22 9 14 48 99 168 4 97 41 2 38 18 13 25
66
0
13 179 9 50 10 6 13 10 10 40 87 196 7 81 30 4 82 6 4 14
67
0
14 128 11 43 24 10 22 6 6 56 69 158 5 64 25 2 66 18 6 25
68
0
15 142 14 38 16 11 26 12 16 68 83 180 6 56 33 2 62 17 11 24
69
0
22 166 9 37 20 10 25 10 10 55 110 206 4 78 14 2 54 16 12 25
70
0
9 120 13 74 16 6 22 9 21 42 77 158 6 70 23 3 55 11 7 18
71
0
31 160 10 25 13 12 15 15 15 29 66 181 6 65 25 3 89 24 9 20
72
0
24 146 10 33 14 6 19 10 14 76 68 205 9 86 23 4 37 8 14 20
73
0
17 179 4 47 9 9 20 6 11 57 69 232 4 88 27 3 58 12 7 21
74
0
19 145 11 49 9 5 22 8 15 76 69 210 5 65 33 4 56 16 8 29
75
0
11 122 8 49 13 7 28 8 9 50 38 172 2 77 28 2 83 14 7 31
76
0
25 139 7 40 16 7 22 16 19 51 65 146 3 104 30 3 64 12 6 22
77
0
23 150 7 62 14 8 20 10 15 68 87 142 7 77 21 2 71 17 13 26
78
0
19 121 7 44 14 4 17 13 26 65 79 184 5 87 41 3 52 16 6 22
79
0
15 121 12 51 14 10 23 12 17 38 78 193 5 75 35 3 55 4 5 20
80
0
27 159 6 45 17 11 52 10 13 45 74 205 6 62 32 2 53 20 9 27
81
0
21 176 9 43 8 4 34 10 10 63 73 158 4 91 30 2 54 18 4 29
82
0
31 198 9 32 6 5 20 9 14 36 88 152 10 69 34 2 75 17 4 28
83
0
14 164 12 45 10 10 27 12 22 53 75 199 4 80 30 3 49 13 4 30
84
0
18 165 9 42 13 11 18 12 11 52 59 167 3 75 40 3 57 15 5 12
85
0
27 146 13 36 13 17 28 13 8 42 90 183 4 70 38 4 61 16 11 20
86
0
23 154 8 53 15 8 17 13 10 59 56 183 5 75 39 5 89 16 8 33
87
0
15 162 8 41 15 12 25 16 8 66 89 158 5 72 26 2 91 18 7 20
88
0
13 170 9 43 14 7 25 16 10 67 104 191 4 65 19 2 56 18 10 29
89
0
17 145 11 40 20 5 24 12 14 43 75 198 4 68 30 4 60 13 9 24
90
0
25 192 8 47 11 5 19 13 12 53 83 186 6 88 20 3 61 13 9 23
91
0
19 167 9 44 12 12 31 9 14 65 62 173 6 69 52 6 73 8 5 33
92
0
21 127 10 56 15 6 16 2 10 72 59 219 3 78 29 3 78 14 5 30
93
0
22 131 7 44 15 11 23 20 22 35 76 234 5 84 31 2 57 13 7 27
94
0
19 167 11 42 12 6 19 13 14 49 77 180 5 54 37 4 50 9 7 19
95
0
13 160 7 40 13 8 20 7 11 55 88 162 4 76 37 2 61 18 7 24
96
0
16 185 12 51 15 9 23 9 9 60 72 188 9 89 36 3 47 10 13 26
97
0
28 140 8 58 16 10 21 10 15 57 74 212 5 94 28 4 53 22 10 29
98
0
22 168 8 46 14 9 23 14 17 58 113 222 4 79 23 5 65 13 8 19
99
0
26 117 11 46 8 8 28 14 20 42 106 234 4 71 29 2 70 15 6 20
100
0
27 166 8 39 12 6 22 15 23 47 75 172 5 63 53 2 79 17 9 22
101
0
15 140 9 53 11 3 30 11 9 73 85 205 6 92 24 2 58 17 16 14
102
0
18 204 10 42 12 9 23 7 14 66 84 208 5 53 22 2 37 15 9 26
103
0
15 158 14 57 16 6 28 8 14 61 69 217 7 76 34 3 65 14 8 30
104
0
12 179 13 48 23 14 24 11 13 51 65 201 3 86 31 5 59 10 8 21
105
0
11 157 9 36 18 5 28 7 9 58 72 170 8 74 34 2 53 19 6 18
106
0
23 178 6 38 19 11 21 6 19 64 65 190 4 106 20 4 69 14 13 15
107
0
29 182 8 41 9 5 35 8 14 48 79 231 12 60 27 4 78 12 13 20
108
0
17 192 9 43 18 11 47 7 10 50 85 180 5 88 52 4 49 16 7 21
109
0
14 138 14 54 11 9 19 7 14 55 78 170 3 90 36 3 66 15 11 28
110
0
19 159 6 32 8 11 17 19 13 52 71 169 5 74 43 3 52 13 12 29
111
0
23 183 12 58 13 6 29 7 9 65 84 196 7 79 27 6 44 18 6 25
112
0
27 201 7 37 11 6 20 10 12 40 85 185 6 66 22 2 53 8 8 22
113
0
31 144 12 60 12 10 12 12 21 58 81 147 5 66 49 4 42 14 11 17
114
0
17 131 10 63 19 12 18 14 10 62 65 172 8 70 21 2 55 16 3 31
115
0
17 193 8 58 27 8 35 9 19 70 70 155 7 59 35 4 59 8 9 25
116
0
30 142 9 60 18 9 24 9 17 62 76 172 4 68 43 3 52 23 7 35
117
0
22 187 7 35 15 12 12 12 10 61 87 143 6 96 27 3 75 8 8 14
118
0
19 127 7 53 17 11 40 19 21 55 94 206 4 87 42 4 76 14 5 27
119
0
37 137 10 45 23 8 22 6 14 45 74 199 7 89 26 3 55 20 5 28
120
0
25 155 13 62 12 11 12 10 11 46 68 188 11 72 32 2 55 12 6 25
121
0
34 153 9 41 10 11 12 11 21 35 65 188 2 83 44 4 80 10 13 17
122
0
31 154 9 34 21 6 17 8 13 55 66 186 4 136 20 4 74 7 14 25
123
0
20 173 10 36 13 17 16 9 13 49 71 205 6 47 21 1 46 11 8 34
124
0
13 156 11 43 11 9 26 8 6 78 75 168 5 87 39 5 60 19 6 35
125
0
18 147 9 42 10 6 32 6 9 65 77 183 6 88 33 3 46 16 13 19
126
0
19 194 5 79 11 9 38 10 18 60 95 154 5 88 35 2 60 20 15 19
127
0
17 166 10 41 17 7 19 5 18 37 88 149 4 76 29 3 47 12 5 19
128
0
21 170 11 53 23 4 22 18 12 51 49 210 3 74 45 2 46 18 8 25
129
0
14 192 10 43 19 14 24 4 17 73 85 152 4 68 32 3 54 12 6 17
130
0
10 104 13 57 16 6 20 6 12 88 61 205 4 81 15 2 64 16 5 17
131
0
15 149 19 54 24 4 15 12 14 53 50 154 6 99 25 3 58 20 5 20
132
0
23 154 8 42 18 7 17 16 13 39 99 211 5 85 36 2 62 10 6 19
133
0
19 179 17 55 10 8 30 14 9 60 64 192 3 85 35 2 77 11 6 19
134
0
17 159 16 39 11 8 16 6 9 61 82 174 4 76 19 3 65 21 7 34
135
0
32 163 10 41 12 7 23 13 10 51 121 205 10 63 44 3 41 16 5 20
136
0
28 161 11 40 14 8 24 13 12 77 44 226 2 67 30 4 79 9 6 24
137
0
24 161 7 52 16 6 26 6 29 49 61 170 6 75 24 2 56 14 5 12
138
0
33 143 10 41 22 7 16 9 13 41 58 212 7 63 33 3 69 12 7 24
139
0
15 180 7 56 23 10 22 8 15 44 90 235 4 79 30 2 74 15 10 24
140
0
20 190 12 45 6 7 20 13 13 58 83 179 2 65 35 2 57 20 7 33
141
0
23 214 4 53 19 7 15 9 13 55 80 162 4 78 31 2 52 15 11 15
142
0
19 134 13 66 19 12 18 8 21 57 67 185 2 72 22 5 87 17 9 31
143
0
14 142 13 54 19 11 23 5 11 57 63 191 5 88 25 4 88 8 8 27
144
0
31 157 10 48 14 7 19 7 16 35 74 157 4 57 32 2 59 8 7 21
145
0
18 125 5 26 19 5 31 10 18 58 76 190 7 77 23 5 44 14 11 21
146
0
22 169 9 28 14 7 24 8 18 92 70 170 3 96 31 3 80 13 9 31
147
0
19 169 12 65 16 10 20 11 9 39 73 164 4 74 23 3 68 17 9 35
148
0
20 180 9 45 25 15 22 6 15 53 77 159 4 67 35 4 68 13 10 25
149
0
20 171 11 38 14 13 11 12 12 54 87 197 2 57 27 2 59 17 6 22
150
0
13 159 14 34 17 10 20 11 13 47 72 208 5 66 29 7 68 13 7 20
151
0
11 149 12 46 21 9 23 12 7 61 62 190 5 110 27 4 58 14 6 22
152
0
32 175 9 50 11 9 14 9 13 68 90 207 4 78 53 2 67 12 6 24
153
0
20 133 6 52 12 8 23 14 11 73 101 164 5 67 25 2 58 19 11 21
154
0
22 136 7 30 9 5 33 11 18 49 58 162 9 86 23 3 74 15 12 24
155
0
23 127 12 58 15 9 22 13 18 57 76 183 8 57 30 4 66 14 8 16
156
0
29 127 8 59 11 8 20 10 14 72 57 193 5 96 44 2 49 10 6 21
157
0
16 143 8 32 16 14 18 10 13 45 42 208 6 96 30 7 68 11 10 36
158
0
22 169 10 36 18 8 28 11 19 48 77 221 5 84 29 3 74 19 6 21
159
0
20 141 16 59 15 10 27 13 13 60 79 192 4 66 34 1 66 17 6 32
160
0
21 140 7 32 18 14 18 7 11 51 75 215 6 67 24 3 57 13 7 38
161
0
20 155 7 34 11 10 31 10 10 80 65 159 3 73 22 4 62 16 7 19
162
0
20 211 6 39 9 11 32 14 24 59 82 200 7 67 30 2 74 16 7 23
163
0
25 152 13 46 9 6 19 13 16 46 71 154 7 66 40 3 68 14 16 30
164
0
27 156 13 58 10 13 24 17 7 64 58 185 4 68 43 5 49 15 5 30
165
0
22 131 8 51 11 9 17 14 9 60 91 194 7 70 27 3 55 30 7 24
166
0
24 181 13 61 13 8 21 11 10 68 75 205 4 71 34 2 59 10 7 26
167
0
32 202 15 44 10 16 20 21 18 69 78 221 4 93 38 8 86 22 10 40
168
0
30 193 12 65 13 10 22 12 12 62 68 165 8 82 29 1 62 22 4 18
169
0
16 153 8 60 10 12 26 11 11 40 53 184 5 79 21 4 55 15 11 15
170
0
30 163 7 44 17 15 19 11 19 62 91 191 5 83 40 5 48 19 8 24
171
0
22 153 7 34 16 9 21 15 10 58 92 183 3 104 33 3 56 27 6 15
172
0
14 158 9 46 12 9 20 8 12 72 75 184 5 86 28 3 64 17 6 23
173
0
29 170 8 57 11 7 20 9 12 55 79 190 7 88 29 4 44 14 6 23
174
0
24 157 12 30 14 14 18 15 12 77 73 192 3 84 36 3 60 14 5 17
175
0
20 157 10 40 14 11 38 15 8 50 57 227 4 68 39 2 90 13 8 32
176
0
17 169 13 60 10 13 17 11 14 51 73 190 7 53 48 3 70 12 5 24
177
0
23 212 8 50 22 7 24 13 20 40 86 168 6 76 27 5 61 22 10 21
178
0
19 175 17 31 17 10 27 19 14 46 68 170 3 57 27 4 56 17 6 33
179
0
16 146 9 34 11 12 35 14 14 76 76 171 4 91 35 2 76 20 5 29
180
0
12 148 6 27 20 12 19 12 10 56 96 152 4 68 34 3 70 18 6 13
181
0
16 128 10 37 15 5 16 18 17 85 96 215 5 65 18 2 54 19 6 30
182
0
17 134 9 35 8 11 19 6 13 43 70 230 3 74 33 2 61 14 7 19
183
0
15 169 5 47 12 10 24 8 8 41 78 218 3 75 39 4 69 14 3 29
184
0
28 158 12 55 13 12 19 13 13 47 61 178 5 107 30 8 84 11 6 19
185
0
24 152 8 44 18 8 27 13 10 60 95 185 5 62 39 3 68 13 5 23
186
0
26 165 7 54 13 9 24 8 9 56 78 187 9 68 30 5 62 21 9 45
187
0
12 142 12 42 8 7 29 11 7 64 67 233 6 79 38 6 56 16 7 21
188
0
21 140 8 52 10 7 22 14 25 27 82 175 4 60 39 2 87 24 10 11
189
0
20 137 6 22 10 10 24 7 10 52 95 205 2 62 32 3 49 14 9 37
190
0
27 148 11 34 10 8 19 8 16 69 59 199 9 73 31 3 91 12 8 20
191
0
27 152 9 34 8 8 21 13 16 54 84 160 4 64 24 2 35 14 6 28
192
0
23 179 10 48 8 8 31 15 12 41 86 185 5 87 24 2 53 13 10 22
193
0
16 136 8 40 10 4 31 19 15 59 72 193 4 91 27 3 72 13 6 15
194
0
19 128 15 59 12 9 16 14 13 53 78 187 3 70 40 3 56 12 6 23
195
0
17 201 15 58 16 8 30 9 12 54 78 220 3 94 39 5 69 17 6 24
196
0
21 201 10 39 9 7 30 16 16 40 69 141 7 79 23 5 69 15 9 32
197
0
22 168 9 26 8 9 31 11 8 52 93 197 2 59 33 3 62 27 7 21
198
0
22 151 8 34 18 11 29 13 31 43 62 220 5 94 30 3 43 10 6 34
199
0
15 167 11 59 8 7 23 14 26 59 80 143 9 86 29 3 84 9 5 17
