50
5
850862
0
0
190 64 92 26 83
1
0
164 59 104 44 90
2
0
183 57 84 48 72
3
0
193 85 109 33 79
4
0
195 74 107 37 90
5
0
173 52 109 66 104
6
0
173 78 61 41 95
7
0
133 70 85 39 68
8
0
191 81 105 43 94
9
0
191 60 102 36 79
10
0
192 62 103 74 101
11
0
177 47 110 47 88
12
0
250 78 106 52 86
13
0
172 78 74 42 98
14
0
231 77 71 70 119
15
0
160 78 118 46 68
16
0
199 65 95 54 95
17
0
164 66 85 75 73
18
0
162 91 101 52 71
19
0
176 74 63 37 93
20
0
170 103 95 59 91
21
0
215 45 87 31 91
22
0
186 62 127 54 111
23
0
182 92 146 37 78
24
0
171 46 96 48 72
25
0
141 80 87 39 64
26
0
168 52 68 42 95
27
0
212 74 118 47 78
28
0
135 64 68 39 80
29
0
182 80 97 36 85
30
0
194 59 88 62 77
31
0
203 72 98 46 101
32
0
151 73 96 34 90
33
0
212 67 107 65 93
34
0
118 86 97 37 102
35
0
162 95 92 43 111
36
0
171 82 84 65 72
37
0
201 91 81 57 100
38
0
199 83 112 69 93
39
0
163 58 94 45 107
40
0
144 67 116 52 102
41
0
168 85 90 52 86
42
0
188 80 84 53 77
43
0
166 88 116 38 73
44
0
141 85 87 59 105
45
0
187 87 87 45 95
46
0
193 78 98 61 90
47
0
140 82 67 53 90
48
0
182 73 93 49 104
49
0
161 78 109 48 103
