50
10
114661
0
0
49 52 25 43 9 61 105 4 4 44
1
0
54 42 37 31 9 59 113 3 4 66
2
0
51 39 29 43 14 38 111 3 3 34
3
0
48 55 22 46 18 49 107 3 6 49
4
0
61 42 26 37 17 57 107 2 7 36
5
0
58 64 33 51 7 69 83 5 3 43
6
0
62 42 15 27 18 68 108 3 4 39
7
0
62 37 36 50 17 56 80 7 4 51
8
0
59 37 43 33 25 42 90 8 7 58
9
0
61 53 23 42 20 62 100 7 7 43
10
0
45 51 40 24 22 38 99 3 7 42
11
0
53 41 21 26 13 63 91 6 7 53
12
0
49 42 32 29 23 38 72 3 4 33
13
0
51 62 33 44 18 76 98 2 5 33
14
0
84 43 32 32 23 36 115 6 6 40
15
0
49 46 33 41 12 56 119 4 7 34
16
0
70 27 28 40 19 77 89 5 10 50
17
0
51 55 30 34 19 62 86 3 6 34
18
0
42 45 36 26 32 51 75 3 4 38
19
0
82 52 31 40 17 47 72 2 5 38
20
0
55 72 55 63 11 56 114 6 7 52
21
0
78 46 31 40 18 56 102 5 3 54
22
0
36 31 32 36 12 77 84 4 3 60
23
0
84 49 25 18 23 45 82 4 4 49
24
0
48 41 31 37 21 35 90 4 5 37
25
0
87 46 35 39 14 62 71 2 3 40
26
0
58 44 39 26 14 45 110 5 6 41
27
0
72 35 24 37 21 61 95 6 7 37
28
0
52 74 33 35 8 52 70 3 8 47
29
0
41 37 20 46 9 58 86 3 6 35
30
0
53 29 33 41 22 58 82 3 3 41
31
0
67 68 44 32 16 62 85 1 6 54
32
0
47 74 32 31 11 70 104 2 5 29
33
0
46 43 31 29 23 55 72 2 5 38
34
0
90 61 22 39 16 47 100 4 6 64
35
0
61 61 22 47 13 46 104 6 4 28
36
0
65 58 39 38 14 70 93 6 11 41
37
0
67 52 50 47 18 71 77 3 5 47
38
0
75 57 27 22 18 58 118 3 5 55
39
0
69 47 26 36 13 45 95 4 5 42
40
0
56 40 45 36 13 75 100 5 3 52
41
0
66 41 33 36 24 47 86 4 9 42
42
0
67 41 30 40 22 40 105 5 8 36
43
0
51 43 28 32 13 56 77 4 5 53
44
0
49 51 32 23 17 50 71 5 6 39
45
0
41 65 42 49 25 43 78 3 3 33
46
0
53 75 36 50 16 50 72 6 6 39
47
0
61 59 31 36 24 45 120 2 5 40
48
0
57 54 43 16 22 80 87 2 11 39
49
0
57 58 26 31 19 50 98 3 4 30
