50
5
970639
0
0
16 11 8 9 9
1
0
33 49 41 52 52
2
0
59 70 72 61 62
3
0
46 47 42 58 21
4
0
44 52 46 63 50
5
0
60 65 79 56 84
6
0
66 69 32 32 50
7
0
67 43 50 49 37
8
0
49 74 56 75 75
9
0
1 2 1 1 3
10
0
4 3 2 6 3
11
0
56 116 55 93 75
12
0
77 48 62 61 65
13
0
76 78 89 85 71
14
0
6 12 9 8 5
15
0
5 7 7 12 10
16
0
36 25 13 18 21
17
0
87 50 60 68 70
18
0
108 104 105 102 115
19
0
11 13 7 13 9
20
0
15 11 12 15 11
21
0
228 228 220 241 221
22
0
79 85 68 87 87
23
0
47 61 58 52 36
24
0
42 47 53 34 50
25
0
37 34 40 21 23
26
0
184 167 128 125 144
27
0
10 11 10 17 9
28
0
33 28 34 19 25
29
0
129 111 149 137 113
30
0
70 46 51 53 49
31
0
91 86 98 65 79
32
0
57 73 47 32 46
33
0
3 2 5 4 3
34
0
58 39 68 45 51
35
0
23 17 16 42 41
36
0
53 37 41 40 41
37
0
54 70 58 65 65
38
0
36 60 56 41 66
39
0
27 37 21 21 14
40
0
18 17 18 24 18
41
0
28 23 31 25 25
42
0
31 45 32 22 49
43
0
15 18 14 10 11
44
0
51 48 59 68 58
45
0
5 4 3 3 3
46
0
10 8 10 10 13
47
0
25 13 23 17 22
48
0
237 219 275 177 253
49
0
57 37 30 47 32
