100
20
978797
0
0
20 10 35 18 111 13 92 20 6 100 4 49 9 57 56 111 16 23 35 226
1
0
18 9 44 12 117 15 63 36 14 84 12 40 3 57 28 89 17 24 44 222
2
0
20 10 33 18 126 24 54 20 11 107 11 41 6 60 40 111 10 30 48 190
3
0
29 10 28 15 128 22 85 17 15 110 7 39 3 56 47 118 16 27 56 186
4
0
24 11 28 15 125 18 68 20 11 78 9 45 2 78 63 99 21 35 66 233
5
0
33 8 17 22 88 19 92 20 9 71 8 40 3 69 43 122 20 49 56 210
6
0
13 13 27 22 134 22 64 33 10 99 13 63 2 70 36 81 17 35 72 191
7
0
16 6 15 9 167 16 73 28 21 109 12 43 3 66 56 123 11 24 78 153
8
0
27 4 34 15 93 26 66 24 12 72 7 38 5 59 45 61 17 35 45 187
9
0
28 13 20 14 122 20 53 15 7 96 10 49 4 62 28 82 13 37 67 220
10
0
24 7 28 13 116 23 65 17 11 103 7 59 3 84 58 76 12 59 63 200
11
0
19 10 29 16 102 19 84 38 9 115 8 48 10 76 37 104 22 26 36 196
12
0
24 9 23 12 111 23 44 17 11 97 8 49 4 61 57 86 16 35 56 154
13
0
22 7 30 14 137 31 69 22 8 125 16 50 5 75 41 60 11 36 58 186
14
0
37 9 17 16 133 27 70 21 7 109 12 37 4 63 34 95 18 22 57 164
15
0
18 8 24 19 121 39 91 27 9 82 12 50 5 72 45 111 16 26 54 191
16
0
28 14 24 15 104 26 82 27 6 83 12 59 4 50 45 78 14 24 79 169
17
0
26 11 30 31 136 24 88 20 8 88 12 42 5 56 60 84 14 28 38 187
18
0
19 13 24 13 142 14 46 16 10 73 8 43 3 82 50 76 17 27 56 192
19
0
17 10 27 17 133 21 65 15 6 124 8 54 9 62 36 100 14 39 48 207
20
0
18 11 24 13 117 16 73 35 10 93 8 50 7 92 57 86 16 25 46 138
21
0
26 9 16 18 95 16 72 32 6 74 10 45 3 83 35 87 20 47 57 155
22
0
16 10 11 19 102 15 74 21 17 118 9 56 2 66 45 119 16 40 74 216
23
0
25 16 23 20 130 21 56 31 16 75 13 64 3 78 51 77 10 49 54 182
24
0
11 12 27 17 125 15 87 13 13 66 8 44 3 61 62 120 13 35 58 150
25
0
14 10 17 15 87 17 84 19 10 61 5 46 3 58 65 112 11 25 60 205
26
0
23 7 31 35 106 20 83 17 6 120 8 20 4 42 58 120 20 50 71 200
27
0
20 19 26 14 110 26 62 15 7 79 10 50 3 65 41 108 9 40 68 159
28
0
16 18 22 14 108 27 63 11 14 91 11 45 5 59 51 111 15 44 63 205
29
0
19 14 17 14 148 22 81 16 9 100 9 39 4 78 46 85 25 27 54 139
30
0
20 7 37 15 109 27 56 19 9 77 9 23 6 70 50 72 16 36 59 179
31
0
16 9 42 15 124 28 89 30 14 86 13 46 6 45 48 106 15 20 67 167
32
0
25 17 15 11 129 27 93 17 15 106 8 40 3 75 48 112 10 26 57 206
33
0
35 12 23 14 104 27 84 25 9 98 7 31 7 67 42 97 19 50 49 216
34
0
23 11 24 17 101 25 63 20 9 83 10 35 3 65 54 102 12 36 52 203
35
0
18 7 20 13 136 27 79 18 10 76 12 38 3 74 50 95 15 29 69 167
36
0
19 14 22 14 140 31 59 21 13 99 8 49 4 57 39 121 20 24 55 193
37
0
20 11 18 16 98 16 52 17 17 101 6 50 4 86 46 110 24 24 53 147
38
0
15 12 22 20 116 20 71 18 10 100 11 31 4 74 43 109 21 40 59 193
39
0
14 10 25 13 112 22 88 18 15 69 12 48 3 53 51 127 24 32 55 207
40
0
12 14 23 26 116 21 70 19 12 76 7 45 5 54 45 95 26 35 65 161
41
0
13 10 27 17 110 14 69 25 22 93 10 45 5 47 66 135 19 28 49 189
42
0
28 12 24 11 104 11 57 23 7 103 8 38 8 85 39 69 15 23 54 159
43
0
24 10 25 20 130 23 48 28 13 72 10 61 5 73 51 90 15 33 53 169
44
0
15 12 40 22 128 26 84 27 11 104 12 55 5 59 41 95 17 32 57 175
45
0
15 12 33 8 111 19 92 27 6 79 7 47 4 81 49 106 20 51 49 181
46
0
19 10 38 22 135 24 78 12 12 94 6 39 2 77 64 112 14 31 48 165
47
0
13 16 24 19 94 17 70 26 10 107 15 56 8 39 35 61 21 22 41 149
48
0
10 10 24 17 94 17 67 18 6 96 12 50 4 82 42 90 23 23 51 201
49
0
18 8 34 15 142 17 85 17 11 88 7 61 4 58 69 88 15 19 52 179
50
0
18 14 18 14 114 21 100 22 19 135 10 63 5 51 52 100 13 34 39 196
51
0
31 11 37 15 113 26 86 33 5 100 12 41 4 47 50 98 18 28 42 148
52
0
12 12 30 12 88 36 75 16 14 98 6 39 5 82 46 105 19 21 48 145
53
0
24 11 25 15 164 31 79 28 8 84 11 54 3 70 31 144 10 42 75 214
54
0
19 17 31 14 107 18 53 14 10 82 7 59 4 63 48 82 10 35 42 182
55
0
17 11 19 21 97 23 74 31 3 81 11 50 6 74 46 88 10 34 53 206
56
0
22 16 36 15 118 12 67 25 13 97 24 42 6 52 53 87 13 40 50 194
57
0
16 8 30 18 116 25 58 24 9 76 5 46 6 60 47 78 13 44 71 142
58
0
26 14 27 16 102 16 92 24 7 70 17 55 3 80 37 115 25 39 51 201
59
0
19 16 21 21 129 15 54 16 5 100 10 44 3 88 47 93 21 41 44 166
60
0
22 6 30 19 119 22 46 18 6 86 6 59 4 59 45 103 20 43 70 211
61
0
13 10 20 8 129 21 71 20 9 64 12 43 4 63 46 121 20 32 62 143
62
0
28 9 38 17 115 29 73 28 9 88 12 68 7 73 35 107 23 32 55 151
63
0
9 16 19 13 120 12 55 31 9 74 12 47 8 68 53 76 12 41 56 252
64
0
12 7 19 15 103 15 68 23 7 75 9 50 4 93 63 90 12 29 61 213
65
0
17 12 20 13 86 20 49 24 11 77 8 44 4 76 50 98 19 25 40 167
66
0
11 5 44 16 156 15 98 24 19 101 6 43 4 48 48 78 18 38 55 202
67
0
10 14 26 24 103 16 65 28 9 78 10 62 4 49 57 90 16 31 34 189
68
0
28 21 24 17 116 23 81 17 9 93 10 52 8 90 49 106 19 39 51 197
69
0
8 10 30 14 116 22 75 19 19 100 13 43 4 64 47 113 15 34 67 174
70
0
21 9 30 16 95 18 82 26 11 93 16 36 6 43 73 110 20 29 64 186
71
0
11 10 24 13 96 14 45 21 9 94 7 48 4 68 34 135 14 48 65 171
72
0
27 9 33 20 132 31 83 19 13 65 10 49 4 73 50 76 20 25 68 167
73
0
15 9 24 19 114 20 94 24 11 81 8 42 8 80 57 100 12 33 64 136
74
0
23 10 43 15 105 22 99 32 18 78 14 57 4 66 38 98 23 33 36 216
75
0
16 12 28 14 103 22 69 31 17 109 9 31 4 69 46 110 17 24 63 130
76
0
20 9 17 14 122 15 73 21 8 101 5 62 6 54 54 94 16 32 47 211
77
0
22 10 28 18 116 15 66 29 18 72 11 47 5 74 36 88 17 31 57 179
78
0
21 13 25 12 130 20 63 22 11 59 10 46 8 63 40 139 25 34 55 201
79
0
10 6 31 18 148 34 68 30 10 81 8 57 4 59 47 73 21 26 55 187
80
0
22 12 29 15 116 38 81 26 8 110 12 32 3 64 44 91 20 56 61 222
81
0
33 9 37 14 117 28 74 18 10 100 5 48 5 47 50 100 11 30 63 186
82
0
24 23 24 21 120 30 73 18 12 102 8 45 3 72 32 111 19 45 60 215
83
0
15 9 17 19 122 14 63 18 14 112 10 52 5 67 41 94 16 26 76 199
84
0
13 15 20 8 137 21 94 23 13 133 9 46 2 47 54 74 12 30 31 166
85
0
24 17 36 11 84 19 71 28 16 83 16 42 4 68 45 123 16 36 50 140
86
0
15 11 24 12 99 21 47 27 10 94 10 58 4 78 49 95 20 24 87 153
87
0
16 15 24 17 114 11 81 33 5 124 16 46 6 74 44 83 17 17 64 188
88
0
16 9 20 26 133 19 97 17 11 83 11 57 5 70 27 95 15 26 51 146
89
0
15 13 34 11 126 16 55 31 8 100 10 39 4 62 68 64 14 29 49 162
90
0
14 15 16 18 83 29 60 20 9 96 14 48 3 72 49 53 9 30 63 207
91
0
19 7 25 19 81 18 97 19 9 81 8 27 3 81 41 77 25 43 88 169
92
0
8 8 26 14 130 22 83 19 11 111 7 37 4 67 78 91 37 27 55 174
93
0
12 9 26 14 129 17 63 14 12 52 5 39 4 84 54 67 18 31 66 188
94
0
18 12 24 22 122 17 82 19 14 72 14 52 3 85 61 100 17 54 57 204
95
0
14 17 35 17 123 20 79 21 11 93 9 57 3 55 50 79 12 29 56 203
96
0
14 12 21 18 84 16 83 19 8 117 4 44 5 63 62 83 13 27 72 184
97
0
10 14 18 16 137 23 68 15 13 102 7 33 5 88 50 102 20 41 48 199
98
0
34 11 22 14 89 25 80 22 14 92 7 36 7 68 55 108 19 31 46 230
99
0
15 11 22 20 153 18 72 23 14 96 10 73 5 45 51 92 20 23 66 215
