20
20
599962
0
0
26 25 34 44 20 28 27 21 24 19 22 25 25 32 31 28 33 26 24 17
1
0
31 29 45 27 43 30 21 25 32 50 44 44 41 31 28 46 44 34 30 40
2
0
101 92 111 90 102 83 87 122 105 115 113 122 125 93 111 115 130 100 138 116
3
0
106 168 181 154 129 155 131 172 161 156 144 150 137 171 172 180 180 146 158 172
4
0
130 94 102 109 100 103 87 103 115 108 110 99 108 93 156 116 121 109 123 120
5
0
52 40 50 47 63 66 61 72 51 61 64 78 55 43 57 63 59 43 52 76
6
0
118 104 153 141 157 155 127 113 154 117 148 124 152 111 126 157 160 105 160 130
7
0
57 50 42 61 71 48 61 60 70 80 55 57 76 61 42 45 73 37 45 79
8
0
13 13 25 15 20 22 14 8 25 12 10 16 26 16 20 13 29 28 16 19
9
0
15 18 15 17 12 11 9 17 13 9 6 9 16 11 17 13 13 13 15 9
10
0
5 3 3 7 2 2 7 6 2 4 2 4 7 2 3 5 3 4 2 5
11
0
50 58 85 69 84 62 53 79 64 68 43 53 69 39 57 55 72 56 46 55
12
0
19 14 24 25 6 36 25 20 26 29 21 30 27 18 35 45 20 25 16 22
13
0
99 57 82 100 86 87 72 75 66 70 87 83 55 105 66 71 66 52 113 73
14
0
19 13 15 20 15 15 11 22 14 17 14 13 25 21 13 14 24 14 16 18
15
0
19 16 20 26 12 31 29 12 41 25 33 29 20 26 37 29 15 24 18 31
16
0
63 71 61 55 44 60 27 33 38 51 47 42 69 29 60 47 74 63 49 59
17
0
17 13 16 12 10 11 12 20 13 11 20 11 13 14 11 11 19 12 10 16
18
0
56 87 58 54 66 32 50 61 57 48 58 49 77 51 53 50 59 55 50 68
19
0
49 43 57 66 48 45 41 46 45 44 47 56 33 40 32 58 58 53 63 40
