50
20
498014
0
0
70 26 2 4 77 173 26 56 8 71 4 45 66 41 148 39 111 57 108 9
1
0
81 18 3 7 98 181 49 74 9 49 1 44 51 54 144 30 92 64 95 11
2
0
107 11 1 3 81 167 31 65 6 28 2 46 42 42 115 55 106 70 83 7
3
0
84 11 2 3 84 166 25 56 6 50 1 40 48 48 141 39 82 59 97 6
4
0
85 25 1 3 82 155 35 67 13 80 2 42 38 71 145 31 95 58 84 6
5
0
92 23 3 4 113 148 28 63 5 75 2 50 58 45 172 40 100 66 90 4
6
0
117 16 1 7 71 121 22 60 11 66 3 31 51 55 173 29 121 64 78 6
7
0
82 13 2 6 78 133 20 52 8 58 3 49 48 51 147 35 127 84 122 6
8
0
74 21 1 5 84 195 18 68 11 57 2 49 46 26 148 36 109 58 90 5
9
0
78 12 2 3 67 168 44 100 15 41 1 51 63 50 123 33 104 71 119 6
10
0
74 25 2 3 72 155 40 57 5 84 2 41 55 50 189 27 108 69 84 11
11
0
75 23 2 3 102 148 48 59 7 52 1 55 56 50 119 29 130 76 85 6
12
0
72 21 1 4 73 139 31 65 9 35 2 32 43 49 134 22 134 75 112 8
13
0
73 12 2 4 62 185 33 58 6 72 3 27 39 43 163 43 95 67 85 11
14
0
73 23 2 7 77 184 25 42 3 55 2 58 59 72 142 37 119 66 104 9
15
0
63 19 2 6 80 170 37 75 5 45 2 53 53 41 144 36 118 52 111 10
16
0
94 15 1 2 102 135 25 45 14 74 1 31 42 68 125 36 117 53 89 8
17
0
71 30 2 4 86 170 39 69 5 55 2 39 46 40 130 35 96 61 89 10
18
0
90 16 2 3 69 160 30 71 15 47 3 29 52 67 124 24 104 71 86 7
19
0
59 14 2 3 84 147 36 73 7 54 3 46 59 52 128 25 106 86 89 10
20
0
70 13 1 2 94 174 29 79 8 73 2 38 57 50 159 37 120 92 95 7
21
0
78 15 2 5 92 161 48 49 17 74 2 58 42 55 135 24 129 77 96 5
22
0
68 26 2 3 98 146 30 79 11 63 2 33 73 41 115 22 90 95 103 6
23
0
79 22 1 2 76 186 36 64 9 52 1 26 44 39 148 31 99 66 113 6
24
0
70 15 1 3 102 135 41 46 6 52 1 51 55 39 152 34 113 57 108 7
25
0
72 21 1 5 66 249 43 53 9 61 2 38 81 60 189 15 107 71 90 5
26
0
89 19 2 4 72 172 34 54 7 67 2 53 49 32 123 31 80 90 127 12
27
0
72 15 2 2 83 151 33 72 9 60 2 22 42 64 113 40 116 77 92 12
28
0
73 12 2 6 69 158 32 87 15 64 1 43 38 29 138 37 83 83 98 7
29
0
86 13 1 4 108 157 38 79 5 68 2 55 39 39 131 31 111 79 140 5
30
0
73 19 2 4 63 198 32 70 6 79 3 38 55 47 175 30 96 48 88 8
31
0
109 8 2 4 89 172 36 52 4 66 2 44 54 40 98 28 102 68 106 7
32
0
73 18 2 4 67 152 32 72 9 58 1 35 44 45 147 45 102 65 97 9
33
0
77 10 1 2 102 191 40 78 10 49 2 35 40 46 128 26 102 74 107 8
34
0
62 17 2 2 101 190 24 63 7 78 1 44 50 54 159 35 110 62 97 13
35
0
81 21 1 3 64 161 29 49 9 43 2 46 71 42 181 36 101 58 110 7
36
0
72 23 1 4 69 144 41 50 10 57 5 50 58 29 133 31 103 70 95 8
37
0
96 15 2 5 76 191 31 61 13 51 2 41 53 42 102 38 108 74 85 7
38
0
60 12 1 3 100 176 23 91 7 62 1 50 41 56 118 13 126 67 84 7
39
0
73 14 1 5 100 160 40 64 10 58 1 48 53 45 122 34 105 55 83 9
40
0
80 19 1 5 101 160 29 68 9 61 4 39 53 39 180 38 106 66 79 8
41
0
61 12 1 5 76 178 35 93 7 38 3 42 81 55 160 40 106 87 101 7
42
0
80 14 1 2 89 180 27 48 7 49 2 54 45 46 127 32 107 60 115 6
43
0
93 23 2 6 77 180 25 73 12 53 1 33 51 39 125 46 92 94 100 7
44
0
84 15 1 4 99 149 37 66 5 44 1 35 72 36 162 29 111 65 107 6
45
0
78 14 1 3 101 166 32 73 6 77 2 40 51 54 119 23 114 78 95 6
46
0
59 20 2 4 109 161 36 39 7 66 1 37 55 32 144 30 126 66 111 6
47
0
61 18 1 4 74 190 34 62 7 55 2 35 68 32 143 31 131 85 108 5
48
0
83 9 2 6 91 176 44 53 5 62 1 60 61 35 137 22 114 60 121 6
49
0
78 18 1 5 110 208 52 54 10 57 2 58 69 25 172 38 103 66 82 3
