200
20
830790
0
0
20 1 13 34 48 53 16 93 30 39 17 31 1 25 34 6 85 20 116 61
1
0
14 1 24 32 46 78 20 60 30 27 14 39 1 29 15 12 90 40 75 71
2
0
14 1 22 36 69 71 21 80 28 33 23 32 1 40 38 10 115 20 60 74
3
0
19 1 33 21 46 64 21 73 21 36 14 39 1 17 14 16 82 23 83 45
4
0
15 1 19 42 52 58 31 57 26 59 28 57 1 19 22 18 118 27 82 80
5
0
16 1 26 31 45 62 23 71 20 50 18 28 1 32 19 19 99 41 82 80
6
0
9 1 18 40 67 66 26 88 28 48 12 26 1 33 18 12 94 31 65 60
7
0
20 1 29 20 53 70 19 77 31 41 19 27 1 25 20 11 113 31 89 70
8
0
18 1 18 25 55 53 17 82 18 58 9 35 1 22 18 6 122 26 50 74
9
0
11 1 21 31 72 62 19 70 20 51 21 50 1 28 24 17 102 26 97 50
10
0
33 1 16 25 50 53 29 72 27 47 9 28 1 36 19 16 97 16 100 74
11
0
16 1 17 21 63 76 19 76 19 39 18 29 1 25 21 11 115 39 68 67
12
0
35 1 14 26 42 63 16 97 26 64 10 23 1 32 17 19 134 39 62 41
13
0
10 1 22 29 54 40 37 78 22 32 37 27 1 25 28 14 115 40 72 60
14
0
15 1 18 18 42 72 18 58 26 28 17 27 1 27 14 14 95 23 59 55
15
0
24 1 25 32 29 75 21 56 24 33 16 23 1 23 29 22 120 18 67 84
16
0
18 1 26 43 70 38 27 80 22 37 18 38 1 23 32 17 92 30 40 65
17
0
15 1 19 35 43 74 30 74 26 48 17 36 1 32 24 12 111 35 45 79
18
0
15 2 19 34 53 51 17 90 33 29 12 27 1 22 13 13 101 38 67 82
19
0
12 1 22 24 69 52 17 92 15 46 11 43 1 31 29 16 135 34 92 87
20
0
17 1 14 33 31 69 18 62 23 55 8 23 1 21 25 14 108 27 93 72
21
0
15 1 22 33 35 88 24 98 17 28 12 36 1 39 32 24 95 30 53 47
22
0
21 1 25 39 60 70 41 96 33 39 17 37 1 20 26 9 85 30 76 56
23
0
15 1 19 37 52 63 12 80 28 47 11 32 1 29 16 12 121 18 51 73
24
0
12 1 21 24 44 66 27 96 22 37 10 38 1 20 28 17 106 49 75 48
25
0
14 1 15 35 58 56 13 78 39 43 15 33 1 24 22 8 94 41 93 51
26
0
12 1 19 36 72 83 32 91 24 35 15 33 1 30 20 10 111 26 73 61
27
0
18 1 13 26 42 75 19 95 16 57 22 40 1 26 24 9 132 24 74 42
28
0
15 1 20 29 43 81 16 54 20 48 18 36 1 30 33 24 153 25 85 43
29
0
34 1 19 33 65 54 27 71 32 29 13 30 1 16 21 10 101 29 73 74
30
0
16 1 17 16 60 74 8 89 28 51 21 30 1 20 22 15 121 28 84 68
31
0
17 1 32 22 45 66 22 107 29 47 15 46 1 41 20 15 90 37 62 60
32
0
20 1 11 35 56 67 19 64 32 47 20 37 1 29 37 11 115 17 98 53
33
0
10 1 20 29 46 75 17 70 19 30 16 41 1 25 24 15 104 26 69 77
34
0
17 1 20 27 52 66 29 89 28 52 11 30 1 26 26 8 105 29 105 100
35
0
21 1 13 32 77 58 28 85 28 42 11 25 1 30 26 22 122 23 98 55
36
0
17 1 23 23 42 54 39 76 32 51 10 41 1 24 24 8 114 26 69 77
37
0
19 1 22 23 70 58 21 60 24 47 16 34 1 29 24 20 117 37 84 64
38
0
16 1 25 27 54 59 30 78 19 36 17 28 1 25 20 14 134 36 57 103
39
0
17 1 24 21 55 65 10 103 18 43 23 43 1 15 32 17 91 27 109 81
40
0
17 1 15 18 78 51 20 71 22 45 13 30 1 22 22 11 121 26 91 87
41
0
22 2 16 28 60 65 23 67 25 57 13 33 1 25 18 13 81 34 92 58
42
0
16 1 31 41 47 60 12 62 40 53 18 35 1 20 23 14 108 39 73 66
43
0
19 1 25 37 66 87 20 72 28 61 18 36 1 17 16 18 93 22 47 68
44
0
28 2 27 19 52 68 19 77 30 46 17 27 1 29 19 10 128 26 91 79
45
0
13 1 18 32 52 62 32 84 18 40 19 33 1 16 23 21 109 28 73 66
46
0
18 1 25 35 44 75 12 84 25 49 18 46 1 38 20 10 93 20 72 74
47
0
26 1 25 38 45 68 28 96 23 41 10 32 1 20 17 13 120 26 91 61
48
0
21 1 22 37 51 59 25 81 28 41 10 29 1 31 16 15 118 34 103 49
49
0
30 1 15 26 76 80 25 100 26 75 20 23 1 29 23 9 124 29 90 67
50
0
13 1 21 29 54 66 19 66 28 67 12 31 1 30 36 22 91 28 75 59
51
0
21 1 21 29 35 69 16 84 24 38 12 32 1 40 24 12 88 34 81 40
52
0
25 1 17 19 50 92 23 100 21 68 15 42 1 21 26 17 103 30 59 64
53
0
19 1 23 44 50 73 28 88 29 62 14 43 1 29 32 15 141 21 60 64
54
0
10 2 25 23 53 63 23 50 18 56 23 36 1 15 22 20 93 16 68 43
55
0
13 1 20 24 43 64 17 83 24 55 24 31 1 24 17 15 86 16 99 70
56
0
16 1 22 26 42 39 20 82 15 42 9 23 1 40 30 17 107 58 83 71
57
0
19 1 24 28 43 79 25 104 23 60 18 35 1 32 20 15 123 21 85 67
58
0
14 1 21 30 57 48 33 51 34 49 28 26 1 25 32 21 90 38 72 65
59
0
16 1 32 34 50 75 17 67 24 39 14 49 1 32 27 20 117 31 102 60
60
0
13 1 17 23 47 63 18 83 33 34 12 34 1 19 28 11 115 25 55 52
61
0
20 1 24 30 73 58 18 60 28 56 9 36 1 23 11 10 69 46 65 66
62
0
18 1 21 30 85 83 18 97 19 41 12 47 1 15 21 8 116 44 54 69
63
0
8 1 13 33 50 71 15 74 28 45 11 43 1 24 23 14 99 24 81 80
64
0
17 1 30 24 38 77 20 89 29 46 15 25 1 27 26 8 123 31 70 56
65
0
28 1 28 25 48 66 24 87 23 55 14 46 1 27 14 15 110 21 77 48
66
0
21 1 17 43 55 74 25 76 26 66 14 35 1 22 22 13 109 32 73 67
67
0
16 1 21 31 37 40 21 76 18 48 15 39 1 29 22 21 110 34 81 60
68
0
14 1 13 26 52 62 17 94 29 61 24 31 1 22 23 15 113 22 85 61
69
0
11 1 12 35 50 52 18 62 27 55 24 22 1 17 13 13 93 22 64 57
70
0
14 1 24 25 49 72 21 84 23 37 8 24 1 33 23 12 84 35 59 51
71
0
11 1 16 26 37 63 16 79 26 34 14 36 1 22 23 12 57 30 88 57
72
0
13 1 25 37 50 60 21 93 30 63 14 27 1 38 40 15 91 29 93 78
73
0
12 1 12 22 79 70 17 68 29 33 13 49 1 23 32 10 94 22 81 57
74
0
9 1 26 26 84 41 21 99 27 43 20 37 1 29 27 17 128 24 114 76
75
0
14 2 25 28 41 58 21 73 39 31 13 33 1 33 28 15 125 31 72 59
76
0
15 1 21 24 46 52 10 87 24 40 11 38 1 22 25 9 112 35 72 72
77
0
24 1 23 26 39 72 21 60 23 59 23 38 1 22 21 12 76 25 99 65
78
0
13 1 17 29 36 84 19 74 20 48 20 35 1 18 28 14 99 32 39 64
79
0
24 1 26 36 41 89 27 90 29 27 13 36 1 24 30 13 84 29 70 64
80
0
16 1 18 17 68 70 24 78 33 38 15 36 1 18 27 10 89 17 52 62
81
0
26 1 40 31 51 71 18 66 21 48 26 34 1 32 30 7 102 36 84 63
82
0
8 1 10 32 44 50 17 73 25 40 17 34 1 17 18 20 86 25 75 80
83
0
14 2 32 22 43 75 20 82 18 51 18 40 1 25 25 11 88 33 70 67
84
0
9 1 23 33 47 39 18 93 33 43 18 37 1 30 23 9 108 18 77 70
85
0
18 1 18 23 46 65 25 65 20 57 14 26 1 32 28 8 101 30 90 40
86
0
11 1 14 35 47 82 25 85 34 40 19 27 1 25 27 11 80 30 60 64
87
0
19 1 15 16 33 61 13 98 25 57 15 42 1 34 34 13 101 40 79 65
88
0
11 1 23 25 50 95 25 94 24 54 17 35 1 25 20 20 135 21 81 60
89
0
11 1 14 30 67 49 13 55 27 56 18 32 1 34 17 13 121 29 84 54
90
0
23 1 15 43 30 55 16 98 23 63 13 28 1 35 27 14 116 40 85 78
91
0
20 1 23 34 68 80 36 81 31 50 11 30 1 26 41 12 93 31 89 42
92
0
23 1 18 34 35 55 19 99 25 51 12 36 1 22 28 10 129 29 81 73
93
0
16 1 32 41 71 90 17 86 18 69 22 32 1 31 19 10 105 32 94 70
94
0
18 1 22 46 65 67 15 101 40 46 14 31 1 26 30 18 90 30 72 49
95
0
23 1 14 34 45 40 28 70 30 38 14 36 1 29 17 18 95 30 71 52
96
0
18 1 23 24 65 80 17 94 51 53 14 35 1 42 31 13 80 28 67 55
97
0
21 1 23 25 52 49 22 68 59 31 19 54 1 24 17 19 116 35 78 73
98
0
19 1 21 30 67 79 25 113 19 50 16 38 1 31 27 19 97 38 79 59
99
0
24 1 30 48 48 71 17 72 32 50 13 29 1 29 24 11 116 24 94 79
100
0
26 1 21 33 57 58 21 85 30 47 11 23 1 38 16 8 85 38 93 91
101
0
19 1 14 26 50 65 22 76 34 69 26 22 1 28 17 13 119 29 77 58
102
0
14 1 15 28 51 69 20 86 21 48 11 36 1 24 21 23 85 27 85 97
103
0
16 1 26 23 68 58 14 116 29 46 13 38 1 24 38 23 140 28 117 86
104
0
17 1 17 22 55 65 20 108 24 54 16 37 1 21 17 12 118 20 53 61
105
0
15 1 17 25 34 46 25 109 26 47 18 36 1 12 38 21 107 21 87 65
106
0
21 1 14 29 49 84 26 76 19 53 19 48 1 24 19 11 104 43 85 70
107
0
12 1 19 29 40 62 25 81 20 36 15 28 1 26 29 8 99 31 85 81
108
0
18 1 19 33 63 62 19 85 32 49 18 26 1 22 16 17 110 23 82 79
109
0
15 1 36 32 45 109 22 88 28 31 10 28 1 30 29 22 111 40 87 75
110
0
11 1 23 22 52 77 20 70 30 46 15 36 1 21 23 8 102 27 74 54
111
0
18 1 28 32 48 73 12 60 22 33 13 28 1 20 22 22 91 17 73 73
112
0
19 1 22 29 76 71 21 65 26 42 11 32 1 27 32 11 97 35 76 63
113
0
20 1 17 21 73 69 19 72 14 61 15 33 1 15 15 16 98 41 76 79
114
0
18 1 18 29 71 60 24 110 20 57 14 32 1 29 17 6 97 30 53 57
115
0
16 1 13 33 50 76 20 86 23 47 11 36 1 30 21 16 100 26 76 40
116
0
9 1 27 31 44 73 25 90 28 40 14 50 1 43 16 11 104 25 79 78
117
0
8 1 20 34 46 75 28 90 21 38 27 40 1 42 23 7 103 34 51 57
118
0
11 1 23 31 46 66 24 92 22 42 22 40 1 21 32 12 121 26 58 64
119
0
15 1 28 25 59 46 15 102 20 43 13 47 1 23 28 10 119 35 84 58
120
0
16 1 25 26 44 63 25 66 29 54 8 26 1 27 18 16 103 27 73 88
121
0
12 1 17 35 43 61 18 88 40 41 23 35 1 43 26 17 83 24 94 95
122
0
15 1 24 24 66 72 26 66 35 52 14 44 1 19 23 11 131 27 66 60
123
0
16 1 19 26 46 72 31 55 23 51 20 29 1 29 28 11 91 28 83 67
124
0
14 1 15 34 47 60 20 78 37 55 8 33 1 25 23 12 91 28 83 97
125
0
18 1 15 20 50 66 19 74 29 56 15 45 1 29 29 11 98 24 77 63
126
0
23 1 22 27 62 66 17 85 25 53 11 56 1 24 33 19 119 34 76 76
127
0
22 1 24 37 69 67 13 77 24 39 13 35 1 37 28 10 144 30 76 97
128
0
20 1 16 26 26 54 22 77 20 43 14 33 1 26 18 13 98 16 71 82
129
0
19 1 14 34 48 67 15 103 25 43 15 47 1 25 26 12 129 26 103 93
130
0
22 1 27 27 68 109 37 68 29 74 23 44 1 38 15 9 103 18 75 43
131
0
11 1 32 30 73 70 9 71 11 40 14 59 1 31 16 11 111 28 64 54
132
0
14 1 30 23 55 69 20 95 25 55 16 41 1 20 14 8 101 34 77 54
133
0
7 1 34 30 57 57 20 76 19 49 11 40 1 28 27 10 104 24 81 77
134
0
29 1 30 28 73 73 14 101 29 51 18 40 1 20 17 12 105 30 79 51
135
0
22 1 18 32 62 81 23 90 22 55 20 42 1 27 16 15 111 18 113 68
136
0
22 1 16 32 46 66 18 43 15 38 15 31 1 25 33 14 84 37 58 56
137
0
17 1 24 22 59 54 18 108 26 65 21 39 1 23 27 11 113 24 66 76
138
0
13 1 27 28 61 76 17 71 24 56 15 25 1 28 22 14 115 23 76 47
139
0
21 1 28 32 43 76 26 77 28 56 8 41 1 23 28 16 100 38 82 54
140
0
16 1 18 44 43 65 18 87 25 48 14 45 1 23 34 14 104 23 82 80
141
0
21 1 26 46 40 56 30 71 21 55 16 22 1 29 29 22 93 25 65 41
142
0
13 1 18 27 39 86 17 91 31 60 17 30 1 29 33 26 118 25 100 56
143
0
19 2 18 20 47 56 19 81 32 54 12 23 1 27 30 10 102 27 88 63
144
0
18 1 21 29 49 38 16 78 33 39 10 34 1 21 15 11 113 24 80 71
145
0
12 1 42 37 51 65 28 78 36 40 16 48 1 25 31 10 127 31 79 72
146
0
30 1 28 33 60 55 23 68 21 57 15 34 1 34 28 14 103 26 68 56
147
0
23 1 28 14 50 63 19 71 20 56 14 27 1 24 33 13 127 37 57 76
148
0
14 1 22 31 71 55 13 73 27 54 16 47 1 20 23 11 95 36 85 66
149
0
25 1 25 33 43 61 16 79 14 57 16 30 1 20 22 9 118 23 68 53
150
0
13 1 18 37 28 78 38 59 26 31 20 37 1 17 24 12 115 34 70 52
151
0
12 1 34 30 74 61 23 120 22 68 29 41 1 29 21 8 108 47 62 53
152
0
11 1 20 41 57 75 19 103 17 49 15 56 1 35 23 13 103 22 71 65
153
0
23 1 20 16 36 45 30 102 33 55 14 52 1 22 30 9 101 32 58 70
154
0
15 1 17 31 39 59 23 92 17 58 16 34 1 33 27 18 109 31 81 50
155
0
20 1 14 28 60 48 17 56 20 43 18 44 1 23 40 13 96 33 64 44
156
0
28 1 31 23 51 51 19 60 29 36 11 33 1 30 31 9 87 29 86 63
157
0
19 1 20 22 46 54 12 83 20 42 15 36 1 29 37 19 102 42 93 74
158
0
17 1 28 32 53 73 37 72 20 58 16 32 1 29 28 15 125 24 57 61
159
0
18 1 20 22 62 81 23 82 22 42 21 48 1 29 25 15 96 45 88 69
160
0
13 1 24 35 48 54 9 78 26 36 25 27 1 30 25 13 138 31 51 68
161
0
19 1 16 43 62 92 24 98 31 32 16 40 1 37 25 13 72 43 101 52
162
0
23 1 13 28 42 49 21 73 15 52 21 46 1 25 21 7 89 25 92 52
163
0
13 1 15 29 55 35 27 81 24 41 14 41 1 19 19 16 143 22 90 65
164
0
19 1 12 43 46 61 16 87 19 44 12 37 1 43 19 10 114 28 58 68
165
0
16 1 20 31 44 57 14 76 23 44 22 32 1 24 16 14 57 19 65 73
166
0
19 1 15 24 42 68 13 95 21 36 9 41 1 26 23 10 130 21 81 55
167
0
28 1 22 31 48 84 23 83 18 40 17 30 1 20 21 9 115 29 106 74
168
0
13 1 17 40 47 80 14 60 16 36 12 34 1 23 10 12 89 28 73 83
169
0
15 1 21 65 49 65 27 67 18 35 12 48 1 20 19 15 133 32 63 59
170
0
11 1 18 20 50 60 17 86 21 29 16 27 1 32 39 12 89 44 102 44
171
0
16 1 27 30 36 51 23 108 25 71 12 47 1 20 15 10 115 25 53 51
172
0
15 1 27 28 42 76 16 78 23 60 15 33 1 30 19 8 122 24 65 62
173
0
18 1 27 21 63 64 28 90 35 51 8 46 1 25 25 21 119 49 71 43
174
0
15 1 22 33 68 63 27 105 17 49 18 34 1 16 32 13 131 27 96 54
175
0
15 1 15 26 72 48 25 74 32 38 11 37 1 52 24 10 101 22 88 66
176
0
15 1 29 14 43 75 26 80 23 45 11 42 1 30 27 9 113 21 79 67
177
0
23 1 23 22 58 84 27 95 23 71 19 36 1 29 26 14 106 33 56 62
178
0
24 1 28 26 47 62 27 90 27 47 12 26 1 28 30 20 104 27 58 31
179
0
17 1 18 36 39 66 23 89 20 75 14 36 1 19 18 8 97 26 111 85
180
0
15 1 14 27 57 67 42 70 42 45 18 37 1 17 17 12 107 26 78 80
181
0
39 1 22 37 42 45 16 68 21 60 18 47 1 29 16 24 94 38 55 59
182
0
16 1 18 33 60 55 19 76 23 66 19 27 1 35 33 12 128 40 77 62
183
0
16 1 18 34 46 50 18 60 22 46 27 48 1 28 24 8 83 18 84 53
184
0
15 1 21 26 28 75 24 103 22 60 25 41 1 29 23 12 113 43 72 45
185
0
10 1 24 30 45 61 20 76 22 52 20 39 1 23 26 15 104 30 93 47
186
0
17 1 8 27 57 54 25 97 23 45 21 21 1 26 17 16 102 24 66 62
187
0
18 1 31 23 35 61 14 85 15 43 21 29 1 22 25 12 120 26 74 59
188
0
16 1 20 22 53 48 18 74 28 48 15 41 1 26 25 18 103 35 99 69
189
0
14 1 22 36 60 54 27 87 29 50 15 22 1 35 25 9 123 21 58 53
190
0
12 1 29 26 41 80 26 110 14 49 18 28 1 18 32 16 123 22 92 51
191
0
14 1 16 29 71 79 33 98 28 58 10 28 1 34 22 6 85 29 74 59
192
0
15 1 24 22 30 75 21 84 12 47 11 36 1 35 25 9 144 31 51 84
193
0
19 1 14 41 68 63 26 90 25 37 11 38 1 25 33 16 133 35 86 29
194
0
24 1 15 30 59 67 30 63 28 38 11 33 1 27 14 11 117 31 60 53
195
0
16 1 24 21 60 47 24 57 21 46 21 49 1 39 46 12 93 35 104 75
196
0
13 1 29 21 55 56 23 90 26 38 9 31 1 31 29 13 97 39 107 69
197
0
14 1 20 37 56 59 29 83 13 70 19 43 1 13 25 15 137 28 94 52
198
0
16 1 20 24 47 73 28 112 23 37 14 39 1 50 23 17 100 48 73 78
199
0
23 1 27 30 55 68 16 102 17 53 16 35 1 20 20 12 116 31 112 71
