100
10
74941
0
0
288 368 320 319 323 266 310 318 281 364
1
0
16 12 21 14 8 12 12 13 14 19
2
0
51 64 50 53 57 68 67 86 44 47
3
0
128 145 125 102 121 115 105 131 101 109
4
0
34 30 30 23 22 36 21 40 27 37
5
0
39 25 41 53 17 30 49 38 25 39
6
0
97 80 109 93 107 104 129 112 97 76
7
0
30 72 57 45 53 43 47 39 45 36
8
0
4 5 6 4 4 8 7 5 8 5
9
0
46 46 50 26 38 46 51 44 56 43
10
0
24 18 17 28 26 18 24 17 14 24
11
0
17 11 13 13 21 17 9 18 16 10
12
0
195 153 182 144 162 176 141 191 116 172
13
0
14 21 13 22 10 17 10 10 15 11
14
0
93 94 122 94 96 78 123 77 64 84
15
0
3 2 3 4 3 4 4 7 3 3
16
0
3 9 6 3 6 9 6 5 6 8
17
0
26 19 19 30 25 17 20 26 20 20
18
0
99 71 80 67 74 80 126 109 94 88
19
0
5 6 3 3 4 4 5 12 4 4
20
0
107 100 79 86 92 95 99 109 94 77
21
0
78 98 55 70 59 105 64 72 99 69
22
0
81 78 64 108 100 69 116 96 113 73
23
0
15 13 11 16 10 14 14 13 20 17
24
0
89 106 73 80 77 72 95 91 79 62
25
0
83 85 75 62 71 81 92 83 84 82
26
0
55 64 78 50 44 46 52 83 57 85
27
0
7 9 10 11 5 9 11 7 9 7
28
0
68 39 60 70 39 68 66 50 33 85
29
0
16 17 19 23 17 18 19 22 18 21
30
0
51 45 61 54 52 58 65 43 47 38
31
0
17 16 19 19 25 22 17 38 15 30
32
0
115 63 68 94 99 90 85 95 86 90
33
0
55 53 70 67 53 54 82 53 51 56
34
0
89 114 65 77 86 58 65 68 77 100
35
0
3 8 2 2 3 2 3 8 3 4
36
0
27 29 39 39 29 36 19 30 28 36
37
0
147 129 160 167 151 147 194 156 152 174
38
0
339 299 291 300 323 372 348 366 354 403
39
0
18 31 21 15 21 23 22 16 31 33
40
0
97 100 120 139 122 112 96 127 109 115
41
0
74 55 62 76 61 67 82 48 63 49
42
0
4 4 2 4 6 5 3 6 4 3
43
0
52 38 34 24 42 44 34 46 21 39
44
0
45 54 69 39 50 49 47 50 32 50
45
0
14 28 28 16 12 24 16 18 20 24
46
0
8 5 3 7 3 6 8 12 8 9
47
0
23 17 18 14 23 19 23 21 25 23
48
0
45 58 48 71 26 41 51 37 39 44
49
0
7 12 7 9 7 9 11 5 10 10
50
0
52 34 42 42 75 35 49 33 49 37
51
0
17 12 8 21 21 15 15 17 12 14
52
0
36 47 44 43 34 43 31 41 73 46
53
0
9 11 11 11 10 8 27 18 14 18
54
0
38 50 43 79 54 45 62 51 53 74
55
0
4 4 3 3 3 4 2 3 1 4
56
0
214 214 226 171 230 207 179 173 192 182
57
0
34 25 21 26 19 14 27 27 25 13
58
0
2 2 1 2 3 3 2 2 2 1
59
0
7 11 11 10 12 8 8 12 9 4
60
0
42 48 41 42 46 66 36 44 37 46
61
0
40 39 35 57 46 43 59 39 37 31
62
0
4 3 6 7 4 6 10 6 3 2
63
0
20 11 16 17 29 20 15 24 12 23
64
0
49 31 47 36 62 48 46 43 31 53
65
0
150 148 132 108 151 119 168 173 157 116
66
0
75 98 83 103 85 94 93 89 94 55
67
0
164 148 126 129 170 117 152 140 158 124
68
0
9 6 9 4 9 10 6 7 6 7
69
0
47 41 38 31 23 62 45 61 47 35
70
0
101 153 105 127 107 123 102 101 103 111
71
0
48 30 49 41 32 42 53 43 48 45
72
0
3 5 3 5 4 5 4 7 5 3
73
0
63 92 98 65 96 80 85 78 77 89
74
0
28 41 25 32 31 41 36 40 25 31
75
0
20 20 12 21 21 11 20 19 10 22
76
0
132 151 124 138 116 152 142 124 147 134
77
0
68 42 91 63 54 75 54 54 46 52
78
0
16 18 8 15 9 9 13 9 6 10
79
0
27 19 19 20 26 20 34 35 29 24
80
0
18 8 14 11 9 15 11 7 14 8
81
0
6 14 7 12 12 8 8 15 12 5
82
0
39 42 49 55 36 44 39 57 42 44
83
0
53 80 87 59 67 85 85 47 63 72
84
0
63 62 53 65 58 59 58 75 53 60
85
0
30 29 38 24 49 29 33 34 42 33
86
0
55 60 84 53 55 56 62 50 75 47
87
0
31 26 20 19 29 23 20 26 21 16
88
0
3 3 6 9 3 6 7 7 7 9
89
0
207 181 160 159 157 217 191 200 142 168
90
0
2 2 4 5 4 4 8 6 7 3
91
0
51 32 42 46 59 29 64 49 56 57
92
0
10 13 15 14 17 11 11 15 15 8
93
0
18 32 18 33 27 27 24 38 30 33
94
0
28 44 28 26 37 33 36 23 27 31
95
0
19 23 16 10 11 19 14 15 20 14
96
0
35 40 38 24 31 27 32 28 37 29
97
0
44 62 55 69 49 62 59 53 46 53
98
0
74 73 72 97 98 111 102 72 71 98
99
0
166 137 166 134 124 141 162 146 111 136
