20
20
17672
0
0
23 134 96 89 3 7 16 5 3 135 26 48 30 37 18 13 141 6 4 17
1
0
94 14 7 79 67 24 10 47 9 72 171 10 10 4 8 26 139 61 16 7
2
0
5 35 45 1 8 31 11 120 71 68 181 131 5 25 112 42 98 19 43 5
3
0
0 248 31 6 160 46 91 87 10 18 65 79 120 53 46 6 94 85 131 87
4
0
7 7 92 23 69 41 2 13 67 45 192 42 119 6 33 2 31 74 1 26
5
0
31 30 22 86 32 36 42 38 45 52 23 54 4 18 15 13 30 1 17 122
6
0
55 4 158 100 4 135 2 20 32 14 2 118 17 69 62 27 33 8 1 63
7
0
52 16 74 80 27 5 57 7 2 28 25 120 116 273 114 9 120 40 53 40
8
0
120 6 42 14 13 57 8 81 61 64 35 49 57 123 13 16 36 135 43 146
9
0
3 35 23 155 109 22 57 21 15 88 1 23 93 99 52 77 9 28 33 132
10
0
3 37 29 8 28 8 39 84 85 121 31 9 4 4 14 55 75 19 1 20
11
0
6 9 31 16 9 21 36 11 185 40 56 95 11 11 66 42 23 6 31 41
12
0
43 32 44 40 24 68 169 0 23 132 5 15 55 35 149 39 252 30 33 1
13
0
58 104 61 121 84 77 3 50 18 154 5 44 5 28 11 14 111 108 48 68
14
0
78 137 2 11 11 46 92 50 21 28 6 38 51 12 201 14 101 41 14 28
15
0
19 2 20 37 3 18 143 118 42 2 7 44 3 54 22 20 101 96 17 4
16
0
18 29 17 53 42 9 23 11 62 80 68 18 50 23 31 7 21 199 93 28
17
0
8 92 17 35 36 66 27 64 92 43 3 19 7 130 10 59 28 75 60 51
18
0
26 73 28 10 9 20 124 4 48 35 19 27 47 23 16 29 90 26 18 3
19
0
9 33 53 0 18 55 75 26 10 9 32 36 21 30 97 9 26 9 37 53
