30
20
980687
0
0
45 128 12 134 139 43 34 47 20 77 8 87 6 35 51 61 47 4 54 49
1
0
151 62 16 13 13 0 23 33 34 24 43 32 4 2 4 36 18 31 59 22
2
0
125 4 204 127 10 51 58 18 51 90 11 105 20 16 72 30 114 57 101 47
3
0
36 0 8 99 6 64 6 172 16 12 5 24 31 177 61 112 154 3 29 20
4
0
0 69 66 117 79 20 142 7 88 21 23 21 23 15 18 165 36 7 17 28
5
0
68 20 2 31 87 41 72 6 87 28 15 15 47 15 1 7 47 34 91 57
6
0
55 376 136 61 2 121 2 145 7 18 23 62 205 115 15 56 79 21 133 33
7
0
2 37 333 55 4 21 87 130 86 81 14 9 59 78 113 17 32 55 172 50
8
0
2 37 22 3 64 37 83 44 41 136 132 65 10 39 18 52 24 57 9 1
9
0
12 18 36 7 40 41 33 18 19 22 40 4 40 9 25 15 12 29 104 6
10
0
34 76 54 41 32 25 11 4 18 18 197 23 6 26 12 8 52 52 2 13
11
0
25 11 125 42 33 5 58 21 0 1 76 12 28 73 30 145 8 67 61 59
12
0
33 2 69 70 14 5 86 52 63 0 116 7 31 39 36 10 180 137 49 107
13
0
44 21 52 33 1 12 39 19 5 12 15 124 41 2 58 48 73 80 50 6
14
0
16 221 31 15 253 77 24 119 21 6 1 13 43 26 66 163 0 150 75 3
15
0
2 70 60 43 65 109 139 101 31 2 22 23 7 121 60 7 36 18 9 33
16
0
27 35 58 52 34 48 63 7 20 12 101 22 37 62 113 95 19 66 265 27
17
0
32 241 72 5 337 29 43 8 168 24 145 129 107 38 17 59 69 217 121 79
18
0
25 8 19 180 69 52 21 23 39 54 18 218 15 5 12 66 3 0 100 67
19
0
10 147 32 111 107 2 32 44 45 1 53 16 58 17 18 12 88 15 0 52
20
0
23 13 117 82 4 44 141 22 52 40 16 109 77 84 98 8 3 2 15 13
21
0
15 2 136 34 2 1 8 95 74 16 53 63 11 23 92 4 67 53 49 1
22
0
75 83 211 37 47 14 63 127 5 366 80 8 72 112 32 197 33 26 23 35
23
0
8 11 7 13 36 37 34 13 105 54 87 6 54 16 64 27 98 99 8 20
24
0
134 107 26 19 4 3 60 17 47 15 13 108 16 11 1 17 2 13 20 86
25
0
56 17 55 203 63 30 38 164 12 121 13 9 18 105 9 1 15 11 0 2
26
0
30 30 29 70 81 17 63 1 24 15 11 64 90 72 1 240 5 36 14 74
27
0
33 20 8 84 280 22 184 152 47 18 1 58 58 33 34 5 90 12 90 3
28
0
11 276 2 54 34 35 12 13 7 137 52 8 30 31 1 11 43 20 215 38
29
0
52 15 8 71 16 9 8 168 4 53 21 1 22 5 13 17 7 37 39 7
