20
20
814779
0
0
58 32 30 35 39 36 31 40 26 45 43 37 45 45 54 34 36 49 47 49
1
0
60 77 99 60 66 90 99 67 82 100 84 70 90 72 97 101 108 104 92 107
2
0
2 5 2 2 3 3 4 3 4 5 3 3 4 5 4 2 3 2 4 2
3
0
74 69 47 54 47 74 77 64 57 44 56 57 51 110 43 39 54 47 62 61
4
0
8 14 14 13 10 13 10 10 9 6 7 11 10 7 13 7 13 11 15 6
5
0
60 35 35 44 41 39 62 52 51 59 38 34 44 56 74 50 50 57 40 49
6
0
65 69 79 80 60 47 87 75 91 84 66 61 69 88 75 58 74 74 97 89
7
0
26 30 29 28 30 48 24 20 34 26 26 24 24 24 29 28 27 29 23 26
8
0
57 69 37 58 55 54 50 61 56 62 63 53 66 53 73 67 52 62 70 42
9
0
63 66 53 57 56 49 46 46 78 65 43 74 77 64 42 64 41 68 58 57
10
0
4 2 3 2 1 4 2 3 2 2 2 3 4 2 3 2 2 2 3 3
11
0
39 49 27 51 37 39 43 40 25 43 39 28 31 29 23 36 47 28 38 23
12
0
77 50 60 46 84 65 73 89 58 71 95 69 91 80 71 69 84 72 82 111
13
0
8 16 7 10 10 10 9 13 22 15 8 20 14 8 8 8 14 8 8 6
14
0
6 5 6 6 6 6 11 5 6 6 7 8 8 5 8 5 6 7 5 5
15
0
78 109 102 65 81 84 95 86 66 67 67 63 74 92 91 83 71 94 84 87
16
0
78 74 89 74 78 61 56 71 59 68 62 56 76 80 94 56 72 69 61 74
17
0
6 10 10 9 6 8 14 6 6 7 8 4 8 6 5 8 4 5 8 3
18
0
20 10 18 21 17 22 24 22 21 20 19 15 21 31 23 14 20 20 19 17
19
0
10 7 14 12 16 13 13 9 16 16 11 10 13 9 6 8 11 14 10 11
