200
20
927986
0
0
44 31 7 7 61 122 123 43 51 15 91 136 58 79 49 76 8 53 39 64
1
0
31 21 8 22 54 104 119 75 61 26 93 135 33 75 45 83 7 49 52 69
2
0
25 32 4 11 45 101 103 48 65 34 119 103 41 73 38 56 8 58 60 44
3
0
26 43 7 7 55 84 117 58 62 30 117 104 42 97 38 79 5 47 60 38
4
0
30 36 11 16 36 151 122 67 70 20 104 102 39 106 39 46 5 33 71 76
5
0
33 32 5 8 47 123 132 50 104 22 60 106 32 90 49 94 9 62 54 54
6
0
35 44 8 14 92 128 168 51 59 15 120 103 43 136 52 51 3 41 54 58
7
0
24 47 3 11 62 113 107 54 66 21 151 105 53 105 42 82 2 28 47 59
8
0
34 47 9 12 33 136 113 79 50 37 84 106 30 78 51 55 7 58 41 56
9
0
20 43 5 8 54 143 77 69 63 27 105 152 39 86 47 79 13 34 64 50
10
0
51 33 6 9 48 162 163 71 77 47 87 126 56 109 46 75 4 42 63 58
11
0
21 27 6 7 68 147 117 58 63 37 156 111 66 126 50 63 3 54 49 81
12
0
29 32 5 6 60 121 147 75 54 28 111 142 40 96 33 72 7 46 58 58
13
0
39 29 5 13 62 129 119 65 65 16 111 139 40 105 25 84 10 27 60 49
14
0
37 33 5 10 40 124 136 63 65 28 162 139 25 117 52 57 4 46 58 54
15
0
33 51 5 7 62 136 122 65 61 32 135 121 31 117 60 65 9 50 51 41
16
0
25 48 10 4 55 153 132 50 60 18 119 112 57 87 90 79 4 41 50 56
17
0
28 29 7 11 48 159 130 58 44 16 129 136 56 125 62 69 7 46 67 64
18
0
30 36 5 19 51 109 144 53 34 14 111 83 60 114 49 52 8 30 42 51
19
0
38 34 12 10 55 109 152 44 57 20 98 102 39 106 32 59 4 55 47 79
20
0
39 33 3 9 36 109 146 54 70 18 116 102 41 106 36 55 6 42 74 72
21
0
26 29 9 8 66 132 124 81 60 29 111 94 43 95 38 62 9 40 63 63
22
0
49 18 9 16 66 109 145 63 60 30 126 123 36 81 49 54 7 45 36 59
23
0
19 31 7 12 54 150 120 62 56 20 159 120 39 137 41 90 6 43 40 64
24
0
28 54 8 11 35 133 101 64 56 12 109 124 36 89 57 90 9 43 49 55
25
0
42 34 5 11 69 131 118 67 67 24 95 108 26 94 39 49 8 63 43 44
26
0
26 39 5 6 49 139 151 83 45 12 102 89 46 107 47 46 11 51 77 59
27
0
51 29 6 9 73 143 87 58 45 19 110 90 48 103 48 63 5 69 36 60
28
0
42 23 7 9 35 143 151 41 79 20 141 109 57 111 55 63 9 36 78 58
29
0
25 35 6 10 47 138 110 56 36 20 128 145 39 88 47 55 8 51 62 39
30
0
42 27 7 19 52 157 141 71 67 29 121 99 45 120 49 68 4 79 64 67
31
0
32 29 6 8 58 112 101 58 65 30 103 108 47 97 48 90 6 40 67 52
32
0
35 26 9 8 74 149 120 44 49 13 109 146 37 121 41 54 6 27 40 73
33
0
33 25 5 12 71 113 113 56 60 33 78 97 48 118 35 67 8 45 52 44
34
0
36 31 6 10 52 110 165 63 39 31 114 128 53 101 39 66 6 67 48 39
35
0
32 32 6 13 53 119 126 66 46 25 145 89 38 101 40 61 4 39 56 54
36
0
44 36 3 9 58 145 106 64 55 20 106 131 48 85 56 55 10 41 44 47
37
0
46 26 7 13 50 201 129 49 70 17 140 116 37 77 55 31 14 33 60 59
38
0
35 23 9 11 30 121 138 58 63 28 107 112 47 103 28 72 8 42 42 45
39
0
32 32 4 12 59 137 168 32 62 21 130 114 58 106 53 37 7 46 51 49
40
0
17 34 8 18 40 112 114 59 62 20 91 133 48 97 47 80 11 48 59 44
41
0
32 24 10 9 45 108 120 57 71 30 109 109 57 112 65 70 5 56 39 48
42
0
24 44 6 9 71 116 141 65 72 23 124 111 34 92 39 79 7 42 45 61
43
0
30 34 8 9 75 127 116 91 65 34 116 129 49 107 47 52 3 58 44 39
44
0
44 29 6 11 49 148 106 83 56 24 93 113 36 102 44 81 6 42 44 67
45
0
29 37 6 7 39 136 130 45 63 15 95 133 53 111 26 52 5 47 48 69
46
0
23 32 10 8 64 138 131 53 71 26 117 114 24 100 39 73 7 39 57 57
47
0
46 35 6 15 40 137 143 71 100 22 113 95 36 115 39 47 7 49 50 63
48
0
27 36 4 9 63 90 110 58 66 32 79 118 53 90 76 89 7 69 25 46
49
0
32 36 11 7 52 125 148 53 51 23 99 106 22 99 41 50 6 34 53 56
50
0
33 41 10 11 62 135 104 40 68 28 111 102 45 84 41 57 6 23 47 53
51
0
29 34 6 7 74 113 101 67 57 17 119 150 62 109 59 52 3 66 47 46
52
0
25 30 5 7 53 157 160 43 75 24 128 118 46 116 33 81 7 54 69 32
53
0
36 26 7 10 51 114 149 61 39 20 142 73 61 96 28 56 3 51 30 49
54
0
39 25 4 7 54 119 125 56 75 30 129 116 47 128 42 60 5 38 56 58
55
0
27 31 12 12 72 132 118 67 69 30 128 82 44 83 55 83 10 43 59 64
56
0
23 33 4 13 50 125 140 64 79 18 112 87 35 87 51 54 4 48 70 59
57
0
46 38 7 7 53 127 104 64 47 29 112 91 40 96 36 66 6 46 60 62
58
0
31 34 7 12 55 139 143 78 63 21 103 149 30 90 50 45 5 63 57 41
59
0
40 43 6 14 47 147 99 53 59 25 121 110 46 67 39 50 10 48 64 58
60
0
25 48 7 13 44 141 119 48 64 11 129 80 43 78 55 68 5 35 40 49
61
0
38 32 7 11 66 120 122 49 60 25 125 102 52 117 50 58 4 48 64 51
62
0
38 30 3 5 46 119 155 72 69 19 108 129 50 77 52 63 3 33 45 74
63
0
22 25 5 11 39 148 141 54 66 25 159 120 40 71 44 60 4 38 46 70
64
0
52 33 6 9 35 138 109 55 53 28 124 99 36 115 54 63 8 50 63 36
65
0
30 35 7 9 52 138 88 47 64 15 120 81 30 102 40 78 13 38 48 75
66
0
31 31 5 5 54 112 114 51 56 34 110 90 55 129 56 52 6 35 68 72
67
0
20 27 9 7 50 126 98 40 52 25 142 98 46 92 32 67 9 35 39 47
68
0
28 40 6 9 49 146 129 64 63 16 100 121 56 103 40 80 9 39 58 76
69
0
41 30 7 6 54 140 116 60 79 27 122 110 41 83 37 63 6 41 50 55
70
0
34 34 4 10 47 147 121 69 87 26 99 125 55 71 59 56 6 43 64 90
71
0
34 26 5 19 75 132 105 61 68 23 109 122 52 100 41 52 8 44 49 75
72
0
37 45 6 11 54 139 106 58 79 32 112 122 53 68 49 72 6 50 47 42
73
0
29 46 5 15 28 163 132 58 51 23 120 99 58 104 45 72 8 43 38 77
74
0
22 34 9 11 39 113 140 75 58 24 140 129 27 85 30 63 7 77 36 45
75
0
37 34 4 12 60 179 94 50 54 27 107 99 54 75 42 57 8 43 67 44
76
0
39 28 6 12 45 120 139 65 50 21 123 100 57 115 37 58 6 39 39 85
77
0
28 50 5 9 41 157 136 83 60 23 114 92 42 94 47 84 8 48 66 42
78
0
44 21 5 12 66 105 114 62 41 15 113 109 57 117 35 50 13 30 75 68
79
0
38 38 5 9 42 145 104 51 54 34 108 142 46 113 48 68 8 48 45 50
80
0
34 29 8 11 39 117 99 68 59 22 103 99 56 107 23 49 5 50 68 68
81
0
44 42 2 8 42 149 93 65 59 24 124 118 43 99 50 69 8 37 35 55
82
0
40 30 6 10 60 124 119 92 68 22 124 92 54 131 56 68 3 66 60 44
83
0
33 40 6 10 39 106 113 81 64 14 98 117 43 71 43 55 6 47 54 64
84
0
30 53 10 5 50 163 143 40 94 23 104 107 46 88 59 70 5 51 71 55
85
0
37 39 5 12 43 138 135 49 77 10 112 104 58 117 37 68 8 52 56 54
86
0
49 27 7 9 64 100 116 73 64 19 120 92 59 74 40 99 6 54 50 73
87
0
18 26 8 10 49 134 117 66 76 29 152 136 45 97 60 65 6 66 58 45
88
0
20 25 6 7 56 144 139 52 70 31 122 105 50 116 45 71 5 46 49 54
89
0
27 36 7 7 55 143 138 81 63 28 142 90 42 101 39 55 6 43 53 31
90
0
31 29 6 13 33 126 101 43 95 25 112 79 42 94 50 64 6 52 63 59
91
0
32 25 6 9 55 139 120 42 47 27 122 98 55 113 42 50 7 53 45 56
92
0
28 31 8 8 64 168 150 45 59 20 143 109 36 101 26 71 7 49 52 39
93
0
30 25 4 13 62 103 116 47 54 29 124 97 49 80 59 67 6 50 49 54
94
0
19 35 8 12 45 119 136 53 72 35 111 92 44 98 28 78 6 48 43 58
95
0
20 38 5 8 52 91 125 79 84 13 106 90 51 92 57 60 10 33 52 75
96
0
31 24 9 11 54 120 156 63 51 23 129 123 45 92 44 63 7 36 57 70
97
0
28 27 4 13 70 135 90 69 33 30 110 140 52 125 60 51 9 58 53 54
98
0
32 26 6 10 42 110 146 83 44 16 111 137 63 126 36 55 6 52 51 48
99
0
20 31 7 11 41 129 125 65 73 18 109 100 44 102 35 57 6 39 36 44
100
0
26 43 3 9 50 162 127 52 106 30 88 99 52 112 57 83 5 47 51 38
101
0
44 21 4 9 42 133 137 65 56 17 117 105 50 91 46 62 8 54 41 59
102
0
22 46 5 15 73 146 110 56 67 22 88 129 29 78 44 53 5 41 74 76
103
0
37 33 8 10 68 128 133 64 74 20 94 93 58 90 45 59 11 38 65 63
104
0
33 38 8 14 67 155 104 51 55 22 115 89 58 83 25 70 9 45 36 71
105
0
32 47 5 11 59 159 145 64 55 26 107 101 31 108 45 64 8 39 48 50
106
0
26 34 7 10 51 147 111 61 57 18 136 86 52 100 52 75 4 64 62 53
107
0
21 51 7 7 53 180 132 34 57 20 119 123 49 107 40 61 3 55 49 49
108
0
34 40 6 10 62 138 132 73 73 27 113 101 32 96 44 61 7 59 61 69
109
0
29 41 8 13 55 144 82 52 64 19 120 96 50 82 50 52 6 68 42 42
110
0
23 49 9 9 70 116 86 77 43 46 131 102 46 92 29 61 5 49 44 50
111
0
19 37 5 12 29 130 99 57 64 17 103 127 43 88 45 74 9 49 45 59
112
0
30 41 4 9 75 127 94 49 51 21 100 142 42 95 39 77 6 70 55 51
113
0
33 21 4 6 41 160 143 62 47 37 128 115 24 104 47 77 4 44 50 43
114
0
24 35 5 15 56 148 133 68 53 31 88 113 38 97 42 42 5 51 45 53
115
0
29 32 6 8 68 98 130 83 62 22 83 139 34 79 44 48 10 32 41 55
116
0
29 31 7 14 64 136 173 54 73 25 134 114 38 112 40 66 5 41 84 77
117
0
24 43 6 7 58 107 103 68 65 26 104 93 41 93 24 83 9 36 42 47
118
0
32 39 5 11 53 171 107 63 51 17 119 83 36 59 45 66 9 54 46 44
119
0
26 18 5 14 44 117 107 44 61 14 115 81 43 114 36 78 6 51 41 48
120
0
25 37 8 8 44 107 104 74 60 18 138 152 35 126 61 48 6 47 49 53
121
0
26 36 8 13 55 124 150 72 70 24 147 129 35 104 47 57 8 36 48 64
122
0
36 45 6 5 61 135 128 51 50 24 74 79 56 104 38 64 6 63 53 51
123
0
46 18 8 15 49 159 102 65 50 24 132 96 53 92 48 64 6 54 52 63
124
0
27 56 6 15 58 116 144 74 74 23 140 88 38 104 56 54 4 48 63 60
125
0
33 26 7 7 50 115 130 41 61 21 140 117 36 121 62 75 5 46 68 56
126
0
31 35 10 10 50 143 123 94 76 19 156 108 37 90 45 74 5 51 52 44
127
0
35 41 4 9 57 113 128 53 67 18 135 136 39 65 66 65 10 48 52 41
128
0
39 56 3 9 70 104 119 36 35 18 100 123 43 116 40 71 5 49 44 58
129
0
38 26 4 5 64 135 143 60 50 28 119 103 47 90 42 62 4 31 63 53
130
0
26 42 5 7 52 152 130 55 66 21 87 105 68 112 54 59 9 36 52 66
131
0
35 36 11 10 56 142 147 73 43 28 116 107 62 95 29 62 7 49 46 67
132
0
26 31 4 12 55 128 148 59 37 20 114 136 42 111 34 79 7 50 71 51
133
0
43 25 3 11 51 143 127 62 61 23 91 122 39 113 68 44 6 34 60 54
134
0
22 33 8 6 54 137 128 54 82 18 97 112 49 107 30 54 7 37 38 77
135
0
40 40 8 6 62 117 166 55 85 22 168 110 38 95 36 58 11 59 51 72
136
0
33 36 5 7 71 109 127 86 44 20 107 120 48 86 50 50 6 57 55 47
137
0
24 31 9 8 47 137 108 38 79 33 86 178 28 112 53 53 10 53 48 55
138
0
47 42 8 7 44 106 111 51 68 17 105 108 37 86 44 72 5 35 57 50
139
0
24 39 3 11 59 108 127 58 45 20 115 96 39 89 41 70 7 25 36 44
140
0
24 53 6 13 49 135 123 65 55 29 120 120 46 90 46 64 5 57 48 60
141
0
38 30 5 13 49 119 161 68 45 21 115 64 49 93 33 61 7 38 56 83
142
0
25 41 5 12 56 195 129 54 54 23 90 119 65 87 46 64 7 60 37 69
143
0
30 21 8 10 49 114 114 49 74 24 104 116 26 95 54 58 4 52 76 52
144
0
45 25 4 8 56 130 115 69 57 33 102 110 38 123 32 43 6 61 33 46
145
0
31 34 7 10 67 124 147 71 76 15 114 104 38 94 43 73 8 45 61 47
146
0
31 36 9 9 52 122 161 67 65 18 88 140 38 93 35 95 11 45 50 58
147
0
36 16 4 10 37 153 150 62 63 25 95 112 67 67 29 54 3 28 46 47
148
0
18 52 4 15 44 158 132 57 56 21 92 132 50 100 42 81 6 30 57 39
149
0
29 44 6 9 44 113 120 61 52 23 112 120 67 113 45 81 8 52 72 42
150
0
35 27 4 12 46 111 110 66 41 24 140 116 64 93 31 55 4 51 46 34
151
0
41 52 6 10 54 129 134 62 48 30 132 83 31 76 49 50 11 42 40 65
152
0
41 30 4 8 59 168 123 64 53 28 97 95 56 130 55 70 6 43 66 56
153
0
23 43 5 13 47 141 108 63 60 22 95 138 37 110 26 78 7 41 36 46
154
0
27 24 4 6 68 146 124 46 57 15 96 150 38 147 36 71 8 36 35 67
155
0
45 25 16 7 55 164 122 63 68 15 131 92 51 106 38 74 5 51 51 62
156
0
35 38 3 13 41 140 99 60 75 21 139 107 44 108 45 74 10 44 73 42
157
0
28 30 7 7 45 159 140 64 75 15 132 116 46 94 27 60 3 46 51 49
158
0
29 30 4 7 44 146 108 66 61 21 129 80 46 110 48 56 9 45 57 65
159
0
34 30 10 4 56 115 162 53 45 19 100 102 38 68 45 87 4 49 62 46
160
0
27 34 8 8 54 120 136 50 76 17 129 85 46 102 46 66 5 66 60 94
161
0
22 33 4 7 61 141 148 55 58 17 118 84 39 82 49 80 10 63 52 46
162
0
26 49 7 13 43 152 123 71 49 16 99 113 48 115 34 65 5 63 36 65
163
0
27 39 10 13 58 150 128 69 59 36 120 137 36 99 40 78 6 30 59 59
164
0
29 38 8 5 53 113 144 61 53 38 92 157 43 94 31 45 10 38 36 45
165
0
34 31 5 7 58 150 124 56 59 13 126 106 54 125 61 72 5 38 50 67
166
0
36 25 6 9 50 152 124 52 50 34 164 101 50 84 65 83 8 65 70 53
167
0
44 32 6 12 36 151 127 62 47 27 105 110 32 94 40 49 11 35 60 65
168
0
25 30 4 3 60 101 135 49 80 21 109 102 40 95 28 65 13 47 68 38
169
0
25 25 5 13 55 134 115 72 53 34 144 115 61 93 42 63 8 30 45 48
170
0
33 38 7 6 48 118 88 48 61 21 131 118 41 92 38 80 7 54 61 46
171
0
39 31 7 15 67 158 91 66 53 19 117 112 47 100 52 61 7 47 60 61
172
0
25 44 6 10 50 145 124 71 83 24 150 149 55 119 38 75 7 65 37 37
173
0
39 34 5 7 33 139 115 66 51 22 144 139 38 114 29 65 8 41 39 56
174
0
23 20 9 12 39 146 143 68 76 22 122 106 38 110 34 73 2 48 47 61
175
0
34 31 4 12 60 146 144 49 60 20 113 120 37 112 32 69 7 53 48 58
176
0
48 36 10 15 65 138 144 67 58 32 112 101 35 79 33 67 9 47 53 48
177
0
27 34 3 13 37 160 125 52 84 31 117 127 44 101 63 89 4 39 45 60
178
0
24 28 11 7 40 136 199 53 67 16 103 93 66 112 53 58 9 44 38 43
179
0
32 18 6 7 55 159 120 54 66 23 118 95 39 102 40 98 8 44 50 45
180
0
34 33 6 10 71 131 138 67 43 20 104 87 36 127 61 46 5 67 42 53
181
0
31 21 7 9 46 106 111 71 55 13 111 156 40 96 34 71 7 57 54 37
182
0
40 34 5 10 42 115 132 78 55 22 130 97 57 112 36 48 5 48 42 40
183
0
27 35 7 9 47 150 114 53 30 30 128 116 44 106 53 49 9 65 43 64
184
0
36 33 5 7 33 135 164 70 60 30 102 115 49 101 27 70 8 60 42 52
185
0
27 31 6 12 54 134 105 64 69 38 98 104 36 129 29 64 6 39 48 83
186
0
48 21 4 9 61 132 110 60 66 20 99 130 37 87 35 61 3 32 59 55
187
0
36 37 4 11 53 159 137 48 66 16 121 145 41 77 45 73 5 48 51 63
188
0
54 37 5 11 53 121 125 75 61 27 160 101 46 93 31 40 5 44 55 67
189
0
48 25 6 14 44 114 114 47 65 18 123 95 50 111 52 70 7 41 47 60
190
0
41 27 6 8 39 125 122 49 53 22 116 100 59 92 37 60 7 46 56 65
191
0
26 32 10 6 72 129 136 66 59 19 115 164 43 94 65 64 8 68 59 53
192
0
22 50 7 10 70 126 109 54 46 17 119 144 50 101 50 56 7 51 58 51
193
0
36 38 7 6 45 123 134 48 50 33 126 116 49 91 40 58 3 38 44 37
194
0
37 48 5 8 41 150 135 50 75 21 93 93 49 121 43 88 10 82 58 49
195
0
37 34 6 17 54 116 96 69 68 22 146 92 39 102 68 62 10 38 65 50
196
0
29 41 7 8 57 117 136 42 72 24 120 105 50 131 57 61 6 49 41 53
197
0
30 38 6 14 72 101 113 48 48 27 92 93 57 77 60 83 4 57 38 70
198
0
29 38 6 9 35 145 162 52 73 33 113 108 46 90 38 49 5 41 60 62
199
0
31 30 4 9 43 169 106 76 79 16 108 109 42 79 39 49 9 45 58 41
