30
5
55745
0
0
3 140 5 0 68
1
0
151 15 26 50 118
2
0
13 62 12 177 285
3
0
137 25 21 27 57
4
0
63 8 33 26 10
5
0
44 16 19 26 41
6
0
9 3 117 11 49
7
0
229 74 21 11 52
8
0
70 157 10 8 3
9
0
6 73 17 7 24
10
0
84 344 39 240 17
11
0
44 118 72 6 84
12
0
21 4 17 13 38
13
0
29 7 4 54 177
14
0
38 92 13 46 36
15
0
6 11 1 2 275
16
0
17 3 111 5 24
17
0
2 21 68 40 67
18
0
74 4 120 56 29
19
0
168 17 30 23 5
20
0
31 19 8 14 45
21
0
178 84 165 173 23
22
0
4 74 74 2 115
23
0
140 5 7 9 21
24
0
20 286 79 2 6
25
0
3 105 84 21 82
26
0
41 3 11 24 24
27
0
14 24 114 43 23
28
0
29 311 154 3 43
29
0
55 25 3 25 24
