100
10
309607
0
0
169 67 18 119 219 8 39 36 65 11
1
0
136 76 24 156 193 4 52 45 35 22
2
0
181 91 29 156 200 8 40 41 33 22
3
0
183 70 14 109 185 7 67 45 41 25
4
0
172 84 33 119 193 9 54 21 45 14
5
0
191 138 18 160 233 5 50 33 41 17
6
0
189 65 18 131 200 4 42 22 48 24
7
0
139 47 24 141 200 8 51 27 30 17
8
0
206 71 32 139 218 5 39 37 42 10
9
0
206 69 20 134 189 5 43 34 55 13
10
0
170 81 20 95 242 4 64 23 45 17
11
0
195 79 19 137 191 5 44 36 37 23
12
0
192 76 25 114 200 7 43 35 51 18
13
0
208 44 23 136 196 5 47 57 34 25
14
0
222 71 19 133 205 10 40 51 55 16
15
0
186 81 31 110 212 4 30 54 43 21
16
0
160 88 15 144 217 5 43 52 47 23
17
0
203 70 12 129 215 4 53 43 58 22
18
0
217 76 15 171 200 5 42 28 52 15
19
0
153 76 16 146 190 8 53 31 35 14
20
0
156 83 22 100 232 6 57 42 33 25
21
0
160 69 18 116 187 8 63 64 50 22
22
0
169 83 17 121 214 4 32 55 40 26
23
0
188 62 23 67 185 4 58 48 51 21
24
0
183 95 32 134 260 8 52 23 35 33
25
0
119 83 22 111 184 7 41 20 47 13
26
0
182 67 16 129 171 11 54 23 51 18
27
0
174 78 26 127 160 7 59 49 23 28
28
0
186 69 28 94 228 5 55 35 30 29
29
0
189 105 16 110 191 4 46 42 34 22
30
0
174 74 25 113 172 6 31 43 48 23
31
0
148 98 23 157 179 6 49 33 35 16
32
0
166 74 17 129 215 5 36 53 38 30
33
0
122 76 17 128 218 4 44 32 46 20
34
0
221 69 14 136 229 8 65 37 41 24
35
0
164 75 12 117 146 6 40 46 40 31
36
0
163 75 28 114 234 4 28 28 42 14
37
0
166 74 17 105 204 6 41 37 41 19
38
0
151 65 29 110 255 5 26 30 42 23
39
0
154 61 24 182 199 4 34 43 54 12
40
0
188 85 28 109 148 6 41 23 45 28
41
0
139 73 15 130 207 6 38 34 34 25
42
0
239 60 15 118 201 8 59 45 38 25
43
0
198 85 17 83 251 5 49 22 59 19
44
0
229 76 22 93 210 6 41 42 36 21
45
0
224 89 19 108 199 3 44 37 33 16
46
0
194 73 13 104 223 12 42 32 40 10
47
0
214 65 16 144 231 3 49 53 27 15
48
0
182 67 14 107 229 7 33 40 43 18
49
0
180 89 31 151 228 10 60 26 54 16
50
0
179 129 17 126 190 8 69 55 47 27
51
0
155 82 11 139 229 6 56 37 31 23
52
0
185 80 16 97 210 6 59 47 56 18
53
0
153 43 21 96 205 3 40 47 42 24
54
0
198 89 21 117 164 6 43 35 41 25
55
0
192 97 21 109 220 6 45 42 43 18
56
0
209 85 28 108 263 11 38 33 51 17
57
0
175 57 21 121 214 4 28 24 44 14
58
0
226 77 25 111 195 8 52 38 45 31
59
0
175 85 20 99 234 5 42 44 37 27
60
0
178 64 10 124 189 5 30 52 56 29
61
0
132 82 15 145 235 5 52 35 30 18
62
0
189 93 15 116 189 9 42 28 31 16
63
0
192 75 10 123 178 4 45 52 51 37
64
0
191 51 20 157 146 5 49 38 41 21
65
0
237 78 17 138 232 6 61 42 41 21
66
0
169 76 22 122 158 5 27 27 33 22
67
0
201 54 24 103 235 6 46 52 38 16
68
0
190 79 31 102 203 3 38 32 42 23
69
0
142 73 29 124 212 5 74 34 39 12
70
0
141 65 25 142 173 3 48 37 37 19
71
0
190 73 16 113 197 8 32 23 43 17
72
0
212 112 21 169 189 7 44 37 37 21
73
0
183 62 24 121 228 4 31 32 34 14
74
0
142 98 26 149 177 6 49 30 39 28
75
0
184 82 17 104 194 6 39 24 48 22
76
0
156 85 26 125 202 4 67 48 37 16
77
0
140 86 22 106 262 5 56 54 58 18
78
0
178 80 16 108 181 7 45 24 42 23
79
0
148 75 15 119 178 4 45 59 51 16
80
0
127 62 18 128 217 10 70 33 54 12
81
0
179 93 28 167 244 9 70 42 53 31
82
0
178 84 21 134 213 5 37 36 56 22
83
0
189 70 16 103 214 7 58 21 35 8
84
0
144 78 25 122 177 5 30 27 41 20
85
0
196 98 18 118 206 3 27 45 27 14
86
0
139 92 26 126 221 5 39 41 46 14
87
0
206 75 22 138 151 9 70 42 42 28
88
0
148 77 15 133 238 8 59 36 51 14
89
0
164 77 15 98 204 3 42 25 35 14
90
0
190 89 31 113 201 5 38 34 41 15
91
0
196 71 22 140 194 6 37 36 39 16
92
0
180 69 23 122 203 3 41 32 55 20
93
0
129 71 25 141 180 8 61 43 31 23
94
0
172 110 22 141 196 10 52 35 49 16
95
0
225 81 18 137 183 6 45 37 48 26
96
0
236 96 17 132 206 9 34 41 28 30
97
0
201 59 38 114 203 4 43 41 43 14
98
0
158 72 21 101 202 8 42 35 37 17
99
0
161 84 15 138 162 6 43 34 46 19
