50
20
598517
0
0
4 7 40 45 80 32 5 88 1 33 235 12 39 17 85 169 9 11 89 36
1
0
2 5 53 41 38 25 8 82 1 24 285 20 53 28 98 189 9 28 108 35
2
0
5 11 26 40 32 33 4 96 2 50 267 18 36 12 135 209 9 21 63 72
3
0
7 6 55 38 43 33 5 63 1 50 343 17 73 15 101 138 7 37 70 40
4
0
3 5 37 26 34 29 9 94 2 33 304 13 44 18 124 161 19 19 77 20
5
0
1 6 38 34 38 27 7 99 1 51 282 20 46 19 97 170 10 24 75 42
6
0
3 16 34 35 50 29 3 102 1 54 243 25 44 15 69 187 8 29 64 23
7
0
3 12 36 25 37 24 8 97 1 44 278 16 38 20 74 180 4 29 88 56
8
0
4 5 38 19 42 26 7 104 1 41 261 26 45 26 86 216 6 31 78 33
9
0
3 7 31 49 55 23 11 54 1 49 239 11 46 14 113 170 4 25 74 47
10
0
2 7 39 25 41 25 5 133 1 50 264 15 42 24 126 219 4 17 78 48
11
0
3 10 53 24 50 32 8 97 1 43 229 13 43 14 108 239 11 19 81 35
12
0
3 8 30 27 56 39 7 100 1 47 261 21 32 12 105 173 7 23 89 43
13
0
2 10 51 28 50 20 6 87 2 45 245 16 55 16 103 165 6 29 110 30
14
0
5 8 33 29 39 35 6 99 1 26 246 12 45 22 111 183 3 27 83 39
15
0
6 10 43 23 41 39 7 123 1 43 351 21 61 17 96 149 5 37 77 19
16
0
2 8 28 39 42 23 4 103 1 55 292 11 44 18 106 172 4 22 73 71
17
0
3 6 47 45 61 25 10 74 2 40 286 18 41 26 108 185 9 23 88 37
18
0
3 10 49 29 36 28 10 88 1 27 341 25 32 18 85 146 6 24 83 35
19
0
1 13 42 27 39 31 9 114 1 61 291 22 69 34 125 150 6 27 62 46
20
0
3 8 52 37 40 23 6 97 1 27 296 12 57 13 103 175 7 22 83 40
21
0
3 6 48 23 47 31 8 99 1 47 243 10 42 12 114 186 6 42 75 33
22
0
3 18 56 32 39 20 8 73 1 36 290 16 40 18 99 168 7 21 96 34
23
0
2 8 33 34 51 15 8 89 1 35 268 13 32 15 95 165 7 28 64 47
24
0
4 11 47 36 47 27 5 93 2 44 295 12 36 15 101 149 8 22 80 28
25
0
3 9 39 43 32 28 6 83 2 57 253 17 30 17 81 193 7 25 103 44
26
0
3 11 22 26 49 27 7 93 1 45 295 23 59 18 101 191 4 25 90 37
27
0
5 13 56 15 55 23 10 71 1 40 190 18 37 15 101 153 6 37 79 45
28
0
2 10 44 33 36 27 5 125 2 41 312 16 37 23 113 197 8 26 114 48
29
0
2 7 64 22 41 26 4 105 1 39 288 18 67 17 89 165 5 9 70 34
30
0
4 11 36 19 39 30 11 87 1 43 325 23 38 25 103 182 6 21 82 46
31
0
8 11 39 28 33 40 8 104 1 45 305 18 49 11 91 189 8 25 73 51
32
0
2 11 52 31 45 40 6 97 1 40 271 15 48 28 156 172 5 29 74 34
33
0
3 10 38 34 31 40 8 80 1 36 274 20 51 24 107 176 9 23 57 36
34
0
4 8 41 27 40 30 10 79 1 34 294 14 49 16 90 162 5 16 74 35
35
0
4 5 41 35 42 19 6 95 1 43 295 13 51 16 97 162 3 26 77 34
36
0
4 16 39 28 48 43 7 73 2 44 259 14 47 10 97 147 7 23 64 54
37
0
3 7 46 37 46 20 6 72 1 55 343 22 31 15 90 196 10 35 99 28
38
0
3 4 65 26 51 20 4 114 1 38 264 22 42 12 76 161 4 34 70 60
39
0
2 9 41 32 60 22 6 101 1 20 287 13 38 14 94 161 5 21 58 46
40
0
4 4 24 30 53 21 6 81 1 44 268 23 47 17 113 150 5 33 82 44
41
0
2 12 46 34 53 26 4 68 1 57 279 18 51 18 96 188 5 32 66 53
42
0
3 10 66 22 54 36 9 114 2 35 268 8 78 17 125 177 8 19 67 29
43
0
4 9 52 23 46 49 9 100 2 34 279 25 39 28 90 195 5 18 78 35
44
0
4 9 42 46 31 23 9 87 1 45 267 12 38 9 107 200 6 23 77 42
45
0
3 14 31 38 54 28 5 99 1 44 304 6 28 13 87 176 4 32 100 38
46
0
4 9 21 32 40 32 5 98 2 47 313 18 48 24 100 189 5 25 102 31
47
0
2 8 40 29 48 28 10 77 1 34 307 15 50 10 114 135 5 18 115 52
48
0
4 7 37 21 55 41 9 81 1 58 279 20 39 11 84 163 8 16 104 45
49
0
2 7 51 40 37 26 6 89 1 48 276 12 54 24 114 184 7 26 79 53
