30
20
93091617
0
0
39 2 191 43 27 29 4 102 40 84 31 15 30 19 41 53 16 72 6 15
1
0
32 39 34 97 32 6 11 92 28 6 20 134 83 18 93 1 32 2 21 10
2
0
20 7 100 24 137 55 9 4 65 31 6 11 4 3 9 72 25 123 18 8
3
0
25 3 11 54 153 21 31 30 117 44 27 133 46 44 38 113 23 79 92 21
4
0
28 4 11 9 22 83 81 36 136 41 15 52 4 45 6 32 22 16 9 47
5
0
173 88 69 16 39 58 31 10 9 9 82 33 147 27 113 27 18 111 39 8
6
0
8 243 21 8 82 55 173 2 2 40 116 22 56 176 10 14 2 11 20 15
7
0
18 93 20 11 15 93 46 2 9 2 84 33 134 42 101 60 51 88 70 33
8
0
201 35 18 63 12 161 130 33 74 57 34 49 23 50 26 29 42 28 55 35
9
0
29 24 21 87 9 33 256 3 104 7 42 74 39 87 120 54 81 22 3 4
10
0
86 22 27 3 143 8 1 36 3 27 36 23 13 45 89 32 12 72 50 54
11
0
27 53 60 33 24 85 32 90 28 17 74 17 61 144 41 13 74 26 19 67
12
0
17 45 36 20 3 6 16 6 7 61 24 69 49 66 31 83 50 270 15 27
13
0
74 155 51 28 17 65 17 39 49 85 5 19 71 37 35 33 3 68 27 34
14
0
50 2 63 1 168 134 18 61 35 3 124 64 23 105 123 102 1 61 61 59
15
0
22 1 16 3 18 127 12 103 71 17 70 22 20 171 89 47 38 40 65 70
16
0
11 29 16 116 32 63 93 37 14 8 35 62 7 83 40 90 56 23 113 15
17
0
66 28 60 7 38 14 108 75 117 3 79 12 6 43 26 25 184 81 6 21
18
0
163 28 15 4 14 105 48 10 52 15 19 4 43 74 51 120 21 35 23 15
19
0
3 18 4 17 109 37 64 31 80 51 64 15 39 60 161 2 38 163 61 38
20
0
19 1 60 19 2 2 44 29 85 35 39 8 14 104 14 11 148 28 29 2
21
0
29 13 112 4 1 44 54 37 18 172 125 244 1 56 10 82 60 115 40 77
22
0
22 5 78 34 7 68 79 33 38 127 119 45 48 2 20 11 1 1 4 3
23
0
33 99 191 9 8 26 6 98 20 16 25 24 39 10 33 70 37 74 13 178
24
0
16 36 40 65 32 59 34 8 138 16 172 27 26 42 145 91 149 2 73 31
25
0
47 20 39 95 48 24 5 73 12 30 70 84 11 34 44 19 164 34 5 21
26
0
81 48 36 16 21 1 12 197 68 26 110 20 26 28 15 71 88 51 12 35
27
0
141 54 28 159 3 4 57 131 19 49 64 27 15 1 2 41 3 23 5 46
28
0
14 31 16 104 51 58 10 61 33 5 3 17 44 155 16 17 25 156 24 11
29
0
108 50 8 79 142 17 145 9 66 41 21 38 23 28 18 40 68 17 163 51
