50
10
604076
0
0
10 10 13 8 7 8 6 10 19 7
1
0
40 42 37 44 33 41 23 36 43 39
2
0
62 56 78 54 56 64 63 58 77 61
3
0
156 170 159 154 141 121 141 156 171 150
4
0
7 6 5 3 3 5 8 3 8 3
5
0
40 42 42 27 37 47 40 43 46 37
6
0
104 113 124 127 106 152 107 103 109 91
7
0
21 23 21 19 30 22 24 23 24 19
8
0
12 14 19 18 16 22 10 20 16 21
9
0
59 65 68 78 34 48 43 63 47 63
10
0
57 67 51 89 41 44 35 55 70 66
11
0
4 6 4 8 6 5 5 6 5 9
12
0
18 26 27 13 37 24 19 21 32 27
13
0
190 145 153 195 189 166 190 168 158 158
14
0
63 57 46 41 47 37 72 38 52 80
15
0
115 103 85 92 104 96 67 94 99 86
16
0
12 20 23 22 25 23 27 15 23 19
17
0
5 9 12 3 5 5 10 9 8 10
18
0
5 5 13 8 14 9 6 11 5 9
19
0
42 25 33 31 27 34 38 21 34 43
20
0
20 15 42 22 25 17 17 21 15 18
21
0
57 65 88 91 76 82 78 108 99 106
22
0
9 10 18 12 9 8 10 5 7 8
23
0
23 25 27 17 39 33 18 15 28 26
24
0
80 61 68 94 72 87 95 74 72 91
25
0
5 3 1 2 3 1 3 3 2 3
26
0
3 3 7 4 3 6 6 2 7 4
27
0
19 18 18 19 8 8 21 8 18 14
28
0
67 52 48 56 46 71 59 47 53 47
29
0
97 110 99 113 125 89 97 139 106 110
30
0
221 205 217 232 207 242 216 212 226 192
31
0
78 64 42 40 34 58 83 78 40 58
32
0
37 18 27 26 26 24 22 20 18 28
33
0
67 76 76 62 81 76 94 59 53 69
34
0
6 5 5 4 7 5 6 8 6 5
35
0
33 23 31 35 39 23 19 24 21 30
36
0
148 176 125 174 153 149 151 187 137 132
37
0
7 7 6 11 9 8 11 6 8 5
38
0
13 13 26 8 7 9 17 13 16 16
39
0
90 76 120 86 116 142 74 118 85 123
40
0
42 39 35 36 36 49 25 44 49 38
41
0
30 23 14 20 20 12 23 22 16 19
42
0
132 99 95 134 94 117 127 144 98 120
43
0
9 10 20 14 16 12 19 18 8 16
44
0
66 52 62 43 59 52 49 55 88 57
45
0
4 4 7 3 6 2 5 3 5 2
46
0
68 59 41 62 48 40 40 64 38 67
47
0
18 11 12 14 18 16 13 16 10 12
48
0
116 78 48 73 79 94 58 76 60 52
49
0
5 5 6 3 5 5 5 5 6 3
