50
20
210936
0
0
5 62 15 2 12 55 24 79 6 50 10 68 69 24 1 15 79 75 10 42
1
0
161 15 68 25 143 17 13 0 19 31 4 19 8 79 180 24 24 21 49 40
2
0
11 11 19 51 82 63 47 110 6 2 31 141 27 44 4 58 53 1 158 102
3
0
42 17 117 67 65 32 69 23 24 31 25 162 22 20 2 182 48 58 10 90
4
0
74 5 48 93 62 37 4 66 154 130 7 30 301 14 86 8 7 9 81 23
5
0
136 19 74 90 117 1 37 169 51 43 38 1 9 61 7 51 75 17 71 10
6
0
61 90 32 202 27 36 21 9 186 30 8 273 10 116 35 26 22 129 86 3
7
0
15 3 39 136 88 56 154 92 20 13 100 16 30 12 102 84 27 0 98 35
8
0
5 64 23 60 19 154 57 9 6 20 82 65 71 66 14 88 84 29 67 75
9
0
0 12 161 69 169 40 54 8 11 41 10 39 19 132 69 106 7 115 48 11
10
0
56 1 16 70 5 6 19 87 34 28 36 53 28 77 26 2 0 5 16 47
11
0
42 9 27 24 16 5 65 4 70 27 125 223 42 1 106 57 102 40 19 63
12
0
65 35 6 44 0 85 49 13 14 36 5 36 59 133 1 59 28 2 10 49
13
0
224 9 174 1 37 16 21 207 7 68 37 8 35 62 61 7 2 27 167 83
14
0
64 7 8 5 7 51 47 127 42 15 13 246 5 32 36 34 80 30 17 6
15
0
7 13 18 115 44 126 0 49 37 13 55 5 0 103 0 84 152 158 57 55
16
0
34 56 64 71 13 5 55 15 5 27 42 38 48 10 4 32 103 26 80 34
17
0
111 9 25 46 11 15 44 77 119 11 47 25 8 108 28 5 37 10 26 40
18
0
198 48 50 30 40 104 33 331 48 141 31 14 8 39 5 21 139 386 3 28
19
0
7 9 6 27 58 12 8 25 11 0 12 3 27 0 41 31 26 98 36 104
20
0
54 105 1 19 42 124 6 113 35 107 50 1 24 97 11 15 4 17 54 59
21
0
24 55 21 21 52 18 29 151 17 16 191 15 29 15 48 27 281 29 4 0
22
0
26 83 39 24 90 58 42 5 93 50 133 10 4 3 60 79 48 8 86 83
23
0
29 138 12 6 292 16 51 84 23 31 46 49 10 63 49 44 61 26 32 71
24
0
56 19 15 21 6 33 3 11 39 104 66 25 225 16 39 113 64 67 53 69
25
0
29 120 25 3 61 64 94 28 100 60 20 45 240 50 5 87 163 61 9 73
26
0
31 54 33 190 0 195 12 8 8 40 11 4 54 51 83 30 47 62 71 24
27
0
36 60 94 13 97 11 51 53 53 5 79 40 5 13 98 191 53 34 42 21
28
0
60 1 17 41 10 57 2 22 362 2 13 26 54 97 13 79 25 30 16 119
29
0
17 2 6 7 80 112 12 43 96 34 17 18 5 19 1 136 30 10 9 42
30
0
40 109 40 39 9 14 25 95 42 11 18 122 49 88 21 13 88 17 135 23
31
0
67 7 13 32 86 13 66 118 50 35 191 14 12 29 209 27 18 89 83 72
32
0
92 18 31 42 139 49 181 4 91 9 25 16 12 41 91 2 12 57 111 7
33
0
85 19 7 225 19 93 13 56 12 150 18 35 1 54 38 35 13 5 62 39
34
0
198 57 2 46 26 44 47 5 82 135 93 90 28 178 39 70 142 13 28 46
35
0
274 55 49 8 14 20 1 3 113 156 25 94 14 4 32 56 86 19 10 56
36
0
40 7 17 19 2 39 61 39 38 22 97 17 39 34 37 141 49 24 1 134
37
0
3 42 13 70 123 29 12 19 53 70 46 11 142 156 119 7 98 42 31 52
38
0
71 60 35 58 82 76 24 62 62 44 169 6 129 24 19 287 7 4 14 12
39
0
15 1 2 10 21 74 1 113 2 4 66 1 49 17 91 66 68 10 1 15
40
0
49 34 41 53 1 8 118 134 46 15 31 81 32 161 51 10 52 11 21 6
41
0
23 78 107 3 41 1 1 85 34 6 4 16 138 36 8 115 20 90 47 132
42
0
18 21 49 5 20 13 4 13 218 105 32 62 50 8 37 8 18 3 12 1
43
0
13 14 41 10 27 1 109 8 22 41 2 30 5 53 5 109 15 66 157 19
44
0
79 10 42 22 46 26 157 30 249 7 106 243 158 38 15 6 23 4 54 101
45
0
41 2 17 94 9 14 26 94 170 5 25 88 3 22 5 3 83 36 55 2
46
0
4 18 20 108 84 1 40 26 18 10 23 19 9 55 38 64 29 18 7 22
47
0
13 17 17 69 37 18 74 11 7 49 11 40 80 42 127 47 37 23 22 2
48
0
29 3 41 32 79 54 85 22 16 90 5 24 24 6 21 42 48 36 79 43
49
0
18 9 25 5 28 31 55 31 138 22 34 37 112 53 47 93 6 50 92 64
