200
20
962774
0
0
77 43 14 10 4 32 10 24 35 84 8 61 89 66 52 51 18 48 74 154
1
0
32 12 137 82 55 101 6 54 2 17 106 37 16 23 282 24 21 37 24 54
2
0
10 13 65 133 62 28 26 24 74 77 59 41 54 25 127 27 155 8 70 26
3
0
26 4 120 5 39 49 79 95 44 15 58 29 12 20 78 87 40 12 29 104
4
0
6 53 28 61 91 3 25 38 1 209 5 30 46 80 12 8 86 18 60 30
5
0
41 46 25 6 173 3 18 11 10 104 6 14 13 29 21 27 24 22 40 49
6
0
69 17 27 99 33 46 167 88 109 31 81 7 55 9 86 53 78 44 15 36
7
0
55 87 134 31 89 5 22 75 20 33 52 11 2 53 15 84 34 14 126 135
8
0
84 5 6 21 3 12 11 21 7 40 128 4 167 19 24 117 7 9 6 75
9
0
173 41 55 11 9 11 12 106 3 5 15 219 2 44 72 51 18 62 64 46
10
0
18 11 11 47 77 14 24 46 97 6 1 143 107 18 183 58 9 68 13 12
11
0
86 14 11 16 119 97 39 16 72 54 36 11 45 27 9 55 12 28 4 54
12
0
6 102 142 58 16 14 5 68 79 27 81 41 1 30 48 102 72 18 95 7
13
0
58 33 1 36 21 31 4 74 2 19 10 48 10 2 21 12 53 56 42 1
14
0
55 30 102 10 90 71 44 42 18 13 84 50 7 36 48 76 70 8 53 13
15
0
11 29 69 71 130 71 82 11 46 67 24 40 53 10 19 48 3 0 43 7
16
0
118 108 16 20 21 69 50 78 16 7 46 7 66 20 5 12 32 156 23 20
17
0
68 23 1 13 31 22 76 17 2 10 42 76 36 147 8 27 14 20 30 2
18
0
14 37 38 8 11 2 152 17 103 84 27 14 19 54 8 1 116 140 4 4
19
0
63 14 14 98 2 12 94 108 31 21 6 62 13 67 33 7 31 9 186 25
20
0
34 16 32 29 25 33 63 33 40 0 101 125 103 65 50 56 67 126 13 84
21
0
101 124 86 114 84 8 112 95 94 4 110 66 6 109 15 75 19 77 79 21
22
0
202 52 14 93 73 15 11 20 26 76 36 14 131 7 53 112 1 45 29 93
23
0
41 65 127 121 101 36 88 26 119 7 36 130 59 3 15 26 79 9 33 60
24
0
67 52 64 15 166 165 49 20 22 125 24 100 22 9 44 4 24 61 233 148
25
0
6 90 2 1 38 34 56 58 0 72 10 75 6 3 6 40 19 60 93 37
26
0
12 39 22 11 25 34 27 46 70 26 15 74 80 26 29 13 71 4 63 52
27
0
13 60 86 144 21 83 7 19 13 49 61 25 37 14 31 13 46 1 17 30
28
0
32 80 52 3 47 3 43 27 149 32 23 2 56 0 3 10 11 77 2 48
29
0
70 98 56 5 216 105 5 18 3 12 25 7 39 64 9 78 16 243 3 22
30
0
77 16 43 112 8 131 118 9 80 4 52 45 25 1 62 5 27 43 74 49
31
0
37 48 38 74 31 19 90 12 28 4 37 153 55 4 61 15 7 189 27 1
32
0
60 12 23 16 113 54 170 136 18 108 14 23 0 56 8 1 88 87 50 28
33
0
73 23 11 38 2 116 26 112 20 123 73 3 15 25 25 40 79 61 37 50
34
0
20 54 30 28 47 20 8 9 8 13 9 76 25 37 127 31 174 15 91 44
35
0
45 9 28 114 43 194 13 37 77 8 13 31 26 192 77 49 50 45 28 21
36
0
144 31 6 180 32 9 65 40 27 42 5 4 50 52 13 20 66 54 164 83
37
0
32 24 12 42 26 141 170 9 2 11 44 51 36 6 64 73 45 35 177 58
38
0
35 130 26 94 31 18 2 89 62 65 5 37 75 106 14 85 5 1 26 33
39
0
19 82 126 137 52 1 26 114 14 48 1 125 63 9 41 98 47 10 20 108
40
0
24 6 74 41 79 6 27 116 5 2 45 2 52 39 22 30 30 1 7 24
41
0
71 3 323 90 3 30 264 32 15 15 142 36 7 93 169 14 183 3 81 166
42
0
179 72 9 6 64 11 30 6 76 56 20 31 2 72 53 7 50 7 50 47
43
0
26 6 1 3 27 51 9 13 6 42 2 8 26 61 28 0 40 8 11 210
44
0
62 71 28 30 16 21 113 30 87 45 3 7 33 73 8 1 82 65 73 41
45
0
71 21 34 4 65 1 61 25 10 167 36 43 10 53 42 108 21 18 37 17
46
0
20 7 78 2 5 112 20 22 55 46 32 4 7 20 194 69 48 168 1 28
47
0
17 4 15 8 23 11 41 57 77 26 2 56 34 17 16 16 56 53 31 11
48
0
22 64 25 19 111 61 122 57 14 6 45 10 84 50 63 53 190 61 18 123
49
0
30 77 37 124 84 11 20 47 122 82 155 11 3 1 6 43 9 68 79 39
50
0
55 35 214 16 21 67 55 35 68 16 45 57 24 61 19 75 30 9 117 7
51
0
20 92 25 104 52 62 66 95 55 19 21 9 58 12 61 9 45 59 39 0
52
0
9 66 168 20 73 47 4 120 16 11 57 266 80 47 21 20 88 112 78 41
53
0
44 19 169 21 111 158 58 149 13 23 42 171 58 17 25 10 22 109 50 28
54
0
30 122 57 94 46 40 81 6 74 18 51 37 74 16 87 28 45 1 44 141
55
0
127 67 35 11 9 81 85 22 31 47 10 56 130 39 92 0 16 45 41 0
56
0
38 14 54 130 21 56 48 25 1 88 40 1 5 30 19 6 29 12 77 176
57
0
9 6 109 65 25 3 150 24 101 116 36 30 75 140 92 8 7 33 0 6
58
0
215 34 132 91 5 243 184 24 25 47 6 22 56 42 11 61 43 76 7 66
59
0
51 79 78 20 28 99 92 24 121 99 2 39 44 35 72 22 21 60 92 5
60
0
67 21 5 58 41 23 43 38 35 80 134 143 63 31 30 8 114 32 84 33
61
0
52 112 39 5 1 5 18 83 48 55 56 11 172 16 4 3 73 16 52 140
62
0
6 23 18 14 96 48 4 189 47 25 36 25 46 1 15 1 68 7 21 12
63
0
49 5 1 2 33 103 22 31 70 27 43 19 46 28 30 23 33 32 30 11
64
0
16 99 27 7 3 47 61 16 47 91 82 55 30 13 1 27 7 27 32 170
65
0
45 30 34 12 23 8 233 115 21 83 4 15 29 6 14 1 14 25 42 111
66
0
231 41 53 78 39 18 15 48 42 15 21 15 52 5 74 45 43 107 5 32
67
0
32 84 19 44 19 47 51 78 58 20 100 131 90 15 19 16 7 52 17 3
68
0
161 1 35 41 95 0 2 55 1 73 6 101 62 73 29 5 2 1 113 21
69
0
11 5 10 64 76 3 19 133 388 67 41 12 52 25 5 2 72 12 36 13
70
0
11 86 87 45 16 63 29 39 107 123 81 38 36 11 22 45 24 140 101 14
71
0
40 31 253 127 61 19 9 44 79 34 17 17 21 16 116 11 22 71 144 66
72
0
54 126 26 73 228 14 1 24 34 7 33 62 151 4 40 96 17 37 7 28
73
0
34 20 33 155 45 199 42 7 234 9 12 3 30 190 69 41 148 211 94 100
74
0
24 66 34 10 11 8 0 36 2 9 152 61 48 82 33 55 9 61 25 23
75
0
22 58 5 49 29 183 38 4 10 117 44 72 28 34 1 15 5 81 11 8
76
0
7 26 92 96 116 72 0 5 24 19 44 289 8 8 8 8 34 43 326 66
77
0
2 26 20 33 7 20 24 189 10 76 3 34 3 22 9 28 245 263 7 135
78
0
41 78 129 16 7 53 30 6 112 28 66 156 68 109 1 25 144 44 1 150
79
0
33 11 54 27 174 26 66 64 14 53 2 21 6 66 102 271 4 8 130 25
80
0
1 123 9 9 31 47 36 20 113 31 33 9 93 19 85 90 12 25 64 63
81
0
38 90 11 16 276 15 52 53 58 42 165 11 15 251 84 52 19 38 73 6
82
0
66 19 52 7 5 14 7 82 56 34 156 1 74 79 19 68 32 25 25 4
83
0
24 8 42 20 36 4 90 8 95 94 24 32 27 53 13 62 43 2 6 4
84
0
0 98 69 20 4 31 20 25 113 22 52 39 20 2 113 53 184 70 3 71
85
0
49 59 75 45 65 130 63 8 59 13 34 50 90 18 15 146 55 7 6 20
86
0
38 190 18 29 10 71 4 109 3 25 75 44 11 10 38 11 59 109 160 22
87
0
15 99 36 28 14 21 5 13 3 6 35 27 102 18 37 25 113 12 47 108
88
0
31 27 62 5 9 21 192 53 39 288 64 339 142 6 139 7 7 44 11 17
89
0
10 10 32 58 45 66 10 19 17 88 35 17 79 100 19 13 8 71 54 47
90
0
13 5 50 103 10 29 39 22 53 17 2 33 35 2 68 16 88 5 13 20
91
0
8 16 120 30 45 5 45 331 107 81 17 11 58 54 57 22 55 140 56 53
92
0
31 37 3 111 15 1 46 84 82 13 12 14 26 5 8 42 96 85 48 2
93
0
96 142 25 3 1 8 0 47 74 76 61 16 33 59 61 116 16 56 8 60
94
0
15 3 54 15 4 55 15 47 83 31 7 72 100 20 124 49 38 60 50 33
95
0
29 53 8 34 95 31 70 134 13 24 55 69 47 107 2 34 43 11 83 18
96
0
62 62 8 6 93 3 18 42 72 110 163 174 12 59 57 32 69 32 92 6
97
0
153 58 10 86 6 62 26 5 36 37 58 15 10 26 1 110 6 8 26 89
98
0
38 3 7 2 12 27 1 30 30 154 65 115 16 28 55 13 111 57 16 10
99
0
16 5 12 7 18 53 39 9 9 16 9 196 25 29 17 25 45 64 33 50
100
0
14 76 19 1 91 10 63 8 156 42 9 26 36 11 12 6 74 36 61 19
101
0
18 183 62 82 31 14 37 170 16 146 16 10 14 118 91 2 29 17 22 33
102
0
77 35 16 6 78 32 239 59 109 37 4 98 163 16 99 17 45 6 41 22
103
0
45 85 19 91 25 50 61 22 18 8 16 64 60 35 33 28 20 14 80 17
104
0
66 28 37 19 96 9 27 45 8 32 64 66 38 20 8 54 25 250 1 36
105
0
44 17 33 74 22 22 12 1 25 70 10 15 20 69 77 7 58 81 26 50
106
0
109 110 60 59 20 51 51 155 42 154 56 15 161 113 290 10 51 46 20 24
107
0
105 36 31 24 12 59 33 17 32 21 38 16 93 27 142 3 33 10 21 162
108
0
13 5 18 49 87 237 0 5 2 33 24 20 39 19 113 56 1 65 32 50
109
0
8 70 74 12 82 30 85 35 2 85 66 1 28 68 28 32 40 40 20 19
110
0
8 21 96 46 38 87 35 3 6 8 74 31 118 46 3 105 28 47 8 9
111
0
44 51 47 2 45 59 31 32 90 48 9 10 40 218 2 47 38 23 21 42
112
0
96 37 5 32 172 150 58 7 26 142 160 33 65 5 138 5 34 68 49 19
113
0
23 52 19 80 72 22 24 47 26 3 5 23 49 30 83 76 19 12 36 30
114
0
29 1 64 64 6 11 77 25 31 34 5 49 97 30 62 23 45 28 4 280
115
0
34 0 28 16 13 7 106 4 10 95 23 124 36 26 23 43 8 72 56 45
116
0
85 65 23 35 1 71 11 13 27 123 40 3 164 33 6 128 18 21 106 19
117
0
10 16 140 63 142 16 7 14 70 38 5 193 48 8 42 26 225 7 86 3
118
0
188 125 85 39 103 0 37 40 4 81 63 95 2 12 17 77 85 14 126 63
119
0
38 26 7 43 11 0 15 166 16 22 37 32 48 9 21 13 63 11 281 6
120
0
44 40 179 5 183 111 53 77 79 84 93 67 33 49 32 18 36 16 14 190
121
0
56 33 139 45 52 20 152 98 13 2 24 22 18 8 26 44 171 15 68 44
122
0
115 16 14 8 27 54 25 136 25 59 33 52 11 24 25 23 61 40 50 2
123
0
15 122 121 18 48 254 206 88 123 80 48 17 56 98 31 17 173 50 8 31
124
0
90 39 56 3 47 6 49 42 154 128 4 34 106 97 57 21 100 18 9 16
125
0
53 46 8 30 24 55 0 60 87 133 117 16 11 4 61 84 99 96 1 244
126
0
5 84 17 16 23 24 66 45 21 151 16 8 9 25 43 57 25 26 39 31
127
0
137 1 37 15 148 60 16 107 25 34 77 18 13 12 45 9 47 38 319 12
128
0
81 57 44 208 10 45 132 69 37 23 2 2 19 6 18 24 9 38 2 13
129
0
87 88 39 23 44 51 57 198 139 15 11 12 20 35 146 89 6 10 57 51
130
0
45 23 133 35 16 221 11 17 67 103 11 31 34 30 16 124 1 13 305 138
131
0
93 26 16 196 13 97 62 3 51 4 31 49 6 25 79 19 5 8 41 12
132
0
19 62 79 29 8 34 104 10 155 24 136 244 104 124 5 59 27 33 28 110
133
0
2 58 36 124 28 89 4 13 12 34 26 18 9 84 121 10 99 11 11 117
134
0
31 37 30 28 11 85 145 83 26 53 14 36 187 96 2 121 12 26 177 44
135
0
6 76 106 94 31 168 32 30 221 44 116 77 6 19 47 116 26 35 39 90
136
0
79 89 36 43 16 15 1 21 3 26 45 5 42 11 159 2 92 21 46 7
137
0
85 8 32 41 94 9 75 161 4 42 10 39 29 7 136 16 71 23 53 95
138
0
263 36 41 14 24 44 0 167 152 48 36 106 25 3 43 21 53 2 19 1
139
0
74 62 34 9 14 33 16 116 42 49 9 25 15 37 6 40 75 27 105 29
140
0
49 57 10 42 13 10 1 12 2 93 9 14 21 39 26 19 21 33 6 34
141
0
70 39 8 5 19 4 42 48 15 133 42 69 64 37 21 21 38 21 71 75
142
0
25 12 8 95 33 1 6 43 15 33 113 69 28 11 46 49 101 25 24 160
143
0
119 90 44 25 13 50 43 94 84 78 8 16 5 12 2 24 15 32 185 102
144
0
43 54 48 15 206 31 43 26 1 65 110 78 15 60 148 39 31 26 60 42
145
0
17 3 34 6 19 76 48 22 6 13 21 9 26 21 79 45 81 20 49 52
146
0
157 40 72 1 3 17 18 31 16 113 4 10 23 108 32 8 24 40 65 38
147
0
141 72 5 25 69 29 13 7 66 8 6 26 6 174 25 22 60 85 35 23
148
0
18 71 78 97 17 1 170 12 9 41 72 4 9 14 52 59 15 52 109 64
149
0
87 40 73 35 45 17 1 1 27 26 45 80 20 55 55 7 78 42 59 27
150
0
56 58 11 39 32 266 81 76 44 28 38 26 4 29 8 112 70 16 7 62
151
0
77 96 50 12 117 40 63 0 51 39 50 19 86 162 71 88 8 18 8 157
152
0
100 3 4 16 40 52 2 18 122 134 71 59 18 109 27 56 25 64 74 44
153
0
57 90 29 132 56 8 99 36 349 33 5 125 6 93 48 8 10 21 14 158
154
0
42 24 28 67 51 4 11 39 3 2 4 3 46 94 96 209 53 15 3 56
155
0
195 27 106 39 79 46 50 7 157 1 30 15 4 1 59 24 21 172 315 133
156
0
60 1 50 141 30 18 141 23 53 167 154 107 77 7 41 89 36 59 12 5
157
0
70 45 25 15 33 153 8 5 31 46 11 42 51 119 38 23 85 4 79 59
158
0
74 80 21 3 48 10 23 22 33 188 30 47 141 54 0 64 1 24 49 37
159
0
13 17 3 85 50 6 1 38 81 7 8 28 2 79 164 12 23 114 75 120
160
0
16 46 8 9 6 25 98 2 238 79 118 23 28 15 23 44 0 56 71 37
161
0
6 38 16 33 19 53 58 62 82 37 2 72 19 28 74 27 5 79 16 24
162
0
10 50 81 8 30 22 81 120 7 276 5 14 60 10 41 21 31 42 18 27
163
0
34 18 32 86 53 25 216 25 30 47 22 12 2 24 28 42 14 31 13 43
164
0
98 7 48 102 77 143 4 97 46 24 51 6 10 34 7 97 41 5 142 14
165
0
58 20 92 158 122 90 27 117 73 152 78 120 29 6 35 36 62 69 77 7
166
0
107 17 25 54 78 102 67 2 4 209 36 49 2 9 19 21 30 4 58 20
167
0
142 39 105 5 1 10 123 8 59 71 2 39 36 53 163 59 5 110 8 13
168
0
47 22 23 62 31 23 3 132 20 86 94 6 99 7 28 13 77 22 22 76
169
0
68 7 115 42 30 46 61 14 39 37 55 96 34 117 34 75 21 40 1 0
170
0
3 118 5 16 39 133 100 56 69 10 43 52 19 35 20 46 33 31 3 32
171
0
95 16 89 124 11 5 18 54 17 73 21 167 59 2 27 6 8 43 49 40
172
0
13 49 37 16 20 45 7 9 54 39 28 20 96 101 16 13 54 33 66 28
173
0
13 68 45 57 20 26 26 3 11 6 4 52 37 56 78 27 70 29 73 5
174
0
170 130 30 91 22 55 11 115 25 12 105 99 118 9 38 64 18 242 18 24
175
0
110 16 70 11 47 31 93 36 8 133 126 37 71 1 66 37 18 9 77 61
176
0
7 7 42 51 113 13 129 17 12 2 2 47 49 16 2 23 147 114 86 2
177
0
44 4 38 5 28 60 3 99 102 31 145 6 138 92 75 48 12 67 74 10
178
0
44 30 6 11 27 2 60 33 19 4 7 7 82 69 153 4 15 71 71 74
179
0
9 5 143 23 29 129 30 24 0 268 5 76 15 35 16 32 97 90 19 92
180
0
15 2 62 295 21 45 54 112 203 6 68 12 124 26 30 76 45 4 9 23
181
0
73 133 7 6 7 81 8 121 76 46 11 102 63 88 56 34 45 38 15 21
182
0
4 73 51 104 57 33 133 39 50 49 64 25 98 12 78 28 15 117 45 79
183
0
13 53 41 49 7 40 21 49 37 78 10 5 105 135 37 18 111 47 7 37
184
0
45 7 106 35 2 25 24 18 29 30 4 24 117 55 96 36 9 46 84 24
185
0
7 50 134 205 29 3 32 45 24 34 23 20 52 16 6 40 82 44 7 134
186
0
12 12 74 44 135 2 9 182 11 121 79 427 3 4 10 8 63 10 23 81
187
0
2 54 49 75 21 6 52 21 52 79 10 40 30 37 75 1 15 11 38 230
188
0
115 14 45 87 56 17 42 24 2 18 30 45 155 20 72 5 22 14 148 17
189
0
25 31 44 26 50 50 69 14 97 21 2 21 33 26 25 0 50 2 56 25
190
0
44 96 38 86 80 64 81 26 119 74 6 12 18 3 41 25 69 37 105 13
191
0
27 6 38 11 87 34 12 38 29 10 131 50 6 54 62 167 26 5 100 124
192
0
53 11 40 2 22 51 2 41 46 32 79 67 5 11 101 6 188 19 27 53
193
0
30 5 7 16 12 2 52 96 21 95 53 19 8 43 21 9 85 52 12 57
194
0
73 76 16 50 7 31 10 126 117 78 21 28 41 11 27 74 146 9 75 71
195
0
78 22 16 63 6 102 61 22 62 4 47 46 64 23 12 45 127 20 27 171
196
0
3 6 121 77 19 58 13 8 10 8 181 172 2 24 26 89 148 144 11 24
197
0
70 11 4 10 39 66 16 24 138 3 1 61 2 19 1 3 46 63 13 260
198
0
24 12 34 53 37 1 159 11 91 3 92 1 42 5 110 18 5 166 1 13
199
0
125 200 26 46 3 69 63 12 1 92 190 13 18 43 13 28 3 37 18 49
