30
20
557139
0
0
74 15 34 35 7 59 6 28 39 26 25 9 4 44 56 197 32 23 113 9
1
0
94 23 29 17 10 61 7 23 42 22 20 13 5 33 46 215 33 32 120 15
2
0
79 23 39 13 4 65 7 45 42 28 24 11 8 23 42 188 33 19 146 7
3
0
69 24 43 16 6 36 5 30 41 34 35 3 10 35 52 175 49 41 144 5
4
0
71 14 36 23 12 73 4 25 38 16 23 7 4 40 42 181 44 24 155 6
5
0
81 22 37 17 5 65 7 21 45 28 17 5 5 39 42 202 50 39 130 15
6
0
55 27 55 25 4 61 8 30 48 26 22 8 3 39 49 234 54 28 144 9
7
0
65 16 38 22 6 50 7 27 35 38 28 7 5 44 48 232 36 32 112 8
8
0
88 14 47 18 4 57 7 32 38 38 18 8 3 45 32 215 46 33 102 12
9
0
113 33 30 23 4 94 9 43 44 33 42 2 6 27 41 238 59 30 109 10
10
0
99 22 49 29 5 41 6 31 20 27 25 5 4 30 47 215 63 50 112 11
11
0
91 23 54 20 10 81 5 20 35 29 7 7 5 20 54 177 44 35 141 10
12
0
88 15 44 22 11 62 6 20 38 28 24 5 3 40 35 209 58 40 105 11
13
0
92 11 34 21 7 70 11 32 34 22 31 6 3 51 22 214 32 40 132 10
14
0
83 18 38 35 3 74 8 30 39 28 29 7 6 44 43 248 49 42 98 7
15
0
80 20 44 15 4 63 9 31 56 20 19 7 12 34 47 227 55 39 138 13
16
0
69 22 33 25 2 46 6 21 43 28 32 5 5 34 46 231 39 31 182 6
17
0
98 20 37 17 4 41 7 34 31 25 26 4 8 31 37 192 61 22 140 15
18
0
151 19 39 20 8 54 14 26 43 19 22 12 3 32 35 221 39 26 102 8
19
0
77 22 27 14 3 81 9 35 55 22 18 6 6 51 44 215 32 31 106 12
20
0
102 18 20 22 6 48 16 42 44 23 21 6 4 50 36 201 61 20 128 6
21
0
99 19 46 26 6 40 13 30 50 27 30 5 4 38 37 195 72 25 107 13
22
0
71 19 41 15 11 46 6 51 39 40 19 5 4 38 36 208 68 33 135 13
23
0
60 34 37 19 5 77 9 26 37 28 21 4 5 34 25 225 52 32 126 16
24
0
90 27 60 19 5 48 7 24 16 16 27 7 5 44 41 243 45 29 132 10
25
0
68 23 31 26 8 70 6 28 33 25 24 7 6 36 39 222 53 40 164 5
26
0
84 22 43 18 6 59 3 33 35 23 16 3 3 27 55 179 52 28 144 11
27
0
48 22 47 11 10 68 7 32 28 17 28 5 3 48 50 298 47 49 105 9
28
0
78 16 29 21 9 49 10 35 42 23 33 5 3 26 33 261 42 34 115 7
29
0
87 18 43 18 8 80 6 20 29 25 13 5 4 40 42 232 57 27 124 10
