100
10
24394
0
0
16 80 36 12 18 30 8 2 22 10
1
0
65 31 58 25 65 0 68 9 77 21
2
0
104 145 45 1 35 17 93 0 147 4
3
0
66 31 23 65 1 4 11 38 41 31
4
0
13 11 22 111 11 50 22 68 22 44
5
0
36 6 45 130 21 31 18 103 62 15
6
0
40 46 43 5 55 128 5 11 52 48
7
0
61 51 66 19 3 13 37 1 23 7
8
0
136 62 17 126 24 21 27 34 5 53
9
0
163 5 21 73 2 106 121 52 4 64
10
0
82 26 16 28 136 104 1 6 56 40
11
0
50 24 38 315 38 18 113 98 29 16
12
0
20 50 84 73 98 54 17 158 45 121
13
0
15 21 144 0 14 36 3 17 163 1
14
0
71 6 16 62 64 79 38 11 34 47
15
0
55 7 47 9 0 124 79 17 57 10
16
0
75 34 34 129 49 5 20 51 73 20
17
0
18 32 4 4 2 28 15 1 32 5
18
0
15 3 73 62 23 134 47 49 65 56
19
0
69 0 65 12 1 39 8 14 70 36
20
0
25 213 46 13 17 58 32 3 46 5
21
0
173 42 42 113 56 28 9 31 65 10
22
0
121 28 43 23 4 103 1 9 24 54
23
0
11 28 52 5 5 63 30 52 32 63
24
0
52 58 56 57 144 6 87 19 8 36
25
0
57 85 37 10 79 192 59 30 30 25
26
0
41 64 125 21 0 5 49 77 7 16
27
0
4 35 12 37 77 88 57 5 33 42
28
0
78 41 87 60 22 16 75 36 2 9
29
0
9 113 72 85 1 25 40 44 205 11
30
0
24 47 55 5 19 2 1 33 48 55
31
0
43 5 47 1 136 20 6 99 81 37
32
0
55 181 111 271 14 128 77 31 7 35
33
0
35 107 26 52 5 5 56 43 9 135
34
0
42 17 96 4 20 9 33 74 109 59
35
0
143 82 56 25 7 66 164 122 18 59
36
0
16 1 154 146 51 22 181 75 82 92
37
0
14 67 91 42 14 12 12 71 53 5
38
0
42 106 16 16 56 61 11 10 156 36
39
0
1 28 15 1 75 68 151 36 71 14
40
0
31 21 318 42 152 34 18 88 7 6
41
0
60 114 6 35 14 38 112 75 3 42
42
0
30 29 17 14 78 47 48 8 64 7
43
0
34 19 13 10 23 5 36 51 116 5
44
0
109 3 28 48 34 74 56 12 28 29
45
0
21 79 32 4 10 8 11 30 58 70
46
0
14 6 22 48 18 97 77 15 14 21
47
0
93 53 12 13 10 34 53 31 30 41
48
0
1 6 1 21 47 11 20 216 41 20
49
0
30 7 8 36 101 5 3 33 36 142
50
0
96 33 52 35 1 105 3 57 52 10
51
0
72 1 108 8 130 64 9 36 161 55
52
0
47 45 178 32 37 35 4 75 19 55
53
0
18 326 131 1 25 35 155 19 37 26
54
0
16 83 46 0 15 16 60 20 29 35
55
0
9 107 173 18 41 47 5 40 5 57
56
0
11 13 50 25 33 70 29 4 39 37
57
0
172 39 70 8 23 81 70 43 78 22
58
0
212 182 150 16 74 54 147 29 44 11
59
0
6 6 27 36 86 77 54 135 8 9
60
0
20 19 18 18 27 50 31 19 8 12
61
0
25 53 16 67 41 140 37 29 69 117
62
0
3 188 98 46 63 361 21 31 42 30
63
0
76 28 120 114 50 66 15 64 135 8
64
0
94 89 114 12 2 92 98 128 51 17
65
0
17 38 48 152 83 54 13 9 33 24
66
0
1 12 6 3 20 3 16 8 116 34
67
0
9 2 50 50 75 52 27 43 16 18
68
0
56 62 32 64 4 16 47 88 5 56
69
0
24 73 29 27 89 134 0 39 3 88
70
0
37 76 152 62 28 32 65 178 96 109
71
0
171 33 6 80 5 0 79 11 97 19
72
0
44 139 30 1 20 11 22 15 92 45
73
0
208 8 103 9 80 23 3 29 36 86
74
0
61 46 2 16 3 18 3 76 9 15
75
0
24 16 17 179 20 52 42 50 40 16
76
0
22 53 34 28 66 102 17 23 16 67
77
0
25 79 31 83 2 254 11 168 2 59
78
0
5 30 11 10 61 104 105 4 62 76
79
0
80 45 2 5 24 71 22 9 38 42
80
0
72 144 311 8 41 41 15 6 36 138
81
0
34 79 23 131 22 14 24 22 50 184
82
0
56 89 47 24 11 92 7 37 25 24
83
0
7 43 0 43 133 167 18 2 56 87
84
0
34 19 27 23 21 9 63 1 96 71
85
0
11 59 36 6 60 42 72 26 48 20
86
0
155 156 22 105 218 30 59 3 5 108
87
0
59 83 104 26 120 69 10 24 316 87
88
0
47 2 60 0 4 29 50 38 22 89
89
0
94 134 91 80 47 36 0 24 68 19
90
0
7 161 23 37 75 33 3 3 99 4
91
0
48 24 66 29 79 143 21 61 106 53
92
0
20 12 0 16 8 78 16 8 28 64
93
0
25 25 4 21 49 38 71 59 39 66
94
0
75 120 62 15 39 36 15 52 53 123
95
0
2 21 27 48 74 195 13 42 11 31
96
0
107 72 22 46 3 33 19 6 1 67
97
0
70 54 58 52 11 176 110 52 85 36
98
0
113 2 19 49 57 7 0 30 22 89
99
0
117 45 44 86 5 41 45 122 141 15
