200
20
375428
0
0
138 94 40 89 45 74 3 162 16 47 19 31 4 48 28 88 54 31 59 94
1
0
12 80 34 30 79 103 44 63 14 11 38 61 269 20 10 166 71 4 33 28
2
0
45 111 82 5 122 27 29 78 0 2 54 76 125 46 5 73 4 46 73 27
3
0
74 45 9 12 73 2 46 49 35 11 27 54 42 51 32 36 24 41 26 90
4
0
11 26 52 39 127 30 13 34 28 1 56 11 2 66 156 70 79 39 129 22
5
0
10 11 2 71 8 3 90 4 145 50 19 12 17 102 33 72 12 5 51 63
6
0
103 49 4 59 22 133 9 58 37 151 4 9 55 111 41 72 117 61 93 36
7
0
9 195 34 75 57 1 23 115 22 32 29 26 53 7 13 145 7 63 106 3
8
0
126 40 21 12 8 91 17 34 25 64 27 161 130 130 59 39 25 142 17 81
9
0
125 29 67 9 17 15 90 28 29 125 72 7 0 142 53 21 23 23 20 22
10
0
12 66 73 67 72 43 141 51 1 107 86 30 80 39 51 39 98 49 146 42
11
0
33 53 1 33 3 148 42 32 42 170 50 20 16 154 47 19 39 23 93 61
12
0
40 1 17 24 132 109 2 8 36 70 0 149 8 16 88 130 17 140 4 238
13
0
44 5 123 29 125 88 10 42 40 2 29 2 3 42 70 83 5 93 8 27
14
0
83 116 43 32 16 91 64 70 39 41 62 47 27 49 2 26 163 8 52 2
15
0
2 72 11 123 55 3 27 135 15 9 16 77 5 41 1 58 35 102 18 54
16
0
3 18 28 79 44 68 43 4 63 83 4 116 78 25 15 12 105 71 10 158
17
0
86 16 104 78 3 68 48 47 40 74 17 6 98 42 46 2 149 15 70 18
18
0
4 41 4 83 94 8 35 83 100 1 107 103 39 49 1 40 26 179 65 56
19
0
92 38 9 78 7 7 18 42 19 17 114 9 28 29 65 58 129 56 5 59
20
0
119 5 100 83 40 15 25 4 68 17 18 126 111 6 86 57 64 53 23 103
21
0
71 81 28 29 3 9 9 24 33 25 36 23 2 39 20 57 8 13 38 21
22
0
79 48 71 31 39 33 94 39 54 23 45 38 58 43 13 46 50 61 41 110
23
0
44 29 5 31 28 120 14 42 0 6 12 4 5 13 27 59 25 9 67 40
24
0
13 1 17 92 25 40 58 18 10 33 36 15 22 46 163 41 3 34 80 87
25
0
19 20 14 42 1 9 10 99 23 26 12 213 63 42 24 8 141 18 40 14
26
0
44 58 34 93 20 42 7 24 39 12 26 93 17 50 42 35 32 13 11 74
27
0
21 105 216 55 184 187 65 91 41 27 11 26 9 7 116 27 22 42 28 76
28
0
76 77 120 39 55 0 5 14 6 90 94 1 15 79 66 3 63 34 74 16
29
0
2 4 38 179 22 1 30 62 14 70 35 10 41 4 25 113 27 34 30 10
30
0
39 22 46 18 124 24 172 13 2 137 6 49 41 41 82 32 30 137 46 7
31
0
92 3 42 34 90 127 154 62 38 20 30 27 30 71 96 30 20 2 39 191
32
0
94 39 30 26 268 51 14 31 33 26 0 2 48 100 8 37 25 55 76 93
33
0
139 8 96 84 6 48 104 5 157 36 88 46 72 92 31 24 31 28 30 42
34
0
53 76 76 51 40 141 55 24 22 83 195 51 302 60 45 160 1 49 40 55
35
0
57 33 187 60 190 82 151 76 4 37 20 57 53 17 124 3 44 15 5 80
36
0
17 2 5 28 51 2 11 90 19 43 59 23 9 38 9 11 64 20 9 29
37
0
16 27 79 15 14 41 7 49 19 25 51 1 67 13 51 0 85 18 32 125
38
0
42 172 0 56 7 46 8 122 2 56 25 150 13 109 7 16 39 42 74 117
39
0
136 22 110 42 37 7 2 12 40 76 48 8 10 112 122 123 31 48 78 189
40
0
80 54 142 150 5 77 63 206 34 11 103 40 54 31 114 39 58 107 21 51
41
0
58 34 5 37 6 50 38 21 40 18 42 33 8 38 64 13 46 8 63 58
42
0
19 122 57 113 109 13 37 244 10 14 16 33 76 55 34 11 52 38 46 30
43
0
176 4 124 53 40 62 165 37 119 2 3 161 6 33 6 3 291 8 12 6
44
0
28 273 2 132 33 112 135 24 147 21 44 9 81 8 9 41 48 96 17 68
45
0
21 49 9 32 65 45 156 2 63 69 25 7 125 134 48 1 146 56 27 9
46
0
9 2 184 65 77 165 33 27 90 86 45 11 37 26 74 28 37 32 29 4
47
0
20 6 29 10 66 73 9 20 9 27 39 13 17 96 10 126 69 67 29 8
48
0
102 123 13 37 80 12 11 132 78 176 150 111 19 34 16 17 50 31 23 71
49
0
125 95 6 17 3 25 45 17 5 50 14 10 7 20 124 67 28 38 38 5
50
0
10 17 37 55 2 33 5 10 315 43 36 4 184 34 26 5 36 41 35 62
51
0
69 8 66 28 7 56 20 87 3 97 3 70 121 41 151 94 32 78 90 51
52
0
59 30 19 17 1 35 3 59 0 108 8 1 70 0 26 15 8 126 63 459
53
0
27 48 98 104 5 75 3 9 12 11 70 12 39 7 61 17 105 20 2 82
54
0
137 149 87 37 3 28 47 100 183 44 26 26 22 39 145 89 14 6 38 37
55
0
43 5 60 49 21 116 228 77 196 9 19 54 38 199 205 41 14 4 53 37
56
0
2 26 127 54 6 37 56 90 58 20 124 79 17 110 45 15 13 144 34 185
57
0
81 94 35 40 1 144 69 12 46 77 56 21 22 35 192 59 73 62 44 50
58
0
41 0 97 129 26 43 17 20 11 17 20 7 59 2 97 86 1 15 73 25
59
0
11 98 9 39 9 63 69 76 4 95 36 68 91 15 5 192 55 56 2 35
60
0
6 154 30 0 8 11 75 116 3 15 74 41 51 26 25 43 10 85 10 89
61
0
46 87 21 18 80 17 15 69 59 79 11 21 106 122 4 91 1 21 20 6
62
0
104 43 50 27 69 45 111 37 59 59 8 141 33 46 28 2 39 6 74 119
63
0
19 6 58 55 129 85 5 10 19 0 90 41 74 29 9 17 5 91 19 135
64
0
34 17 156 58 169 8 55 85 66 189 6 9 288 298 38 78 4 155 28 9
65
0
31 48 137 63 142 143 99 3 12 45 3 50 3 116 122 47 25 9 34 12
66
0
151 127 4 26 28 9 12 24 309 28 40 21 19 46 55 54 4 13 9 15
67
0
8 116 45 2 76 7 57 28 94 88 2 128 5 7 6 122 3 30 28 33
68
0
0 16 28 25 337 1 59 48 24 27 68 23 37 10 51 49 108 5 7 108
69
0
54 94 31 114 15 160 142 36 7 0 57 33 8 5 1 39 18 3 48 36
70
0
66 33 43 2 77 16 23 34 20 48 28 196 32 27 109 6 33 6 45 19
71
0
9 7 31 37 4 48 35 11 6 32 77 30 63 135 100 128 26 100 2 2
72
0
18 47 29 10 6 5 37 15 48 7 33 89 53 28 149 84 141 111 201 173
73
0
72 80 20 44 27 21 20 23 155 70 50 25 61 88 55 159 15 33 200 50
74
0
89 5 69 33 111 33 23 86 1 67 33 9 10 47 3 69 52 9 40 110
75
0
10 43 45 11 35 36 30 60 47 98 79 20 95 6 42 31 49 62 14 15
76
0
2 13 0 52 14 15 129 20 42 79 16 186 3 108 38 78 127 42 53 31
77
0
6 24 21 150 48 2 6 24 45 150 19 72 36 77 18 51 10 37 64 22
78
0
16 3 14 51 152 55 48 37 12 36 26 44 112 87 95 96 5 29 22 39
79
0
0 107 39 8 55 11 55 30 145 90 24 67 4 69 26 10 11 26 105 43
80
0
17 11 47 108 25 222 45 208 16 65 31 16 3 54 132 77 41 36 12 97
81
0
39 35 11 92 30 14 31 81 12 29 4 188 50 7 114 5 58 24 31 4
82
0
119 117 3 71 15 15 31 11 42 81 35 34 110 1 50 14 4 11 20 34
83
0
138 87 85 29 44 11 27 37 29 12 36 44 10 87 80 40 23 6 8 27
84
0
8 47 94 28 4 69 17 118 53 37 35 28 50 1 43 18 55 120 2 87
85
0
359 26 46 114 63 125 16 3 97 31 132 4 15 130 131 51 69 20 47 41
86
0
19 35 53 103 50 2 13 109 11 29 62 234 6 167 15 58 19 60 193 52
87
0
118 57 63 113 22 34 27 59 81 53 98 26 28 4 23 4 48 70 10 28
88
0
23 22 50 61 44 76 45 75 57 15 61 1 63 16 44 16 12 11 166 58
89
0
35 92 20 34 29 1 11 13 20 124 38 97 43 17 96 67 39 29 125 36
90
0
42 139 21 9 1 34 5 129 1 30 6 45 3 37 14 56 85 56 18 70
91
0
61 47 61 13 30 53 3 51 38 23 13 6 2 50 29 96 23 28 30 5
92
0
12 28 13 17 13 10 42 27 35 45 13 28 78 27 1 3 22 15 15 24
93
0
56 61 156 46 190 37 79 89 1 46 1 110 54 84 11 24 1 27 42 179
94
0
31 40 46 46 4 21 16 97 66 5 5 122 46 15 30 14 272 7 16 15
95
0
7 87 45 0 28 6 2 62 47 7 104 14 38 28 26 2 52 40 30 22
96
0
1 45 42 27 81 5 35 6 31 4 43 127 118 103 13 32 62 40 71 100
97
0
10 51 26 36 100 14 6 13 57 14 7 153 14 1 124 42 19 65 24 1
98
0
2 1 5 5 53 96 41 4 80 2 157 25 26 26 9 25 69 38 9 47
99
0
53 98 9 28 230 9 3 3 32 12 52 4 5 2 145 50 136 35 22 73
100
0
53 140 28 7 19 169 44 52 107 42 29 44 5 15 58 35 50 125 20 50
101
0
6 3 31 186 38 135 88 33 63 79 33 15 13 15 26 93 27 158 75 47
102
0
110 227 34 33 9 65 5 6 4 47 32 81 22 4 55 20 13 22 64 16
103
0
38 35 8 12 51 78 14 10 14 65 35 67 83 8 75 27 0 53 141 10
104
0
4 114 95 18 2 61 75 27 17 86 1 101 2 60 99 58 111 31 216 37
105
0
12 37 17 45 2 83 90 113 67 146 22 133 23 256 55 170 39 39 134 17
106
0
140 18 72 110 11 58 22 5 93 42 47 44 130 21 9 61 55 36 6 1
107
0
97 46 1 14 26 32 153 1 13 53 27 23 55 45 16 205 27 155 7 52
108
0
2 7 54 31 55 27 19 32 4 56 4 108 55 14 1 18 11 17 105 8
109
0
28 66 42 1 56 12 28 63 32 21 41 12 33 22 55 13 14 27 107 16
110
0
51 151 28 128 28 19 111 6 28 15 1 41 55 162 96 39 130 2 7 33
111
0
31 34 30 5 66 0 5 105 101 0 16 42 106 163 28 5 40 83 48 10
112
0
110 6 83 6 16 85 25 33 216 59 68 2 1 39 26 30 80 78 4 86
113
0
65 3 13 115 40 31 51 31 110 9 34 4 12 8 43 41 23 177 41 15
114
0
63 1 29 41 106 55 77 110 53 1 80 6 49 55 12 28 35 190 45 40
115
0
67 24 5 13 39 12 44 4 51 44 66 18 50 22 9 8 47 85 30 6
116
0
62 5 27 18 60 41 55 42 8 33 147 19 2 56 16 3 80 21 14 60
117
0
28 33 0 4 53 61 83 2 6 3 17 16 18 13 152 31 9 2 39 12
118
0
34 15 21 18 140 30 74 76 9 24 9 5 11 19 18 43 4 48 147 11
119
0
4 48 52 75 48 10 8 9 82 116 100 19 31 108 32 73 47 1 18 8
120
0
50 22 143 0 5 164 60 30 45 18 6 18 40 6 6 31 11 140 24 103
121
0
4 54 61 1 77 4 56 12 45 37 45 11 5 4 93 16 38 40 24 16
122
0
48 17 3 2 68 7 2 32 9 206 90 5 24 0 5 2 43 4 17 120
123
0
7 33 0 93 178 18 43 53 20 23 4 198 8 75 17 16 2 7 122 30
124
0
0 28 6 63 14 86 33 36 7 49 52 13 115 13 5 70 20 14 32 38
125
0
6 81 41 26 78 71 1 14 87 52 26 8 114 29 27 80 224 12 35 103
126
0
43 106 1 128 81 28 13 106 33 23 121 25 41 69 55 9 1 71 22 34
127
0
36 33 27 9 11 48 16 66 62 141 75 11 23 14 15 6 44 16 8 75
128
0
159 60 15 51 3 54 10 4 66 9 2 34 50 5 15 137 34 23 112 50
129
0
66 77 3 12 26 92 1 74 26 26 18 35 110 102 22 11 77 31 17 9
130
0
82 60 35 48 11 45 26 46 40 67 22 89 116 10 45 2 91 21 92 76
131
0
6 57 31 68 39 172 23 4 31 334 61 90 14 141 6 11 1 53 4 24
132
0
25 86 21 123 141 45 131 11 39 86 14 21 178 65 52 0 39 13 124 88
133
0
29 58 4 17 1 8 23 24 29 174 19 15 79 40 58 40 169 104 172 56
134
0
39 92 8 6 33 33 78 21 21 11 1 36 53 56 34 132 14 9 18 35
135
0
38 1 8 24 30 4 59 59 33 114 25 10 179 6 122 137 74 26 44 14
136
0
142 21 18 46 47 89 22 34 2 55 166 82 81 3 33 3 26 84 54 33
137
0
28 61 4 171 78 46 14 8 36 103 10 17 0 52 32 7 28 63 11 60
138
0
76 89 16 111 49 79 0 18 7 72 11 150 72 93 120 21 1 50 15 52
139
0
61 34 25 10 65 7 32 45 32 176 90 1 12 91 89 82 37 143 3 93
140
0
37 98 131 10 7 21 40 81 50 13 67 24 1 96 63 21 90 10 123 37
141
0
20 45 22 27 15 44 120 127 64 173 64 43 6 11 12 16 51 37 33 11
142
0
136 9 34 59 73 6 18 58 16 32 32 12 23 11 75 57 132 49 50 73
143
0
48 4 48 7 4 28 22 10 57 41 30 87 34 134 84 4 10 64 5 63
144
0
56 14 23 73 69 82 171 18 75 111 33 5 18 185 73 78 12 44 12 30
145
0
28 35 111 51 16 72 28 24 1 92 44 71 98 33 46 67 75 45 31 45
146
0
41 15 5 77 43 2 1 0 1 37 26 20 1 31 1 13 34 18 18 1
147
0
38 28 76 38 17 9 7 43 52 60 47 35 23 84 19 12 46 54 50 36
148
0
30 27 66 56 22 50 60 73 40 37 127 5 198 7 40 4 57 47 159 71
149
0
88 94 31 32 29 77 59 39 24 32 15 24 24 26 24 61 85 92 42 8
150
0
1 43 32 241 14 25 13 42 24 154 11 4 8 6 80 36 147 20 5 50
151
0
69 85 20 4 44 16 17 27 5 73 8 14 81 1 37 184 40 29 19 6
152
0
99 189 20 13 203 114 32 22 3 46 9 100 10 60 71 120 14 8 146 31
153
0
148 56 3 114 4 31 18 44 123 43 76 106 79 154 19 33 32 42 47 14
154
0
73 94 14 35 35 9 16 52 44 93 16 26 16 47 85 41 55 17 24 18
155
0
131 64 10 73 8 42 14 70 48 7 12 205 131 46 2 72 18 37 77 55
156
0
23 26 37 8 43 34 23 67 71 4 15 52 15 12 107 12 19 26 9 77
157
0
22 98 102 11 49 78 152 53 17 20 20 45 25 4 131 198 93 6 37 53
158
0
52 66 5 34 49 20 21 21 58 29 2 14 7 30 8 58 27 54 48 78
159
0
3 74 62 24 31 10 57 55 42 23 31 17 90 139 27 20 37 44 38 8
160
0
29 13 17 22 12 78 23 19 138 61 45 2 28 90 48 35 10 4 53 90
161
0
75 1 58 10 5 4 30 35 36 25 0 17 33 132 10 42 1 143 14 108
162
0
47 16 24 182 21 36 67 9 88 149 48 7 46 12 65 35 0 90 59 2
163
0
4 4 10 6 113 60 20 31 55 42 19 5 3 8 22 65 26 19 119 8
164
0
12 13 71 20 77 0 4 62 284 14 62 29 21 79 19 9 6 41 26 10
165
0
76 9 178 105 84 43 10 1 79 120 89 57 20 175 92 41 31 15 2 39
166
0
12 6 43 11 51 60 60 35 87 85 131 154 76 172 15 36 59 8 75 29
167
0
57 102 27 153 81 76 8 65 27 11 20 74 25 54 193 46 54 83 9 24
168
0
10 27 421 56 50 35 19 101 18 48 74 49 32 56 57 4 0 189 8 163
169
0
54 18 12 60 2 38 71 27 2 61 43 47 5 4 39 128 124 20 29 59
170
0
29 18 78 117 140 116 30 33 43 46 53 20 26 144 9 91 0 51 108 75
171
0
23 4 32 47 2 25 5 33 57 12 11 8 57 52 4 30 121 7 59 93
172
0
66 138 60 5 28 5 120 13 6 19 20 20 18 25 15 10 88 55 72 76
173
0
17 14 57 8 67 24 38 61 81 23 1 9 4 14 17 36 25 39 3 10
174
0
33 49 21 14 85 36 119 46 24 34 10 70 25 248 92 44 1 81 100 53
175
0
104 34 284 19 29 4 22 17 404 105 33 127 68 77 10 56 13 83 105 20
176
0
3 50 12 43 50 15 15 30 2 27 46 57 123 6 29 16 12 35 79 30
177
0
56 32 21 18 43 65 11 18 96 28 53 47 59 59 44 50 312 1 10 55
178
0
82 0 0 43 8 10 4 22 105 33 39 26 7 13 89 49 32 29 12 7
179
0
0 169 57 13 53 80 47 86 97 42 74 72 291 36 99 2 8 9 77 136
180
0
118 40 10 27 104 24 40 28 57 51 27 63 158 0 12 25 6 11 37 59
181
0
34 4 81 22 25 25 27 18 7 17 35 83 65 13 8 49 86 102 2 14
182
0
16 36 62 17 74 4 120 76 11 3 57 124 3 2 355 62 26 38 58 41
183
0
19 26 12 27 105 49 16 8 26 38 2 1 131 135 119 13 3 29 33 14
184
0
81 14 37 5 25 2 12 12 74 52 70 53 156 21 65 32 6 52 21 23
185
0
225 22 78 6 45 51 42 69 1 56 36 22 49 23 169 92 4 15 156 17
186
0
11 2 88 6 40 38 56 6 15 36 13 22 60 128 112 40 27 45 85 10
187
0
7 24 73 91 166 15 35 16 0 35 248 100 3 12 3 28 39 49 30 18
188
0
90 158 90 30 26 68 91 59 60 10 25 25 142 39 44 25 19 2 1 66
189
0
5 99 137 56 67 115 2 4 58 56 25 106 15 48 5 11 57 17 69 6
190
0
44 57 111 62 100 60 69 30 7 31 230 11 17 3 55 50 38 34 51 9
191
0
15 94 56 36 27 1 48 125 102 56 5 84 65 20 16 54 28 102 151 24
192
0
12 70 36 6 75 165 11 41 71 25 26 52 73 13 265 19 17 8 14 22
193
0
57 15 135 233 77 132 24 22 47 74 3 11 35 7 5 42 14 128 2 17
194
0
8 265 292 3 20 32 34 27 23 31 50 32 36 91 34 1 6 133 9 160
195
0
72 83 39 202 70 52 57 7 42 13 16 5 26 37 32 40 73 249 71 23
196
0
21 32 13 19 2 4 16 47 36 73 37 99 16 44 16 72 40 12 130 109
197
0
91 88 165 31 29 19 2 11 93 61 76 26 1 5 154 0 10 52 17 56
198
0
2 66 2 22 6 12 127 33 118 19 0 6 5 32 6 15 68 17 57 152
199
0
45 24 3 3 1 70 18 24 5 66 93 57 1 74 55 20 86 60 73 90
