10
20
284164
0
0
196 1 75 39 27 10 1 14 3 82 58 17 21 81 6 70 21 38 1 79
1
0
178 1 77 33 29 15 2 9 2 75 47 11 31 77 6 75 9 31 1 67
2
0
194 2 81 56 25 16 1 15 1 59 39 17 35 63 7 78 9 25 1 83
3
0
177 2 55 36 32 13 2 14 2 83 60 11 18 81 9 68 13 32 1 64
4
0
219 3 56 82 28 17 1 14 2 96 48 13 23 55 11 67 15 34 1 70
5
0
172 3 80 42 35 13 2 13 1 59 35 27 31 72 12 69 9 31 1 63
6
0
211 4 79 46 33 8 3 12 2 109 65 18 18 50 5 80 14 36 1 84
7
0
175 3 63 36 22 29 2 14 3 85 60 17 36 93 12 80 12 46 1 71
8
0
173 3 74 32 19 10 2 12 3 67 41 23 25 81 13 64 10 39 1 73
9
0
146 3 75 42 44 15 2 16 2 57 65 16 28 47 4 62 9 32 1 73
