100
5
803885
0
0
126 18 86 67 16
1
0
53 17 9 54 57
2
0
24 2 41 9 26
3
0
166 48 92 27 0
4
0
200 126 19 18 133
5
0
71 150 12 36 79
6
0
2 2 50 11 9
7
0
163 85 110 2 9
8
0
0 44 66 82 12
9
0
173 44 31 2 43
10
0
129 35 5 52 109
11
0
118 32 37 139 46
12
0
3 8 89 48 25
13
0
15 1 32 26 41
14
0
23 123 40 5 7
15
0
27 15 39 95 25
16
0
83 51 99 30 87
17
0
42 16 34 43 73
18
0
37 17 40 14 47
19
0
41 10 13 13 44
20
0
32 25 46 2 24
21
0
72 75 30 39 22
22
0
8 8 37 8 48
23
0
21 21 27 50 19
24
0
17 23 12 15 6
25
0
19 29 6 18 82
26
0
10 59 96 6 6
27
0
129 27 1 21 13
28
0
52 50 35 4 44
29
0
8 48 48 131 80
30
0
3 48 25 7 10
31
0
30 45 33 60 14
32
0
89 42 67 40 19
33
0
38 78 25 53 18
34
0
9 3 33 63 30
35
0
1 17 54 29 42
36
0
9 59 60 5 15
37
0
152 78 4 79 3
38
0
25 5 20 94 1
39
0
37 14 4 37 50
40
0
16 26 23 13 186
41
0
102 40 68 25 8
42
0
120 21 1 65 1
43
0
86 31 129 35 17
44
0
156 43 74 64 91
45
0
70 64 21 38 8
46
0
135 199 63 40 7
47
0
70 18 10 1 33
48
0
30 27 51 74 60
49
0
31 143 152 115 32
50
0
7 72 7 25 17
51
0
149 19 6 9 11
52
0
9 34 2 32 23
53
0
27 13 7 51 9
54
0
27 11 23 7 76
55
0
68 73 54 27 14
56
0
37 3 46 6 139
57
0
116 103 1 360 23
58
0
74 94 45 213 41
59
0
52 91 4 6 5
60
0
22 6 2 47 104
61
0
21 126 14 143 0
62
0
20 22 12 73 40
63
0
1 25 4 107 25
64
0
62 2 3 77 19
65
0
24 163 25 127 92
66
0
75 23 1 102 8
67
0
7 11 41 24 148
68
0
42 20 57 154 21
69
0
35 4 87 23 8
70
0
71 1 101 42 45
71
0
26 8 14 70 102
72
0
185 60 62 1 5
73
0
43 17 35 231 21
74
0
4 3 3 48 30
75
0
56 0 14 97 1
76
0
100 11 45 166 25
77
0
60 161 51 44 16
78
0
63 42 27 9 181
79
0
45 187 98 174 27
80
0
26 126 32 79 75
81
0
0 58 3 2 53
82
0
8 74 161 30 0
83
0
20 31 5 0 14
84
0
17 74 12 36 29
85
0
7 9 6 68 65
86
0
259 42 6 131 111
87
0
142 21 19 65 27
88
0
90 23 24 117 84
89
0
96 16 129 14 32
90
0
35 38 9 32 37
91
0
43 23 11 20 104
92
0
44 10 19 32 78
93
0
80 11 37 19 7
94
0
5 81 24 134 81
95
0
9 0 14 31 34
96
0
52 50 60 129 169
97
0
1 5 14 23 107
98
0
161 70 8 5 97
99
0
12 9 213 45 80
