200
10
151607
0
0
31 40 41 21 54 43 27 53 37 30
1
0
20 30 16 21 25 37 31 21 20 18
2
0
7 10 11 10 9 10 13 5 7 8
3
0
1 1 1 1 1 1 1 1 1 1
4
0
19 52 21 27 16 30 20 9 26 25
5
0
120 115 88 71 127 95 145 94 108 85
6
0
83 75 88 101 66 79 68 111 64 74
7
0
66 50 52 46 28 46 29 46 40 46
8
0
6 16 18 15 15 13 10 9 7 8
9
0
82 87 73 87 94 103 87 96 80 120
10
0
15 11 14 11 11 17 12 18 11 23
11
0
119 102 86 72 92 66 82 83 90 94
12
0
109 98 76 111 86 106 122 71 81 117
13
0
44 35 32 50 46 26 33 43 34 39
14
0
5 3 3 4 3 6 4 3 3 4
15
0
58 63 54 39 48 48 60 44 45 46
16
0
4 9 6 5 5 4 8 6 7 3
17
0
28 24 52 40 22 26 29 28 37 30
18
0
212 291 248 228 240 231 219 227 214 214
19
0
105 95 87 89 83 92 95 95 93 96
20
0
18 28 19 16 26 20 27 15 24 25
21
0
8 6 4 8 7 6 11 8 5 6
22
0
104 118 115 97 107 123 112 101 98 135
23
0
5 2 3 2 2 2 4 5 5 2
24
0
65 90 65 107 62 80 90 103 74 100
25
0
93 96 83 97 91 82 102 73 89 95
26
0
187 146 166 150 183 145 158 195 165 152
27
0
74 67 80 108 108 70 106 67 79 79
28
0
8 3 6 8 6 7 5 13 4 3
29
0
102 104 113 83 67 76 81 94 102 110
30
0
172 125 144 102 135 133 151 148 129 144
31
0
15 16 13 17 16 16 11 15 18 12
32
0
107 55 100 89 62 103 65 50 89 83
33
0
8 15 9 19 17 13 7 12 17 13
34
0
14 32 24 23 32 24 16 20 27 28
35
0
44 54 60 36 45 65 59 55 51 61
36
0
25 27 42 31 31 34 31 53 31 29
37
0
55 53 53 48 32 36 46 33 45 48
38
0
45 47 35 31 40 41 55 28 43 65
39
0
278 212 243 235 234 254 293 262 279 251
40
0
54 40 36 60 62 68 40 45 53 62
41
0
55 31 44 28 41 52 41 39 31 38
42
0
42 23 38 42 50 28 43 37 39 40
43
0
92 133 140 95 123 118 83 95 118 118
44
0
10 7 10 8 7 13 9 9 10 8
45
0
33 40 47 49 33 35 31 51 36 61
46
0
59 68 63 60 32 43 61 64 55 65
47
0
8 5 11 11 6 11 9 8 14 10
48
0
52 35 43 46 61 54 34 67 53 56
49
0
47 65 63 60 76 52 62 76 81 70
50
0
60 65 66 63 66 50 65 51 51 63
51
0
148 189 159 122 153 133 182 163 156 114
52
0
9 23 15 16 15 18 8 14 9 12
53
0
10 14 8 5 22 11 14 13 10 12
54
0
12 7 4 3 5 9 2 4 2 5
55
0
35 27 47 33 38 39 30 29 32 48
56
0
20 17 16 13 15 23 10 10 14 18
57
0
11 7 6 6 9 3 6 13 8 6
58
0
14 17 21 10 10 25 20 17 29 23
59
0
1 1 1 1 1 1 1 1 1 1
60
0
21 21 19 28 31 24 33 31 30 42
61
0
31 21 42 39 38 36 24 32 39 54
62
0
74 65 62 77 68 63 69 65 49 62
63
0
5 5 6 4 5 3 3 4 4 5
64
0
32 67 47 55 53 30 37 36 41 57
65
0
1 1 2 1 1 1 1 1 1 1
66
0
91 96 105 79 94 114 66 95 101 108
67
0
22 19 17 10 10 14 18 16 25 10
68
0
23 14 16 16 17 20 13 11 20 10
69
0
35 37 25 63 43 38 46 42 44 36
70
0
84 66 87 80 67 92 97 107 68 96
71
0
3 6 7 4 6 5 7 10 8 3
72
0
19 30 20 23 27 19 28 27 20 21
73
0
54 58 77 85 58 34 91 52 65 75
74
0
28 23 23 30 23 29 20 24 21 37
75
0
9 26 29 28 16 21 31 17 30 31
76
0
91 107 101 98 72 77 59 85 84 92
77
0
13 17 20 13 24 18 19 23 30 17
78
0
43 23 26 32 31 19 36 30 30 26
79
0
11 8 5 7 10 8 4 8 9 5
80
0
27 23 16 12 19 24 23 26 12 31
81
0
43 41 34 24 29 29 21 27 37 22
82
0
40 54 53 48 37 67 39 54 56 62
83
0
66 51 48 71 57 75 78 84 57 63
84
0
29 23 28 24 21 33 24 27 31 26
85
0
36 52 58 45 42 29 33 26 44 65
86
0
2 2 2 3 1 2 2 3 3 6
87
0
19 23 10 22 17 24 12 20 22 20
88
0
28 34 47 51 43 44 37 38 49 45
89
0
50 54 56 67 49 48 62 56 59 48
90
0
4 4 4 8 5 5 3 4 5 5
91
0
43 26 23 39 27 38 26 44 38 41
92
0
129 99 136 75 82 104 107 95 98 83
93
0
11 24 9 10 12 5 9 7 12 15
94
0
42 43 49 38 35 42 32 31 40 36
95
0
21 46 28 33 57 43 41 43 60 37
96
0
15 14 17 9 9 7 21 17 12 14
97
0
5 6 11 12 10 4 12 12 14 11
98
0
3 2 3 9 8 4 5 4 2 7
99
0
62 27 32 53 42 35 47 53 39 27
100
0
3 2 2 2 2 4 2 1 2 1
101
0
68 58 70 70 70 104 74 61 56 63
102
0
7 7 4 7 6 7 5 11 7 4
103
0
13 8 11 8 6 8 9 8 8 12
104
0
56 50 65 58 61 64 36 65 38 51
105
0
75 43 66 67 34 68 83 41 70 54
106
0
24 19 29 12 27 25 15 33 24 18
107
0
5 5 4 7 3 7 6 8 6 3
108
0
68 50 56 35 49 63 53 58 66 47
109
0
37 44 28 24 26 26 39 27 19 29
110
0
28 15 20 22 21 18 20 14 29 27
111
0
140 128 100 124 120 104 132 168 110 97
112
0
18 18 26 31 17 23 32 20 34 30
113
0
55 53 70 56 75 71 55 64 95 70
114
0
122 143 134 112 134 135 95 153 118 135
115
0
9 9 12 13 12 18 10 14 9 23
116
0
92 73 91 85 74 66 87 98 82 71
117
0
36 49 24 33 29 32 42 37 44 26
118
0
39 44 38 35 52 33 58 40 32 58
119
0
34 44 27 40 33 34 22 43 51 42
120
0
9 6 7 8 11 7 3 5 5 9
121
0
107 81 90 76 85 123 100 89 92 81
122
0
125 116 131 121 112 113 119 148 91 95
123
0
8 8 7 8 14 9 10 11 9 8
124
0
16 11 15 16 20 17 10 27 14 15
125
0
41 38 36 56 33 29 28 56 48 28
126
0
54 53 34 60 58 33 49 51 44 55
127
0
4 3 3 9 8 5 4 5 7 6
128
0
24 54 32 36 30 40 37 27 25 34
129
0
30 31 33 11 31 36 30 33 27 31
130
0
1 1 2 1 1 1 1 1 1 1
131
0
26 22 36 29 31 20 39 27 22 37
132
0
6 10 15 17 6 12 9 9 14 13
133
0
76 65 81 68 83 53 73 60 72 85
134
0
10 13 14 19 22 13 17 16 17 11
135
0
21 44 27 28 44 26 32 33 37 23
136
0
35 45 52 33 48 36 45 37 41 47
137
0
120 127 131 111 118 97 89 126 152 124
138
0
143 120 120 101 100 101 117 123 90 110
139
0
100 96 74 94 90 86 90 106 84 75
140
0
10 7 10 11 5 9 7 7 9 6
141
0
6 5 7 4 5 4 5 5 3 7
142
0
34 25 21 21 25 14 15 28 17 18
143
0
58 43 61 60 36 28 64 68 46 54
144
0
78 74 82 109 124 114 123 79 93 117
145
0
4 5 11 12 9 8 8 8 8 7
146
0
30 58 35 44 33 56 42 44 75 30
147
0
71 78 88 77 72 68 66 86 56 90
148
0
72 74 76 101 71 55 57 105 91 82
149
0
64 83 82 100 60 75 69 93 76 91
150
0
47 48 33 58 51 41 58 64 51 65
151
0
46 63 51 60 62 53 63 61 74 75
152
0
56 92 80 65 94 81 80 89 74 68
153
0
14 30 30 10 20 17 21 17 19 20
154
0
40 30 36 25 23 18 26 41 44 51
155
0
23 26 34 26 24 18 41 38 21 41
156
0
29 12 34 27 40 39 29 18 21 25
157
0
33 37 52 52 51 49 45 43 31 49
158
0
10 16 14 9 15 17 7 13 15 7
159
0
70 98 75 58 71 102 94 94 79 97
160
0
97 88 102 117 89 109 117 67 82 111
161
0
71 69 40 63 60 65 61 69 50 66
162
0
260 180 205 246 192 197 220 213 244 213
163
0
10 9 14 9 14 17 11 13 13 15
164
0
5 5 8 7 4 4 5 4 4 4
165
0
40 42 53 43 38 65 83 59 85 78
166
0
56 45 74 53 49 47 57 41 67 55
167
0
27 28 31 18 11 18 17 23 20 10
168
0
50 43 44 64 53 37 53 77 35 45
169
0
6 11 11 10 12 17 17 6 10 6
170
0
64 67 47 57 68 46 73 60 73 84
171
0
48 30 75 68 41 71 55 60 58 71
172
0
38 38 27 20 38 39 44 37 45 27
173
0
168 113 145 134 142 136 134 172 123 158
174
0
32 37 41 34 21 31 53 32 31 38
175
0
39 40 35 32 35 50 23 42 32 29
176
0
46 62 71 85 76 63 107 57 83 73
177
0
96 107 129 122 158 113 142 174 117 120
178
0
15 21 21 33 24 26 25 18 31 34
179
0
170 219 177 212 172 190 160 182 165 197
180
0
11 7 13 6 7 15 11 9 8 9
181
0
11 7 11 16 10 17 13 11 7 11
182
0
58 65 83 83 77 52 60 72 70 73
183
0
122 105 88 107 130 91 105 107 108 129
184
0
9 6 8 6 11 7 7 5 4 5
185
0
3 2 3 5 3 2 4 3 5 6
186
0
14 6 7 10 5 11 5 5 7 7
187
0
200 150 134 135 198 160 139 174 156 217
188
0
7 13 8 14 5 7 8 8 13 5
189
0
108 114 106 121 109 88 129 123 145 129
190
0
49 82 45 57 55 80 67 91 62 60
191
0
6 8 3 5 4 3 10 5 7 8
192
0
124 112 109 148 125 148 113 99 152 126
193
0
4 3 2 3 3 4 5 2 8 2
194
0
10 14 6 9 7 23 9 13 15 10
195
0
50 41 74 48 47 53 40 58 56 58
196
0
35 24 33 24 35 43 32 29 37 24
197
0
97 100 113 106 102 130 127 126 96 78
198
0
38 32 22 22 25 42 40 19 36 27
199
0
127 168 137 119 89 115 112 110 95 84
