50
10
906517
0
0
9 10 12 14 12 7 9 6 8 16
1
0
105 94 85 91 82 72 111 121 78 148
2
0
15 15 15 10 15 27 15 13 22 10
3
0
14 18 25 27 23 26 28 21 14 26
4
0
26 33 30 26 30 21 36 43 24 28
5
0
9 14 7 20 13 8 8 6 13 10
6
0
22 27 26 19 15 17 18 20 14 18
7
0
27 27 19 19 24 22 16 21 25 28
8
0
5 5 9 12 11 16 6 7 6 14
9
0
111 138 107 118 139 88 125 126 171 157
10
0
27 26 23 35 30 23 30 42 61 50
11
0
60 58 57 82 71 58 65 60 67 89
12
0
5 7 5 8 7 19 8 5 7 8
13
0
82 70 55 54 79 53 64 69 68 73
14
0
112 148 166 137 135 162 155 139 133 147
15
0
20 32 28 27 24 31 40 47 27 29
16
0
55 45 67 51 65 39 44 53 47 47
17
0
113 137 109 110 145 82 136 118 120 135
18
0
154 126 152 139 156 167 184 119 161 129
19
0
16 24 17 20 11 22 13 9 16 11
20
0
86 75 79 105 55 66 80 90 54 66
21
0
173 125 142 181 170 178 146 100 121 133
22
0
12 7 10 7 6 6 6 11 6 6
23
0
7 8 9 4 8 4 7 9 8 10
24
0
114 136 118 140 122 96 106 93 94 135
25
0
90 112 52 103 93 101 144 95 89 147
26
0
75 46 28 32 39 43 36 49 45 23
27
0
31 52 29 44 43 53 37 35 53 47
28
0
27 46 56 53 54 37 45 67 46 60
29
0
12 9 6 10 17 13 8 4 13 9
30
0
81 79 88 96 94 60 64 72 64 88
31
0
4 6 4 14 8 7 5 10 7 5
32
0
55 41 90 45 52 43 50 52 57 74
33
0
76 85 121 113 84 84 117 89 66 76
34
0
27 35 44 37 52 48 43 50 41 33
35
0
64 51 76 55 42 68 60 37 60 87
36
0
160 135 121 190 130 142 133 138 135 128
37
0
32 35 23 35 36 32 29 39 32 21
38
0
71 67 69 50 62 56 66 67 59 65
39
0
135 160 123 117 101 107 67 131 76 104
40
0
31 44 47 40 30 38 49 44 52 37
41
0
237 244 231 257 242 277 242 289 236 299
42
0
30 29 20 20 30 30 22 20 20 23
43
0
23 37 24 39 16 43 42 27 41 39
44
0
21 18 21 32 24 31 19 29 16 29
45
0
22 24 35 34 26 27 22 35 31 24
46
0
312 295 287 285 304 310 305 321 378 338
47
0
64 61 51 80 59 70 60 88 66 66
48
0
3 2 3 5 6 3 7 2 10 4
49
0
6 7 7 9 8 8 10 9 6 12
