30
10
968995
0
0
159 35 6 36 71 2 45 135 40 24
1
0
13 59 68 96 25 59 65 2 19 139
2
0
120 100 46 102 39 78 94 19 0 11
3
0
13 57 55 16 6 1 7 44 5 22
4
0
72 47 206 2 139 80 23 77 179 65
5
0
29 70 64 26 23 68 91 13 2 31
6
0
2 46 23 2 11 7 1 35 19 37
7
0
33 8 36 57 3 28 2 91 32 9
8
0
35 61 71 2 72 21 18 34 45 48
9
0
51 43 77 56 82 16 155 19 28 12
10
0
29 31 24 64 71 10 29 29 25 7
11
0
30 46 40 7 37 47 72 17 3 35
12
0
13 68 58 106 38 76 3 7 34 195
13
0
70 10 2 19 11 28 4 55 112 149
14
0
38 30 45 22 19 70 8 78 45 26
15
0
112 9 27 8 32 0 31 50 15 24
16
0
33 59 92 29 15 99 21 36 45 2
17
0
11 42 7 75 4 80 4 178 60 6
18
0
0 47 247 11 125 30 33 86 81 2
19
0
39 0 10 20 29 138 132 12 123 100
20
0
70 18 61 8 0 37 112 31 18 9
21
0
123 75 15 91 62 42 125 7 1 114
22
0
40 15 82 50 2 14 5 6 23 6
23
0
30 49 109 54 170 5 40 26 47 12
24
0
39 18 5 101 56 52 105 88 58 152
25
0
23 72 132 123 154 2 2 14 9 2
26
0
15 51 19 48 61 39 3 70 9 35
27
0
28 225 16 54 20 39 19 8 13 3
28
0
57 32 4 84 25 135 1 75 27 22
29
0
98 19 57 11 48 56 37 2 78 33
