20
20
700036
0
0
15 26 13 15 21 17 20 13 12 18 15 18 23 10 21 15 24 18 20 14
1
0
185 173 144 168 138 127 174 162 185 175 164 154 156 144 161 174 172 111 169 191
2
0
20 16 26 33 22 25 14 21 32 25 25 11 15 26 17 12 18 12 24 21
3
0
14 12 18 19 13 17 15 17 13 15 12 22 13 14 12 11 11 10 12 14
4
0
23 13 31 31 33 30 29 42 36 30 30 34 30 28 37 25 40 22 32 22
5
0
4 5 2 3 2 6 5 4 3 4 3 3 6 2 4 4 6 4 1 3
6
0
42 21 19 32 15 26 30 26 24 16 31 19 44 41 32 42 31 43 27 25
7
0
38 43 50 38 66 46 39 46 44 39 50 45 32 36 32 52 37 50 58 55
8
0
12 27 21 16 16 18 17 17 29 14 26 19 17 24 13 18 23 15 26 18
9
0
219 216 187 162 188 238 160 197 194 217 201 218 235 203 201 221 161 186 204 190
10
0
16 17 15 18 13 11 25 23 29 11 20 15 13 19 17 12 15 17 15 11
11
0
102 82 69 81 96 95 91 97 87 125 89 73 97 99 88 81 79 88 122 85
12
0
55 73 64 56 52 55 57 62 67 69 62 67 67 33 86 62 66 60 64 61
13
0
35 35 31 44 42 39 26 29 26 48 27 31 32 44 32 42 28 39 24 40
14
0
6 11 9 6 10 4 9 8 6 7 5 16 9 5 7 9 5 8 12 9
15
0
131 127 103 92 125 98 116 95 132 119 76 116 84 89 95 130 136 98 95 76
16
0
38 96 58 50 41 65 75 86 58 61 65 71 60 74 42 49 54 60 53 68
17
0
141 153 169 151 128 112 118 132 104 110 149 121 131 142 131 173 120 141 183 113
18
0
102 117 119 121 124 102 132 125 146 135 72 138 150 135 123 143 120 119 128 109
19
0
71 79 78 84 79 80 113 91 115 71 116 91 71 87 79 110 99 75 60 105
