30
10
419927
0
0
17 49 40 115 80 120 13 98 4 8
1
0
18 44 37 142 136 57 33 100 14 11
2
0
10 26 39 90 96 79 20 77 6 5
3
0
21 34 46 120 101 79 14 97 6 21
4
0
30 32 55 121 68 81 23 103 5 12
5
0
26 54 38 97 92 58 19 111 7 12
6
0
10 49 43 152 116 77 16 90 11 7
7
0
13 50 46 126 73 76 15 93 9 12
8
0
17 42 25 128 74 73 13 143 6 12
9
0
19 50 48 119 96 98 18 89 9 17
10
0
21 40 37 90 82 87 17 160 3 9
11
0
15 53 51 129 65 95 9 130 7 13
12
0
16 34 42 107 88 83 12 101 5 7
13
0
18 43 38 79 78 74 31 111 7 7
14
0
25 53 40 91 75 72 15 121 11 9
15
0
23 47 33 97 75 71 14 129 7 11
16
0
17 50 51 125 71 55 16 130 8 12
17
0
17 28 33 119 77 97 19 158 11 14
18
0
18 51 61 137 100 63 18 104 13 9
19
0
8 36 41 110 81 89 14 108 9 17
20
0
19 47 36 103 79 72 25 91 10 8
21
0
9 37 33 84 86 88 14 118 8 13
22
0
11 61 59 159 122 86 16 98 13 8
23
0
8 49 26 94 85 78 14 86 9 13
24
0
13 25 35 120 90 75 25 95 8 9
25
0
16 40 32 104 97 84 16 108 7 9
26
0
15 54 34 138 100 87 26 103 10 12
27
0
13 49 43 90 70 78 13 75 8 6
28
0
33 51 51 101 75 77 17 141 5 8
29
0
21 43 48 77 83 74 13 109 8 13
