100
10
289371
0
0
49 41 22 41 47 32 49 47 39 26
1
0
41 32 34 47 29 43 34 39 49 41
2
0
26 30 25 24 27 26 29 37 31 37
3
0
47 80 59 51 57 57 52 42 53 48
4
0
82 83 61 88 115 74 95 84 76 87
5
0
92 83 131 78 85 75 108 82 63 85
6
0
101 127 121 95 132 115 99 133 113 100
7
0
19 17 9 12 10 26 12 12 20 15
8
0
48 33 38 29 32 41 37 31 37 33
9
0
11 7 11 17 11 8 8 11 8 8
10
0
21 16 41 25 23 20 28 26 22 31
11
0
18 22 16 27 13 15 14 17 12 15
12
0
37 46 44 51 60 45 33 54 39 42
13
0
96 79 106 92 101 95 83 84 76 114
14
0
75 56 46 65 38 44 52 64 41 57
15
0
22 15 23 14 21 13 22 16 24 12
16
0
11 6 8 7 6 12 6 6 3 5
17
0
22 22 20 31 26 22 23 26 28 29
18
0
47 30 34 26 23 23 32 17 22 28
19
0
11 6 9 12 15 4 3 10 12 8
20
0
34 25 31 33 37 24 19 25 38 33
21
0
7 9 13 12 8 15 8 9 11 8
22
0
47 59 58 58 60 47 38 51 58 62
23
0
40 60 80 46 42 81 75 92 65 59
24
0
58 44 68 49 49 42 40 53 53 53
25
0
81 83 58 76 82 54 63 58 62 55
26
0
111 149 115 88 97 120 141 129 102 119
27
0
4 8 8 4 3 5 5 4 7 6
28
0
2 3 4 3 5 3 4 3 6 8
29
0
57 42 43 50 67 41 51 47 49 49
30
0
17 28 18 17 27 26 20 19 26 26
31
0
8 4 4 3 5 5 3 5 4 3
32
0
10 5 7 5 9 6 8 8 9 15
33
0
39 42 18 33 20 41 26 47 36 21
34
0
32 40 26 35 22 24 30 35 34 46
35
0
22 27 31 33 27 43 48 30 50 31
36
0
46 25 41 24 50 49 27 50 39 24
37
0
46 55 86 51 51 54 57 75 56 55
38
0
92 115 102 117 117 114 96 124 130 127
39
0
17 27 16 13 16 17 8 23 18 23
40
0
13 6 4 10 5 3 12 5 4 5
41
0
57 35 53 49 43 41 29 39 43 39
42
0
2 2 2 3 2 2 1 2 1 1
43
0
46 58 44 32 72 92 69 81 54 58
44
0
21 9 14 11 15 23 16 14 31 10
45
0
31 21 23 51 23 51 27 23 44 25
46
0
19 9 8 17 8 14 14 13 18 18
47
0
29 26 24 38 34 37 25 21 26 29
48
0
29 59 50 33 45 53 36 29 39 29
49
0
18 19 34 17 14 28 19 19 16 13
50
0
39 53 31 36 39 35 43 42 68 32
51
0
7 9 9 8 10 6 9 5 9 5
52
0
11 10 19 11 14 11 12 14 11 6
53
0
16 16 19 11 9 23 15 15 9 28
54
0
95 117 91 71 97 81 117 116 106 94
55
0
27 36 26 24 28 32 30 23 15 36
56
0
49 45 40 60 58 54 43 65 52 74
57
0
52 95 91 73 81 89 79 83 43 58
58
0
73 106 94 103 106 107 92 71 61 114
59
0
63 47 85 57 58 79 68 57 82 65
60
0
56 54 29 43 40 32 47 33 69 60
61
0
64 55 73 79 73 63 62 80 67 68
62
0
85 91 86 92 84 84 81 99 75 61
63
0
11 7 10 7 7 15 14 21 11 12
64
0
40 42 57 92 68 58 60 56 71 57
65
0
132 162 122 139 119 133 147 145 124 169
66
0
28 34 32 45 26 36 22 45 31 38
67
0
37 55 57 43 38 51 41 46 44 40
68
0
20 20 23 20 19 24 27 26 25 22
69
0
27 15 12 9 14 16 14 16 25 16
70
0
25 21 22 29 27 24 21 24 22 23
71
0
172 174 153 219 173 200 177 217 194 176
72
0
193 185 179 202 192 203 185 223 200 185
73
0
16 34 21 25 30 35 19 34 29 19
74
0
170 176 213 243 181 234 214 202 153 191
75
0
40 19 38 32 25 33 36 34 29 34
76
0
55 59 56 65 77 51 58 55 49 45
77
0
53 43 71 55 67 65 66 60 49 66
78
0
18 16 12 10 18 15 29 13 21 27
79
0
73 66 52 87 66 129 110 98 63 105
80
0
1 1 1 1 1 1 1 1 1 1
81
0
47 50 50 59 37 58 45 60 46 42
82
0
31 12 18 20 20 28 18 18 27 24
83
0
61 75 61 56 62 68 61 75 82 83
84
0
7 13 10 10 10 9 11 20 8 13
85
0
29 15 22 34 29 30 30 21 28 24
86
0
20 31 24 19 25 19 30 21 21 18
87
0
108 133 91 112 134 118 120 140 120 109
88
0
5 7 4 12 10 6 14 3 7 8
89
0
88 62 76 75 108 75 76 96 79 73
90
0
63 57 55 65 43 63 56 64 49 53
91
0
52 45 46 50 42 59 40 41 42 40
92
0
86 100 92 106 107 81 127 86 90 91
93
0
5 7 6 4 6 10 3 3 7 3
94
0
14 13 13 20 11 11 18 16 6 11
95
0
3 6 4 6 4 5 8 3 6 3
96
0
79 45 61 62 54 42 60 61 65 48
97
0
32 27 16 33 23 36 33 26 46 25
98
0
141 98 133 143 166 125 144 121 149 98
99
0
20 17 20 14 31 17 16 15 27 11
