20
20
474368
0
0
160 27 18 37 95 52 8 28 491 25 63 51 9 5 304 45 68 26 82 131
1
0
147 25 22 29 58 48 7 9 418 29 66 47 10 8 183 49 53 57 72 187
2
0
135 30 36 29 65 44 5 20 479 25 54 51 8 6 268 41 88 67 106 141
3
0
181 23 26 36 50 47 12 12 509 33 51 56 6 9 271 54 56 35 89 119
4
0
165 43 40 44 61 51 11 11 448 25 56 67 8 3 297 69 69 58 84 191
5
0
121 40 21 24 66 52 15 10 460 30 81 49 16 6 229 57 63 47 102 148
6
0
146 23 38 31 102 45 12 16 427 29 68 62 8 4 246 38 80 52 91 158
7
0
135 44 26 44 45 50 11 9 562 31 58 47 10 6 314 43 69 45 126 175
8
0
147 40 21 38 52 55 10 11 428 31 46 65 7 4 246 71 83 31 95 119
9
0
185 41 36 41 61 33 4 5 411 26 54 51 8 8 293 70 60 44 94 143
10
0
149 31 36 35 92 31 11 12 392 34 38 74 17 6 244 70 61 42 70 123
11
0
142 33 17 45 63 38 21 14 495 29 49 55 6 6 245 69 58 44 99 129
12
0
135 27 24 29 101 59 14 11 495 29 57 43 8 8 225 68 66 33 108 155
13
0
170 20 37 34 57 44 12 12 421 28 39 47 9 5 249 55 89 37 81 128
14
0
172 40 25 44 73 41 15 9 379 34 53 55 9 6 214 72 58 38 126 130
15
0
116 22 18 33 59 34 14 19 524 31 48 44 6 5 291 63 90 52 81 145
16
0
119 50 21 33 61 47 9 11 437 38 73 71 13 4 318 54 75 22 104 132
17
0
144 34 33 41 87 26 16 16 430 27 70 86 12 5 259 62 56 58 94 106
18
0
139 37 31 36 71 31 12 9 456 35 57 46 14 5 245 60 95 42 102 117
19
0
145 42 43 47 78 24 9 8 440 35 46 45 14 5 223 59 86 28 89 119
