50
5
863310
0
0
25 30 18 33 16
1
0
14 25 35 33 34
2
0
8 6 4 9 3
3
0
124 111 109 122 169
4
0
93 67 106 101 145
5
0
249 264 181 258 270
6
0
82 143 111 130 140
7
0
44 72 71 76 60
8
0
21 18 16 21 30
9
0
36 68 57 58 90
10
0
5 4 7 6 4
11
0
37 26 39 29 28
12
0
21 41 24 23 19
13
0
27 35 35 25 20
14
0
60 57 75 58 56
15
0
28 12 19 27 25
16
0
15 15 15 19 41
17
0
7 6 16 6 7
18
0
6 7 7 6 5
19
0
143 176 135 156 140
20
0
52 78 48 57 49
21
0
7 11 7 8 7
22
0
9 6 9 5 5
23
0
55 46 48 47 45
24
0
99 51 97 108 85
25
0
37 31 29 28 40
26
0
53 44 57 44 42
27
0
64 64 61 64 61
28
0
124 134 165 114 122
29
0
310 263 205 316 321
30
0
65 50 68 82 56
31
0
49 49 44 50 50
32
0
28 25 20 28 25
33
0
43 26 27 58 23
34
0
62 48 52 68 58
35
0
111 115 141 103 147
36
0
18 19 25 15 16
37
0
14 9 23 5 8
38
0
131 107 139 127 92
39
0
40 29 48 36 34
40
0
101 83 106 98 133
41
0
39 53 37 35 58
42
0
30 20 19 29 26
43
0
26 38 40 32 38
44
0
124 140 98 94 153
45
0
54 74 66 67 62
46
0
41 26 23 27 38
47
0
123 107 113 125 143
48
0
8 15 14 14 9
49
0
88 79 117 95 81
