200
5
258870
0
0
73 48 80 63 51
1
0
110 45 72 60 44
2
0
96 45 61 66 68
3
0
79 45 57 53 54
4
0
104 38 60 34 46
5
0
84 60 89 71 51
6
0
66 43 76 55 48
7
0
104 38 65 77 64
8
0
91 64 90 42 41
9
0
143 53 57 59 47
10
0
89 75 72 44 62
11
0
82 72 76 65 47
12
0
78 45 83 87 51
13
0
82 66 65 78 30
14
0
82 35 75 77 56
15
0
109 41 86 64 65
16
0
96 47 50 60 69
17
0
101 67 71 67 70
18
0
116 67 58 57 72
19
0
94 60 111 57 42
20
0
105 76 84 73 69
21
0
85 104 80 86 67
22
0
103 43 64 74 42
23
0
85 51 61 40 60
24
0
80 70 68 73 61
25
0
105 58 79 78 61
26
0
72 40 56 61 44
27
0
106 58 97 51 78
28
0
95 53 78 62 66
29
0
92 57 72 35 56
30
0
86 56 73 90 54
31
0
82 49 76 60 50
32
0
114 34 61 60 64
33
0
90 63 86 42 50
34
0
68 59 56 66 54
35
0
110 55 76 36 53
36
0
73 56 56 77 46
37
0
76 50 72 47 48
38
0
86 71 80 61 63
39
0
95 74 85 61 42
40
0
110 46 103 67 44
41
0
73 65 91 67 59
42
0
85 54 69 47 47
43
0
75 52 69 66 79
44
0
63 56 78 83 69
45
0
96 73 84 66 44
46
0
70 65 77 50 61
47
0
106 49 62 47 49
48
0
107 69 50 38 39
49
0
96 44 74 77 61
50
0
67 55 87 74 42
51
0
74 51 76 42 71
52
0
81 53 68 51 45
53
0
131 52 75 65 51
54
0
84 38 83 52 48
55
0
101 52 74 42 47
56
0
74 61 66 54 42
57
0
90 72 78 74 46
58
0
90 66 83 60 45
59
0
109 43 62 62 68
60
0
68 68 94 59 51
61
0
136 44 72 51 57
62
0
80 59 113 52 42
63
0
103 61 77 71 65
64
0
98 60 80 58 55
65
0
87 45 66 41 35
66
0
82 61 77 61 57
67
0
78 44 71 53 63
68
0
97 55 91 45 62
69
0
99 59 49 42 61
70
0
69 49 63 57 76
71
0
82 57 68 61 50
72
0
110 66 63 60 46
73
0
74 46 70 64 49
74
0
113 54 75 58 60
75
0
108 53 72 37 45
76
0
72 57 75 47 62
77
0
134 58 70 40 50
78
0
98 42 66 67 67
79
0
94 56 81 42 54
80
0
78 77 58 57 52
81
0
82 67 61 64 64
82
0
87 47 95 61 61
83
0
104 84 75 51 52
84
0
105 51 98 68 44
85
0
99 41 54 54 43
86
0
53 44 87 64 67
87
0
117 67 95 49 65
88
0
87 58 73 61 71
89
0
83 44 73 52 60
90
0
110 60 83 44 54
91
0
102 50 75 80 46
92
0
112 56 66 60 72
93
0
92 56 77 63 64
94
0
78 41 79 63 39
95
0
101 55 79 66 40
96
0
91 61 54 62 76
97
0
87 59 71 57 60
98
0
64 72 75 75 79
99
0
59 33 59 43 68
100
0
77 52 104 55 77
101
0
76 45 50 63 56
102
0
56 61 80 81 68
103
0
75 51 80 40 54
104
0
74 68 70 75 59
105
0
100 62 94 73 54
106
0
69 58 79 73 58
107
0
79 53 96 66 48
108
0
112 39 70 47 45
109
0
96 49 68 52 73
110
0
91 56 78 49 56
111
0
95 44 87 93 66
112
0
79 54 86 48 60
113
0
98 69 73 47 40
114
0
103 52 100 55 36
115
0
106 48 89 47 49
116
0
66 53 61 64 52
117
0
83 48 63 67 48
118
0
89 61 74 56 66
119
0
70 64 83 86 47
120
0
55 50 64 65 52
121
0
70 54 49 58 41
122
0
82 45 69 59 45
123
0
103 71 76 52 47
124
0
127 51 65 68 62
125
0
90 61 83 60 58
126
0
84 41 60 70 56
127
0
77 51 73 90 48
128
0
97 55 78 58 33
129
0
69 58 68 68 40
130
0
89 48 61 36 61
131
0
104 49 55 75 52
132
0
71 36 82 63 80
133
0
92 70 83 61 49
134
0
88 44 75 65 71
135
0
85 66 87 59 56
136
0
88 49 86 54 52
137
0
101 66 71 51 87
138
0
104 43 74 74 42
139
0
112 60 75 67 65
140
0
97 65 65 79 68
141
0
94 44 81 68 49
142
0
78 54 62 65 65
143
0
69 60 82 52 75
144
0
94 69 74 68 59
145
0
84 48 82 72 65
146
0
73 69 76 74 72
147
0
91 70 96 81 38
148
0
100 44 72 65 52
149
0
112 47 71 59 44
150
0
99 57 74 88 50
151
0
95 40 70 67 75
152
0
85 57 53 64 36
153
0
80 56 83 49 45
154
0
102 60 67 70 60
155
0
98 59 76 41 81
156
0
79 41 75 79 62
157
0
94 41 73 43 63
158
0
129 39 83 71 49
159
0
89 78 68 51 64
160
0
101 56 82 51 52
161
0
58 72 61 55 39
162
0
88 58 79 87 53
163
0
89 58 62 52 51
164
0
84 61 54 54 59
165
0
92 74 60 44 69
166
0
110 73 53 69 43
167
0
109 69 76 59 42
168
0
87 40 48 43 64
169
0
89 71 72 60 48
170
0
77 51 55 41 72
171
0
86 40 79 45 51
172
0
108 55 72 57 58
173
0
82 56 86 63 44
174
0
115 58 64 58 57
175
0
73 55 94 50 66
176
0
113 46 67 45 47
177
0
79 51 66 67 48
178
0
89 73 78 88 54
179
0
136 63 63 53 47
180
0
91 49 42 70 33
181
0
97 25 74 47 40
182
0
64 56 74 53 73
183
0
79 43 93 53 32
184
0
115 51 84 49 59
185
0
63 41 75 54 37
186
0
98 49 74 81 37
187
0
129 50 54 80 49
188
0
95 51 113 55 55
189
0
65 49 60 84 61
190
0
82 50 89 64 35
191
0
83 50 81 78 52
192
0
72 62 64 58 46
193
0
75 54 87 51 59
194
0
75 66 94 61 60
195
0
90 52 61 35 51
196
0
103 61 69 44 58
197
0
105 73 75 59 51
198
0
99 43 87 61 62
199
0
73 56 79 54 52
