30
20
98089
0
0
37 52 11 8 26 7 45 34 56 28 13 83 20 15 1 139 6 45 53 77
1
0
107 31 103 68 30 69 26 13 3 30 13 3 74 37 34 72 21 44 24 10
2
0
53 20 126 62 92 113 70 35 104 7 0 83 3 120 12 26 11 6 101 10
3
0
198 35 41 39 51 7 55 15 29 151 59 76 7 65 124 1 16 14 83 20
4
0
32 37 29 62 16 51 45 37 16 31 56 38 19 26 85 56 36 152 68 45
5
0
6 151 128 161 34 50 19 90 45 9 2 15 51 10 15 13 10 47 102 95
6
0
3 29 25 75 26 25 23 15 17 57 83 102 10 121 29 40 47 90 1 95
7
0
3 24 67 3 7 109 30 192 33 28 8 60 42 78 30 1 157 26 55 18
8
0
56 18 18 2 65 135 31 169 86 9 5 40 16 23 20 25 18 2 24 71
9
0
14 42 38 21 17 1 24 52 2 28 46 1 67 223 26 23 156 14 19 89
10
0
29 144 4 7 40 9 48 71 104 61 9 28 12 33 43 69 102 21 8 13
11
0
25 13 14 7 29 6 4 19 45 12 125 9 17 8 8 1 72 4 9 62
12
0
112 37 40 2 24 24 64 25 25 3 61 127 10 19 14 12 16 19 49 17
13
0
47 25 32 13 21 9 81 42 59 31 48 2 26 14 2 89 13 7 24 34
14
0
45 44 21 37 37 19 38 29 9 6 25 38 9 6 60 90 15 127 11 50
15
0
19 17 45 7 69 136 9 45 289 5 27 167 37 22 20 38 53 74 3 3
16
0
25 8 152 84 6 7 21 13 279 165 32 8 42 161 32 10 4 50 12 167
17
0
8 32 1 16 142 56 2 6 31 23 8 38 12 67 69 7 38 57 37 59
18
0
27 11 4 167 29 85 10 68 31 7 38 0 130 51 17 112 50 8 53 9
19
0
73 27 17 87 97 163 19 11 52 37 21 37 78 12 56 17 35 5 40 74
20
0
19 1 1 77 76 4 103 13 112 12 77 53 38 66 73 24 37 27 44 3
21
0
147 1 33 37 8 8 57 4 85 67 33 46 11 87 27 49 103 29 28 74
22
0
160 9 5 21 107 92 11 66 72 65 38 51 62 10 42 10 84 1 219 13
23
0
130 46 64 9 27 129 28 229 74 27 2 120 10 6 70 43 29 121 1 31
24
0
96 100 18 52 47 93 231 2 13 23 28 13 223 17 29 30 20 19 6 93
25
0
15 19 44 1 118 10 1 21 16 30 14 40 217 27 48 7 28 88 14 15
26
0
4 8 15 111 23 3 58 36 8 21 40 12 61 168 20 80 22 3 6 75
27
0
44 32 11 12 37 2 98 15 70 15 4 104 38 4 7 18 21 43 15 60
28
0
12 2 35 39 1 66 28 63 130 35 7 33 68 30 44 95 7 75 39 27
29
0
1 35 80 5 20 7 93 77 30 207 20 74 43 11 178 80 67 123 58 59
