20
20
950994
0
0
220 14 5 24 116 49 56 8 3 157 42 50 19 7 35 5 58 134 144 123
1
0
57 56 122 32 4 20 76 411 64 175 21 11 46 122 38 95 85 18 7 78
2
0
181 34 25 16 130 8 131 36 76 39 13 28 18 3 106 13 12 2 16 49
3
0
31 206 27 37 28 207 11 2 173 31 22 7 121 116 0 12 219 0 23 27
4
0
102 133 2 163 5 24 23 4 52 32 44 19 51 41 1 8 24 87 7 4
5
0
9 179 39 20 46 16 25 44 22 17 16 52 6 15 107 194 8 16 57 12
6
0
27 32 25 15 69 28 23 29 80 46 29 61 10 17 0 16 69 38 69 4
7
0
96 13 46 296 26 47 4 98 2 32 1 0 46 42 78 25 148 165 49 26
8
0
13 20 2 39 51 26 131 124 56 28 52 34 13 84 96 41 41 64 4 6
9
0
22 12 10 19 131 57 13 42 89 48 42 50 21 56 12 104 46 3 37 8
10
0
251 2 31 208 175 52 99 63 11 9 72 24 2 153 161 29 133 1 20 31
11
0
104 79 42 82 9 101 117 20 8 54 23 11 93 234 59 23 0 21 26 29
12
0
60 13 60 23 0 9 6 1 28 118 8 32 44 3 24 5 31 56 170 26
13
0
175 91 36 38 192 55 51 45 31 42 8 23 54 111 5 1 66 4 3 19
14
0
108 18 73 122 39 28 15 29 22 44 37 4 11 13 40 47 71 54 14 3
15
0
22 74 191 25 12 76 26 52 92 75 39 98 152 25 5 50 0 30 20 11
16
0
23 18 12 87 0 3 178 53 29 23 41 7 43 4 41 96 15 16 126 82
17
0
71 33 98 97 57 54 71 10 16 486 95 56 48 3 168 28 86 34 1 13
18
0
15 32 9 66 6 143 163 97 20 19 23 4 93 18 24 96 21 97 3 2
19
0
3 24 19 33 34 37 43 34 6 105 3 96 15 29 113 1 5 14 169 35
