50
20
289836
0
0
142 43 38 32 12 103 38 37 66 27 5 47 59 3 13 35 46 22 79 57
1
0
6 14 194 20 71 103 20 50 41 9 51 94 35 56 76 58 10 0 62 89
2
0
24 72 5 12 41 146 1 161 22 6 55 25 113 86 39 67 44 15 22 54
3
0
32 31 51 48 32 18 128 31 101 21 12 41 74 53 60 164 14 187 27 97
4
0
134 52 3 52 7 10 22 105 20 15 2 165 14 56 55 30 31 68 38 60
5
0
40 213 50 25 35 79 13 29 5 16 65 114 4 16 57 58 16 1 0 198
6
0
2 29 23 12 70 117 33 125 20 33 50 0 72 227 30 11 3 15 10 49
7
0
14 15 37 8 89 20 17 88 43 108 20 69 157 2 36 17 48 24 51 52
8
0
6 39 52 28 24 47 43 172 75 75 76 40 14 132 155 36 34 33 7 86
9
0
14 87 4 103 63 110 8 47 16 36 3 24 11 142 18 20 69 72 80 7
10
0
126 179 27 75 44 181 126 75 5 50 21 36 48 81 7 24 84 28 60 79
11
0
6 10 6 96 58 5 97 28 42 65 215 32 29 16 45 2 43 4 64 78
12
0
27 0 58 71 29 118 19 83 48 24 71 33 18 28 21 220 69 39 65 44
13
0
8 82 6 90 54 17 96 32 17 80 36 37 35 35 60 50 125 40 32 68
14
0
19 4 23 27 22 1 2 25 5 47 103 14 53 27 3 52 256 132 13 166
15
0
96 2 4 134 66 105 8 1 58 25 53 15 38 26 75 123 33 68 43 62
16
0
33 28 16 33 6 44 34 53 6 11 76 32 111 20 54 31 12 6 7 90
17
0
5 16 8 11 56 82 13 107 12 39 16 3 52 2 16 8 106 157 24 91
18
0
5 62 2 126 115 48 32 24 16 16 116 27 26 30 16 23 124 85 4 36
19
0
34 14 70 172 35 39 126 37 0 83 57 64 103 20 30 143 27 54 154 37
20
0
12 136 0 72 123 246 33 293 3 22 12 27 212 70 69 218 46 8 33 17
21
0
12 61 134 41 24 8 95 18 280 76 11 42 38 190 5 139 151 10 83 22
22
0
8 33 41 39 82 54 115 37 4 74 7 14 42 60 8 31 37 4 47 127
23
0
52 60 72 66 25 77 1 52 29 88 84 45 3 8 88 82 98 3 75 24
24
0
92 8 44 55 47 83 64 136 65 40 57 3 9 3 59 30 22 108 21 13
25
0
39 99 244 41 19 47 119 118 10 3 21 132 67 37 51 2 1 43 2 98
26
0
45 24 22 35 31 87 78 15 2 11 66 23 63 35 46 12 11 49 3 14
27
0
65 46 305 50 203 29 6 16 57 95 24 23 15 75 7 27 81 41 43 8
28
0
20 147 48 57 86 277 33 27 4 23 238 87 14 1 41 70 40 39 49 54
29
0
14 29 22 58 40 75 32 15 50 45 18 22 71 41 4 121 56 47 34 1
30
0
4 56 36 44 73 74 53 15 3 91 11 33 164 84 21 98 18 4 47 4
31
0
7 24 20 39 25 131 20 14 50 0 40 74 16 68 6 7 37 6 51 100
32
0
0 31 1 27 27 28 27 31 21 15 138 65 21 17 144 44 156 26 52 25
33
0
51 34 4 67 16 11 9 104 18 11 10 32 14 7 20 4 14 18 2 42
34
0
20 10 114 13 36 31 34 55 159 13 33 82 19 48 63 179 77 20 109 98
35
0
38 169 32 6 30 37 168 29 45 1 76 101 45 14 7 60 47 78 72 16
36
0
16 0 55 54 32 5 93 38 11 92 89 124 72 41 99 35 78 39 59 10
37
0
114 88 15 5 7 2 25 44 168 12 36 21 54 251 16 31 79 53 102 27
38
0
48 45 13 66 77 57 97 8 40 95 1 21 23 153 49 18 75 30 79 4
39
0
52 5 60 90 12 16 94 155 70 25 57 79 40 19 90 69 29 142 126 56
40
0
11 75 34 54 37 59 306 57 88 53 56 71 34 145 249 20 105 107 68 19
41
0
4 81 3 69 213 27 185 21 4 33 90 4 4 87 12 23 1 294 14 117
42
0
38 55 45 14 174 4 202 18 0 11 94 80 194 23 37 47 3 71 142 198
43
0
54 90 53 29 57 33 32 21 93 25 16 23 92 5 38 57 15 40 158 35
44
0
51 150 5 8 5 23 63 70 39 36 11 113 113 52 38 42 138 46 20 26
45
0
17 0 118 8 2 88 88 11 46 65 51 28 32 3 78 36 121 49 62 6
46
0
5 43 16 4 24 11 13 21 3 57 48 76 9 14 59 5 52 96 47 9
47
0
38 27 31 61 141 36 37 11 35 59 107 25 74 35 17 76 51 13 11 28
48
0
22 30 72 27 9 1 30 124 83 15 5 3 2 24 6 25 15 55 62 0
49
0
8 64 23 2 39 137 95 22 4 59 60 70 0 10 5 52 19 10 17 153
