200
20
55986
0
0
45 53 57 48 54 48 76 50 38 68 45 59 71 33 58 36 52 57 56 82
1
0
29 35 21 25 20 21 18 24 25 19 23 15 22 24 22 17 31 36 14 24
2
0
69 54 50 90 52 53 57 40 87 71 59 36 60 27 47 64 43 29 45 65
3
0
69 52 48 54 90 47 40 58 58 43 56 55 47 67 47 74 45 76 36 56
4
0
51 41 72 62 52 68 53 39 31 79 42 57 49 29 49 50 50 49 59 36
5
0
201 193 237 232 253 214 249 211 195 222 252 233 295 241 198 228 244 162 233 262
6
0
25 22 9 22 18 16 16 29 14 14 20 30 24 13 16 18 10 25 13 34
7
0
51 75 77 76 77 77 98 50 78 67 79 57 68 75 53 94 51 66 88 68
8
0
31 33 40 37 44 45 21 33 32 63 37 40 53 42 50 42 37 42 39 31
9
0
64 55 52 62 33 79 52 61 53 47 54 29 66 64 53 70 83 50 52 48
10
0
24 9 18 17 10 20 14 15 22 14 16 11 20 16 21 20 10 15 14 13
11
0
42 26 42 36 34 32 40 49 41 37 47 49 42 56 36 31 52 43 44 46
12
0
70 99 63 62 110 59 74 114 116 92 91 87 73 68 115 78 92 103 83 107
13
0
2 2 2 1 2 2 1 3 2 1 2 1 2 1 2 2 1 2 1 2
14
0
44 71 84 55 76 56 66 59 53 61 61 67 42 64 60 60 47 56 54 46
15
0
139 116 150 123 111 160 115 131 132 120 169 139 132 156 120 152 114 126 104 144
16
0
129 137 126 161 147 110 130 166 183 130 143 146 141 134 132 134 145 147 145 130
17
0
15 21 15 8 20 26 14 18 22 13 25 16 16 21 17 15 19 13 22 10
18
0
19 25 27 23 39 20 24 13 28 15 37 26 21 18 31 33 22 28 24 29
19
0
32 42 57 57 48 35 41 45 40 51 56 28 38 45 57 42 58 44 39 35
20
0
46 46 43 33 32 13 47 48 38 50 39 47 50 37 47 54 29 33 38 44
21
0
36 35 54 44 44 28 54 51 54 33 41 61 33 38 47 33 37 59 30 35
22
0
39 32 34 36 27 45 34 31 35 28 24 38 38 20 41 37 43 27 25 34
23
0
36 38 58 39 55 37 46 36 48 46 40 47 68 50 41 31 40 74 50 45
24
0
12 10 15 18 14 9 14 11 15 18 8 12 13 8 10 10 12 13 13 13
25
0
11 22 10 13 22 13 21 11 21 22 17 17 13 17 19 21 19 21 20 17
26
0
138 99 131 140 147 96 124 120 133 127 125 103 133 155 91 136 124 123 131 120
27
0
36 33 43 32 31 36 37 31 32 39 30 38 23 45 26 43 32 26 44 38
28
0
15 30 32 24 29 17 23 20 18 25 25 25 23 12 22 29 27 23 19 23
29
0
2 1 1 1 1 1 1 1 1 1 3 1 1 1 1 2 1 1 1 1
30
0
55 71 79 79 80 61 65 65 92 69 88 51 54 92 72 65 62 56 62 59
31
0
156 98 117 143 118 133 89 108 110 133 114 115 143 93 124 103 123 143 128 121
32
0
29 16 25 19 16 26 17 27 29 21 18 24 26 28 22 26 22 22 24 29
33
0
166 135 109 115 136 138 123 121 92 120 148 128 122 134 147 131 145 165 136 123
34
0
46 21 20 60 24 42 32 30 25 25 35 30 28 33 24 27 46 42 34 26
35
0
4 5 6 6 12 3 4 6 6 9 6 5 4 5 4 6 4 4 4 4
36
0
136 154 151 151 149 120 152 141 145 149 135 128 189 128 155 140 127 134 130 142
37
0
66 73 67 87 87 65 62 79 73 57 70 42 61 97 65 56 78 53 71 58
38
0
22 24 20 18 37 25 22 26 22 24 30 19 35 44 35 37 29 36 21 23
39
0
107 146 147 180 151 123 127 111 130 143 177 114 153 162 127 129 191 118 157 102
40
0
11 7 10 6 10 15 13 12 6 20 14 10 6 8 10 8 12 10 5 14
41
0
115 101 96 97 112 123 90 98 87 86 124 108 101 111 86 104 96 112 108 102
42
0
3 5 6 15 12 5 6 5 12 7 9 8 16 14 6 13 10 9 11 10
43
0
14 15 11 5 11 9 8 6 7 9 4 4 8 12 4 8 7 9 3 13
44
0
10 16 20 20 23 28 13 18 20 18 16 18 15 10 18 18 9 15 15 16
45
0
42 46 48 27 48 35 39 44 49 30 50 45 73 81 32 40 51 65 62 30
46
0
11 8 7 10 5 7 4 6 8 4 11 8 6 6 4 10 9 11 11 4
47
0
60 43 60 47 94 79 65 75 54 41 55 38 50 50 63 76 66 50 42 43
48
0
6 15 24 12 7 13 7 20 12 12 12 10 18 22 9 15 15 9 14 12
49
0
9 5 7 5 7 4 6 4 5 5 9 9 7 9 8 10 12 7 6 3
50
0
82 77 83 66 117 93 89 73 93 73 84 75 69 78 62 79 84 75 96 97
51
0
22 41 31 29 37 40 39 43 37 39 48 41 69 26 31 50 34 55 38 37
52
0
92 106 63 76 80 125 94 88 69 78 91 95 92 96 94 103 88 83 105 83
53
0
44 38 35 37 41 38 54 51 57 39 33 33 52 52 68 30 38 50 45 42
54
0
21 26 37 31 45 32 30 27 29 30 19 37 44 27 41 39 23 39 35 49
55
0
72 82 58 70 54 39 95 56 55 58 67 76 75 58 58 51 63 44 55 47
56
0
30 25 23 26 28 22 18 23 40 37 27 25 23 21 36 26 24 32 29 20
57
0
162 108 101 100 132 96 79 97 95 95 115 101 107 90 103 123 127 107 120 142
58
0
323 290 320 308 342 353 345 311 338 313 316 243 303 383 333 347 352 315 323 331
59
0
4 3 2 5 4 3 4 3 3 3 2 4 3 1 2 2 3 5 2 3
60
0
196 196 210 205 210 131 220 252 200 201 197 209 207 221 158 198 197 191 189 186
61
0
5 7 7 8 7 5 8 5 7 7 14 8 15 6 7 7 5 10 3 4
62
0
200 185 189 180 196 187 168 155 208 144 168 240 170 173 202 179 168 180 181 183
63
0
38 43 51 41 42 40 42 64 44 43 39 36 40 30 41 68 40 39 26 46
64
0
57 40 45 50 39 55 69 69 63 48 48 48 35 73 55 61 73 63 40 55
65
0
21 41 25 19 29 24 17 22 34 39 25 20 36 22 23 26 25 19 27 23
66
0
74 75 81 71 77 66 75 72 90 80 67 72 103 72 94 72 77 71 83 112
67
0
11 4 4 5 5 7 3 4 4 4 6 5 7 4 4 7 4 5 4 5
68
0
26 22 32 27 18 16 32 39 35 35 30 21 33 37 20 28 30 30 25 11
69
0
198 159 173 151 145 199 145 181 183 213 167 159 219 184 178 200 180 205 133 237
70
0
20 22 11 27 23 15 19 28 17 20 18 18 19 23 13 27 20 18 22 13
71
0
46 25 29 26 43 28 34 37 32 24 39 44 38 46 28 50 33 34 28 40
72
0
6 5 4 6 6 2 9 7 4 5 4 4 4 5 3 8 5 5 9 10
73
0
8 9 10 5 8 6 10 6 6 7 5 6 11 10 6 13 10 4 7 10
74
0
11 19 17 8 18 10 8 15 18 8 18 8 9 8 10 21 7 13 8 11
75
0
105 128 89 100 86 142 118 100 110 88 125 73 97 133 103 121 101 114 105 109
76
0
88 77 62 66 39 58 73 56 50 54 64 73 66 68 48 54 44 69 46 64
77
0
9 8 6 14 15 6 9 14 11 7 16 10 13 18 9 10 7 10 13 7
78
0
1 1 1 1 1 1 1 1 2 1 1 1 1 1 1 2 1 2 2 1
79
0
220 253 204 229 256 279 234 219 229 180 258 300 210 276 214 266 220 267 221 245
80
0
40 60 54 52 40 39 42 53 30 56 39 50 35 44 46 32 41 50 60 80
81
0
9 5 10 12 26 12 8 17 14 9 12 10 16 14 7 5 18 6 8 11
82
0
35 23 36 20 26 46 41 24 17 26 45 21 26 32 29 35 33 33 42 24
83
0
59 55 68 51 60 61 86 82 50 87 68 59 69 81 54 67 61 82 56 66
84
0
52 85 56 59 69 81 60 87 55 56 68 60 65 61 62 70 68 55 56 68
85
0
165 168 174 185 139 160 159 174 134 182 170 182 156 172 155 195 162 136 156 175
86
0
93 73 79 75 97 62 73 67 74 107 50 84 67 81 55 97 72 75 68 81
87
0
58 64 66 76 61 58 58 68 86 72 91 59 116 55 101 64 63 64 71 64
88
0
91 102 83 85 90 72 102 101 93 106 101 94 78 91 112 108 114 92 99 96
89
0
40 37 46 45 53 41 62 46 58 54 44 34 58 42 50 33 46 44 49 76
90
0
53 55 44 37 55 38 51 45 38 66 80 51 54 66 48 60 39 46 48 30
91
0
15 30 31 34 32 38 35 25 33 40 34 37 35 24 41 49 29 38 36 31
92
0
186 195 204 137 195 184 185 208 168 161 206 169 123 205 188 137 171 190 131 123
93
0
114 97 130 82 78 104 113 94 77 92 111 101 101 107 128 82 111 83 114 112
94
0
18 14 26 25 20 13 11 18 25 35 15 14 19 19 38 26 19 29 16 23
95
0
23 43 37 40 29 45 46 31 35 41 29 37 31 41 28 27 39 43 39 41
96
0
299 210 239 203 228 173 240 260 250 256 238 212 276 234 254 212 202 251 275 265
97
0
51 75 61 80 56 72 68 82 64 58 79 56 77 81 75 65 66 82 58 58
98
0
8 9 7 8 14 10 12 17 8 18 7 4 12 8 12 9 13 12 7 12
99
0
38 38 54 48 41 45 39 45 79 32 34 59 35 20 33 44 40 59 37 34
100
0
125 126 164 115 123 167 130 128 131 96 113 116 137 124 156 99 122 130 115 135
101
0
7 4 5 6 8 3 5 4 4 9 6 2 4 7 5 3 5 6 7 6
102
0
35 21 20 30 23 15 28 16 18 24 41 27 36 28 26 23 25 21 27 32
103
0
15 13 10 9 9 13 13 8 12 10 11 14 20 5 7 16 15 12 14 13
104
0
67 81 83 60 52 42 63 74 71 47 61 77 43 89 78 79 80 62 63 67
105
0
27 10 18 22 19 20 19 30 26 21 15 19 32 29 20 31 23 26 15 21
106
0
69 51 43 44 59 71 70 70 63 48 45 59 59 50 56 72 66 69 68 67
107
0
38 40 40 39 41 42 50 55 47 50 44 56 65 47 37 41 31 38 51 39
108
0
43 17 25 20 21 27 29 25 24 23 16 20 21 12 17 12 34 31 27 29
109
0
90 109 102 114 105 97 93 89 93 72 87 93 97 117 104 85 78 71 104 80
110
0
39 45 37 49 27 64 37 32 22 32 40 54 30 20 58 36 43 57 38 41
111
0
2 2 2 1 2 1 1 1 1 2 1 1 1 1 1 1 1 1 2 2
112
0
10 18 14 32 20 31 20 22 15 20 18 14 20 21 7 20 14 10 16 30
113
0
28 22 23 28 18 19 22 26 35 29 20 29 22 20 22 13 25 26 18 35
114
0
9 7 13 10 10 14 9 11 9 10 6 19 17 6 8 11 10 17 5 8
115
0
82 61 72 83 85 68 79 109 67 86 95 66 78 71 75 78 65 85 69 85
116
0
11 8 11 31 10 13 15 14 18 15 15 11 9 18 14 8 10 11 11 12
117
0
242 200 227 200 285 182 233 202 219 223 189 244 197 194 209 241 237 208 186 222
118
0
111 131 131 112 129 125 113 106 131 125 130 115 116 132 108 87 126 132 160 135
119
0
32 33 44 52 34 41 50 33 50 49 37 44 40 33 46 50 63 40 30 51
120
0
26 39 18 22 22 25 29 22 23 36 28 31 18 28 28 27 19 27 33 32
121
0
77 84 63 62 74 73 84 96 58 89 74 77 94 85 66 106 71 66 84 73
122
0
76 91 67 97 74 80 82 87 104 77 79 54 62 78 67 104 56 114 65 53
123
0
64 84 77 66 60 98 66 72 64 68 75 71 77 89 68 85 41 71 59 56
124
0
53 34 87 47 65 48 51 78 57 46 64 67 40 69 52 75 60 49 59 50
125
0
25 17 41 27 31 17 19 31 22 13 27 23 21 16 30 21 27 22 22 31
126
0
229 257 222 218 202 207 239 214 254 189 224 178 189 201 240 234 181 226 212 197
127
0
32 29 45 36 41 41 31 36 37 35 25 36 24 36 28 35 48 45 31 38
128
0
33 62 34 45 46 81 54 48 57 71 53 54 64 41 43 73 34 45 41 44
129
0
32 54 34 52 45 44 43 41 51 47 55 56 71 47 48 58 55 46 66 47
130
0
22 15 32 27 23 18 21 21 15 15 21 31 15 17 28 21 16 20 15 27
131
0
130 137 129 171 96 147 138 135 145 144 140 107 144 142 125 128 132 153 139 170
132
0
78 98 77 100 66 69 64 81 51 70 79 71 111 81 86 76 64 71 85 71
133
0
13 16 14 21 18 18 19 23 13 18 9 17 21 10 14 17 18 5 25 16
134
0
58 32 34 29 44 35 40 38 37 23 32 37 35 42 41 42 36 28 46 33
135
0
14 14 17 7 10 7 5 13 15 7 12 10 13 5 7 12 12 6 6 10
136
0
7 8 6 12 10 10 7 10 4 11 8 5 12 9 5 6 13 7 8 4
137
0
39 44 49 34 58 57 50 55 47 65 55 44 67 68 73 52 47 47 60 64
138
0
87 132 96 109 112 123 129 82 119 137 91 111 111 107 104 117 153 97 92 117
139
0
134 133 119 104 147 106 112 129 125 114 127 135 144 117 135 110 128 120 100 148
140
0
64 40 17 35 26 37 25 31 41 28 40 24 14 36 39 24 29 39 24 32
141
0
114 107 116 85 135 126 135 115 97 91 94 90 107 115 111 125 74 95 91 142
142
0
35 24 41 35 35 32 40 41 55 44 37 27 35 34 48 41 36 41 39 41
143
0
78 85 91 72 91 67 65 81 83 103 90 88 103 64 72 76 103 75 72 94
144
0
116 54 47 89 72 57 64 62 84 64 70 97 66 76 55 61 68 74 51 66
145
0
79 75 84 89 74 64 63 81 63 67 60 98 91 58 79 84 97 66 67 80
146
0
7 8 7 12 13 8 7 7 6 11 5 9 8 13 11 15 10 8 12 6
147
0
54 66 97 66 88 72 58 81 55 82 67 63 66 101 88 70 63 56 52 71
148
0
164 158 198 121 185 199 130 160 158 130 137 137 163 159 175 193 202 201 204 161
149
0
1 10 3 3 6 2 3 3 5 6 3 3 3 5 5 2 7 2 4 3
150
0
89 139 108 103 158 102 107 104 86 108 111 124 76 114 108 163 107 96 109 142
151
0
18 30 25 22 27 29 25 34 37 42 32 41 25 48 25 21 29 32 28 31
152
0
33 23 25 25 30 37 29 40 25 23 33 21 33 37 40 41 35 40 38 36
153
0
75 59 44 96 66 61 66 68 55 62 57 77 79 66 44 66 59 81 66 55
154
0
20 19 9 10 13 10 9 18 13 14 16 11 13 18 13 18 20 19 13 28
155
0
4 3 5 2 5 4 3 3 3 6 6 4 1 5 5 3 4 4 5 6
156
0
9 3 2 9 3 4 6 3 8 2 3 4 6 3 4 6 3 2 3 3
157
0
158 147 126 125 132 164 112 159 140 148 151 147 162 173 128 172 145 117 116 151
158
0
26 42 18 30 37 33 28 43 31 20 25 23 31 20 36 21 42 39 24 28
159
0
3 4 4 1 3 2 2 3 4 3 4 4 3 3 1 4 6 2 3 2
160
0
114 162 110 115 136 104 125 153 139 126 141 144 149 123 104 133 135 89 116 93
161
0
11 11 10 10 9 10 10 7 9 12 10 18 12 8 12 10 9 9 14 11
162
0
18 21 34 33 41 56 27 28 25 39 34 47 27 36 32 26 17 28 28 26
163
0
23 30 29 28 19 30 29 24 15 28 22 29 18 23 27 18 30 21 27 23
164
0
19 28 34 31 22 30 36 24 34 19 15 30 27 40 34 25 19 23 37 18
165
0
28 65 48 59 65 27 29 37 21 43 51 40 43 58 39 41 54 35 42 48
166
0
20 29 32 23 43 24 23 27 23 27 19 30 16 25 24 22 27 25 24 19
167
0
55 22 51 42 29 43 26 38 36 50 36 33 34 23 53 36 48 29 44 41
168
0
59 75 81 101 77 60 58 79 78 91 78 94 72 76 71 67 84 79 102 71
169
0
62 38 30 29 36 41 25 35 35 28 44 49 39 40 22 42 43 42 35 37
170
0
39 29 21 35 41 30 34 32 32 32 34 41 30 40 28 25 34 31 32 27
171
0
207 229 269 281 289 290 263 267 268 258 269 252 253 217 246 220 268 223 296 239
172
0
16 29 32 21 30 35 24 28 36 24 27 25 28 33 18 28 23 39 21 33
173
0
37 33 58 68 60 33 36 32 27 55 65 32 38 71 68 45 37 47 44 55
174
0
13 6 12 7 19 8 8 7 10 8 9 13 12 8 4 8 10 9 10 9
175
0
13 7 10 14 9 14 10 14 17 8 14 11 12 13 10 24 15 16 7 12
176
0
1 1 1 1 2 1 1 1 1 1 1 1 1 1 1 1 1 1 1 1
177
0
95 88 84 57 92 77 66 100 67 86 75 86 97 61 66 67 75 82 71 65
178
0
80 60 81 94 86 112 115 106 66 70 76 101 79 67 82 95 85 108 96 70
179
0
2 4 4 3 5 1 3 2 2 2 4 2 3 1 3 3 3 2 1 2
180
0
102 101 118 93 128 101 156 106 118 114 123 133 102 112 110 74 129 109 118 86
181
0
23 23 14 19 13 21 9 18 12 15 16 13 13 25 21 17 14 24 27 20
182
0
61 80 46 108 61 56 65 95 75 64 81 55 105 60 89 60 81 63 59 63
183
0
50 43 28 30 53 47 39 44 31 33 28 44 55 39 45 27 34 29 40 22
184
0
17 18 16 12 15 11 12 13 16 8 20 21 17 14 14 21 9 10 27 12
185
0
26 33 29 18 30 23 34 32 15 25 22 17 27 31 44 22 27 24 37 29
186
0
18 18 27 11 16 12 18 8 14 13 15 10 19 17 13 15 10 10 14 10
187
0
97 121 124 146 117 85 94 134 123 119 148 104 125 105 152 103 135 118 118 114
188
0
18 13 10 12 23 14 15 22 11 18 12 11 11 12 17 21 11 15 13 8
189
0
13 30 17 22 17 29 22 14 32 23 17 19 11 29 12 20 23 25 14 16
190
0
31 37 20 28 30 22 24 37 20 23 23 12 29 24 34 43 20 25 25 25
191
0
34 68 54 60 68 33 52 45 51 48 51 51 44 48 34 39 37 37 26 30
192
0
46 56 38 45 28 32 46 48 39 40 35 37 20 49 42 44 56 41 41 44
193
0
84 90 100 66 83 76 79 89 97 82 83 69 64 100 76 79 75 89 76 89
194
0
34 30 26 25 28 24 29 32 37 30 23 21 19 33 22 42 23 17 24 19
195
0
17 10 17 12 15 15 19 15 18 14 7 17 12 15 15 7 14 11 13 12
196
0
157 168 155 158 151 174 158 180 127 184 190 146 128 190 154 132 163 180 177 165
197
0
36 52 63 46 72 39 61 50 53 35 74 76 30 35 35 55 41 53 45 43
198
0
27 31 34 38 31 26 34 34 36 42 36 41 38 29 31 26 34 46 45 29
199
0
13 8 9 10 10 13 26 11 13 20 9 6 18 11 7 13 9 10 8 13
