200
10
940300
0
0
30 2 31 13 72 167 39 2 54 9
1
0
28 3 26 20 54 138 45 2 47 4
2
0
28 1 24 12 44 144 33 3 39 4
3
0
31 2 35 17 39 121 47 2 42 3
4
0
35 3 29 18 62 175 37 2 46 4
5
0
25 2 24 17 44 126 37 1 33 5
6
0
37 2 30 23 49 164 40 4 34 2
7
0
36 1 50 12 49 198 42 3 51 5
8
0
34 1 35 23 49 132 64 2 41 3
9
0
29 2 25 20 66 171 58 2 44 6
10
0
33 1 20 14 56 136 45 2 73 5
11
0
23 1 38 11 57 182 54 2 66 6
12
0
49 2 23 28 55 153 47 2 35 5
13
0
32 2 28 12 39 142 45 2 46 5
14
0
32 2 26 23 51 156 41 1 35 8
15
0
32 1 37 17 43 173 42 2 36 3
16
0
22 1 29 18 38 182 48 2 54 3
17
0
30 1 27 17 59 150 38 2 41 4
18
0
39 2 39 11 46 114 61 1 40 6
19
0
36 2 36 26 56 198 35 2 37 8
20
0
33 2 42 13 69 133 27 3 61 2
21
0
38 1 34 15 59 157 79 3 58 4
22
0
37 2 33 12 62 134 49 1 48 6
23
0
32 2 34 20 38 140 35 1 54 4
24
0
35 1 26 13 35 143 46 3 40 7
25
0
41 1 36 18 43 148 35 3 43 10
26
0
37 2 30 16 52 173 43 3 36 6
27
0
45 1 31 20 62 141 45 1 34 2
28
0
48 1 24 16 53 126 26 2 34 4
29
0
21 1 22 21 49 160 48 1 60 6
30
0
35 2 35 22 38 139 37 1 50 6
31
0
25 2 43 13 90 199 44 3 35 6
32
0
30 2 14 15 44 145 48 2 48 4
33
0
36 1 18 24 44 154 38 3 35 6
34
0
32 2 35 22 46 160 44 2 43 3
35
0
25 2 39 19 60 163 63 2 35 5
36
0
33 1 26 15 68 154 43 4 37 7
37
0
24 2 23 12 58 133 64 2 38 4
38
0
27 1 39 21 34 122 42 3 62 5
39
0
45 2 31 16 46 141 45 1 46 5
40
0
24 1 42 7 53 179 36 1 37 4
41
0
22 1 34 16 52 191 64 3 39 6
42
0
32 2 37 17 51 169 47 2 50 6
43
0
34 1 25 24 35 136 32 4 42 3
44
0
25 2 25 12 43 179 44 2 42 7
45
0
27 1 40 20 57 176 49 3 46 10
46
0
22 2 31 12 58 139 48 3 48 4
47
0
27 1 41 21 38 139 39 2 37 4
48
0
41 2 38 17 40 148 59 2 45 9
49
0
29 2 36 19 53 162 33 2 45 4
50
0
37 2 25 15 39 212 38 1 49 3
51
0
40 1 34 21 53 187 37 1 36 7
52
0
51 1 23 16 38 136 53 5 47 5
53
0
27 2 19 16 59 135 52 4 38 7
54
0
33 2 28 24 46 163 31 2 39 6
55
0
38 2 25 19 56 109 53 2 48 7
56
0
37 2 24 16 49 152 33 4 29 8
57
0
47 3 17 25 49 173 43 1 46 6
58
0
26 1 24 20 51 188 39 3 37 3
59
0
25 2 21 17 55 140 63 2 57 6
60
0
23 2 32 18 60 149 61 3 35 4
61
0
33 1 22 18 44 172 33 2 48 5
62
0
49 3 24 18 62 152 40 2 53 4
63
0
40 3 32 17 54 166 38 2 53 6
64
0
35 1 30 22 48 163 58 2 53 3
65
0
28 1 31 14 57 141 46 4 25 2
66
0
31 2 25 17 47 165 46 2 30 7
67
0
28 3 27 22 70 162 35 2 40 6
68
0
37 2 24 18 52 157 55 2 42 4
69
0
31 1 43 30 57 125 45 2 41 4
70
0
26 1 39 35 52 192 34 3 56 7
71
0
28 1 18 16 56 158 33 2 45 4
72
0
21 2 26 21 50 155 45 2 51 4
73
0
33 1 16 24 54 160 58 2 41 3
74
0
33 1 17 17 44 147 62 2 31 5
75
0
53 2 37 16 49 164 39 2 31 8
76
0
25 1 25 18 52 160 37 3 34 5
77
0
43 1 42 12 42 123 39 2 58 6
78
0
42 1 27 14 52 119 50 2 48 5
79
0
34 1 19 16 26 184 44 5 28 7
80
0
42 1 17 31 59 138 36 2 41 8
81
0
36 2 17 17 32 142 49 1 33 7
82
0
41 2 31 21 58 168 52 1 54 6
83
0
39 1 28 21 43 181 42 3 35 4
84
0
36 2 32 9 60 159 56 3 24 4
85
0
35 2 30 24 45 118 31 3 58 5
86
0
34 2 40 19 44 165 58 2 39 4
87
0
32 2 37 21 41 193 32 6 62 6
88
0
28 1 30 31 45 145 60 1 56 5
89
0
35 1 32 18 50 181 32 3 45 6
90
0
40 2 37 17 51 162 45 3 46 4
91
0
40 1 47 13 59 137 40 3 32 5
92
0
24 2 29 17 96 126 38 1 36 4
93
0
30 2 28 26 57 159 47 1 41 7
94
0
28 1 32 11 59 147 48 3 46 3
95
0
27 2 17 11 59 163 54 2 54 4
96
0
22 2 32 15 50 191 57 3 46 3
97
0
30 1 26 20 55 158 41 4 45 5
98
0
22 1 33 17 39 161 56 2 55 10
99
0
32 2 22 13 58 148 37 1 48 5
100
0
32 3 37 19 66 151 50 3 50 5
101
0
28 2 25 12 59 155 69 2 57 5
102
0
27 1 20 19 58 173 44 2 43 4
103
0
25 2 17 24 71 179 50 2 66 4
104
0
32 1 22 23 51 174 92 2 38 7
105
0
51 2 38 30 34 143 47 2 42 8
106
0
38 2 31 18 55 155 46 2 31 4
107
0
37 1 35 24 64 174 53 2 56 3
108
0
24 1 37 13 63 127 43 2 33 4
109
0
36 2 27 10 47 142 28 1 46 4
110
0
31 2 23 22 49 181 39 2 26 4
111
0
19 2 40 13 44 133 55 1 50 2
112
0
35 2 52 12 61 132 35 3 65 6
113
0
20 1 34 27 48 155 34 4 53 6
114
0
29 1 34 31 64 181 47 2 62 2
115
0
31 1 26 19 58 161 44 1 42 4
116
0
31 2 35 17 59 144 44 1 37 4
117
0
35 2 27 9 48 157 54 2 35 7
118
0
31 1 25 16 59 143 45 2 36 6
119
0
41 1 20 13 50 128 73 2 34 3
120
0
31 4 21 19 56 168 48 2 32 4
121
0
35 1 38 25 40 162 53 2 31 3
122
0
36 2 30 14 42 120 51 1 26 9
123
0
32 1 30 18 55 156 31 2 55 12
124
0
28 1 48 16 54 176 54 4 34 4
125
0
25 1 26 27 67 193 47 2 47 4
126
0
51 2 42 15 53 206 32 1 48 5
127
0
30 1 21 12 56 140 41 3 32 5
128
0
21 1 37 26 46 147 34 2 35 7
129
0
47 1 30 20 58 146 30 2 37 6
130
0
27 1 26 14 55 159 64 2 43 3
131
0
41 2 21 14 49 156 28 2 30 6
132
0
16 2 44 19 53 137 48 3 58 3
133
0
31 2 42 23 69 159 63 2 28 5
134
0
45 1 29 22 61 149 44 1 36 5
135
0
24 1 46 21 44 173 44 1 53 4
136
0
31 1 30 16 39 116 42 3 61 6
137
0
33 1 20 21 68 153 48 2 38 3
138
0
37 2 25 11 34 162 49 2 33 5
139
0
33 2 33 17 54 163 34 2 51 6
140
0
33 1 39 19 39 132 36 2 36 6
141
0
31 2 30 26 50 184 58 3 34 7
142
0
31 2 40 21 54 198 40 2 49 8
143
0
24 1 24 26 51 156 32 4 38 3
144
0
27 2 30 22 59 145 42 3 49 7
145
0
20 1 25 18 51 165 63 3 58 6
146
0
31 1 18 19 38 140 63 3 39 5
147
0
38 2 25 21 63 137 57 2 47 4
148
0
25 2 46 16 57 135 50 2 34 9
149
0
48 2 31 20 54 155 25 3 34 4
150
0
27 1 27 18 69 130 52 2 44 4
151
0
33 1 30 16 54 132 64 1 41 2
152
0
22 2 22 20 63 130 49 1 47 7
153
0
20 1 27 17 57 157 46 2 41 6
154
0
35 1 27 10 45 148 43 3 41 4
155
0
24 1 26 21 55 124 46 3 41 4
156
0
35 2 24 17 52 169 45 5 40 2
157
0
28 1 32 22 58 140 34 3 46 9
158
0
24 2 42 18 45 119 48 2 34 11
159
0
27 1 27 14 47 135 32 3 44 6
160
0
43 1 26 13 67 221 47 2 46 3
161
0
15 1 20 16 32 194 34 3 69 5
162
0
43 1 35 25 42 133 42 3 58 4
163
0
46 2 20 14 40 194 34 2 48 6
164
0
48 2 20 15 37 168 68 4 45 5
165
0
48 1 30 19 31 139 52 2 39 4
166
0
28 1 23 21 52 161 29 2 44 4
167
0
32 2 33 14 63 174 42 2 37 4
168
0
35 2 22 16 39 142 49 2 65 5
169
0
30 3 39 14 56 159 45 2 61 6
170
0
31 1 27 22 52 134 48 2 46 3
171
0
27 2 35 14 63 120 46 4 56 5
172
0
46 1 34 13 58 152 37 1 38 2
173
0
34 2 28 21 49 183 50 3 28 2
174
0
29 2 23 9 55 152 41 2 38 6
175
0
20 1 27 34 51 144 31 4 52 4
176
0
50 2 22 18 55 135 63 2 62 5
177
0
40 1 39 24 37 171 58 3 38 5
178
0
36 1 30 21 36 151 51 2 52 6
179
0
47 4 29 15 47 154 51 2 50 3
180
0
48 1 27 13 74 170 56 2 54 4
181
0
30 2 42 17 64 123 59 3 31 4
182
0
27 1 31 23 49 200 37 2 38 4
183
0
32 3 30 13 63 183 44 3 42 3
184
0
48 1 31 17 60 134 50 4 37 7
185
0
29 1 19 21 35 146 53 2 54 6
186
0
35 2 28 17 49 184 45 3 46 7
187
0
43 2 40 22 61 158 57 2 43 10
188
0
38 2 40 21 44 178 50 3 59 4
189
0
21 1 20 15 48 181 36 3 31 4
190
0
48 2 18 14 48 149 45 2 39 6
191
0
43 1 27 22 46 169 41 1 23 4
192
0
35 2 32 25 51 171 47 2 51 5
193
0
36 2 34 17 48 210 36 2 45 4
194
0
20 3 45 11 54 186 46 1 44 4
195
0
22 1 24 15 35 124 48 3 45 2
196
0
29 2 28 9 55 139 40 3 47 6
197
0
52 1 28 19 50 146 38 3 27 6
198
0
36 1 25 25 52 132 26 3 65 6
199
0
35 2 25 24 61 169 59 2 44 5
