100
5
357789
0
0
20 30 27 36 26
1
0
38 66 51 47 54
2
0
26 36 24 24 26
3
0
36 30 55 44 45
4
0
64 47 51 58 48
5
0
124 103 97 112 111
6
0
52 39 73 91 52
7
0
64 29 30 43 59
8
0
155 154 138 129 113
9
0
49 50 61 47 42
10
0
28 19 22 13 22
11
0
41 33 35 31 32
12
0
43 31 59 30 59
13
0
12 10 5 11 7
14
0
14 9 14 11 12
15
0
21 25 16 14 9
16
0
127 135 139 169 139
17
0
90 121 92 108 134
18
0
51 20 40 40 40
19
0
23 31 20 18 17
20
0
48 37 40 36 31
21
0
9 12 10 9 10
22
0
51 45 50 39 34
23
0
184 154 145 157 152
24
0
4 4 7 6 5
25
0
34 46 35 35 36
26
0
57 87 109 63 102
27
0
1 1 1 1 1
28
0
76 88 88 94 67
29
0
14 19 11 8 18
30
0
35 30 27 26 25
31
0
33 31 36 31 58
32
0
12 9 22 13 16
33
0
61 45 43 39 42
34
0
86 67 82 67 96
35
0
14 24 20 27 26
36
0
18 20 18 32 22
37
0
66 92 50 62 82
38
0
3 1 5 2 3
39
0
3 3 3 4 4
40
0
224 245 192 221 224
41
0
7 7 4 6 6
42
0
74 90 55 75 91
43
0
46 52 38 35 54
44
0
68 45 56 74 72
45
0
2 1 3 1 2
46
0
18 16 16 16 15
47
0
6 10 5 4 7
48
0
100 111 95 107 106
49
0
41 31 31 27 34
50
0
44 50 49 57 57
51
0
88 108 66 104 127
52
0
8 6 10 8 9
53
0
18 15 17 15 16
54
0
68 60 35 61 36
55
0
65 48 46 63 95
56
0
127 82 158 125 103
57
0
40 50 33 56 71
58
0
9 7 5 7 6
59
0
74 50 80 86 70
60
0
22 10 26 19 31
61
0
69 77 57 64 84
62
0
32 49 70 63 48
63
0
9 10 14 10 5
64
0
125 74 68 108 55
65
0
4 6 6 8 8
66
0
73 62 74 66 62
67
0
115 151 147 131 128
68
0
11 9 19 18 12
69
0
76 63 54 68 55
70
0
16 30 26 28 23
71
0
7 8 5 7 6
72
0
66 29 33 36 33
73
0
19 17 14 16 11
74
0
12 8 13 7 11
75
0
12 13 8 18 12
76
0
36 44 34 31 54
77
0
95 100 129 134 128
78
0
37 49 44 34 47
79
0
2 3 2 2 2
80
0
61 59 58 67 86
81
0
7 6 6 10 8
82
0
94 89 83 64 82
83
0
135 127 119 127 115
84
0
36 21 23 31 33
85
0
4 5 8 6 10
86
0
128 95 93 82 99
87
0
95 60 74 76 91
88
0
30 53 38 40 59
89
0
16 9 16 7 12
90
0
32 30 26 43 37
91
0
7 7 10 9 6
92
0
66 87 89 55 79
93
0
13 11 8 6 8
94
0
21 23 20 19 22
95
0
44 48 29 36 33
96
0
48 33 46 51 33
97
0
20 21 23 27 41
98
0
49 67 55 56 52
99
0
76 65 100 56 61
