200
20
917475
0
0
52 47 58 40 56 42 53 59 58 42 43 56 54 48 50 38 65 38 42 91
1
0
8 10 6 8 5 8 10 8 6 3 7 6 5 6 7 12 8 5 5 9
2
0
56 31 57 39 66 52 51 40 43 59 60 48 37 84 44 51 53 39 60 46
3
0
48 61 42 54 66 36 46 49 48 47 37 42 46 42 41 54 45 38 60 46
4
0
212 176 194 229 191 194 239 172 211 201 218 180 162 173 192 165 230 204 189 214
5
0
10 5 4 6 5 9 4 9 5 8 6 8 10 4 10 6 3 7 5 7
6
0
76 99 115 64 63 38 87 78 77 68 70 74 62 78 99 95 71 72 108 55
7
0
15 14 15 14 11 15 18 10 17 18 16 16 15 15 15 12 16 15 23 11
8
0
13 4 3 6 11 5 8 13 5 2 4 7 4 4 5 4 7 4 6 4
9
0
79 63 70 50 42 68 67 61 62 69 67 50 70 73 48 53 54 53 64 57
10
0
62 96 91 82 99 73 64 89 61 63 76 72 73 58 70 84 89 69 83 66
11
0
14 9 16 14 16 16 21 10 13 10 10 15 11 8 5 13 9 8 9 17
12
0
33 23 30 20 26 23 25 32 23 40 20 15 21 18 20 22 26 24 28 29
13
0
68 36 38 40 29 40 52 27 32 46 42 37 31 53 31 58 45 30 41 64
14
0
67 41 75 50 45 57 39 55 37 37 54 47 42 53 39 38 46 52 36 44
15
0
5 11 9 10 13 7 13 6 9 8 13 5 8 9 9 4 4 6 5 6
16
0
158 142 141 149 144 130 164 151 142 170 183 135 118 150 143 132 122 145 174 121
17
0
158 113 138 180 154 173 142 125 117 117 122 99 145 158 153 137 134 131 151 176
18
0
136 136 93 102 127 104 137 113 108 128 123 131 121 142 150 99 110 133 121 111
19
0
79 103 80 84 113 115 126 100 79 76 103 93 87 110 102 75 86 90 81 87
20
0
24 19 42 20 33 17 20 18 15 36 25 24 25 35 24 29 18 27 30 32
21
0
126 128 116 90 111 138 109 142 105 139 156 145 107 124 109 115 96 131 97 129
22
0
104 66 82 112 65 99 89 97 97 95 74 100 85 104 89 92 90 122 78 90
23
0
109 112 104 103 130 105 154 130 121 107 82 144 105 155 135 125 109 101 124 102
24
0
43 55 66 71 45 61 66 36 49 47 48 58 57 43 41 58 44 53 57 59
25
0
33 35 49 37 68 36 64 64 30 47 51 31 47 55 25 35 48 46 31 35
26
0
48 43 48 63 46 72 80 70 63 67 51 73 51 45 50 62 64 44 39 73
27
0
100 99 105 94 73 94 84 109 119 122 98 111 85 108 99 100 112 91 142 92
28
0
30 49 24 73 59 60 62 53 45 46 33 44 69 51 65 49 43 54 50 52
29
0
5 4 3 3 3 3 2 6 4 5 3 3 5 2 2 4 2 5 4 3
30
0
52 51 31 54 43 61 54 42 61 51 51 77 56 59 49 39 48 51 43 57
31
0
214 178 207 144 146 176 171 171 172 198 173 146 190 178 218 157 184 161 166 178
32
0
123 118 105 101 90 154 109 128 139 147 105 123 87 100 100 92 101 116 119 83
33
0
2 2 2 3 2 2 3 3 4 3 3 2 2 1 3 1 2 2 4 4
34
0
9 7 4 7 6 6 6 4 11 3 7 3 6 4 6 4 7 6 4 9
35
0
60 60 75 60 57 90 48 47 59 66 70 58 90 48 51 72 59 76 62 39
36
0
65 53 58 40 37 32 38 40 49 47 46 40 51 33 37 40 51 54 60 53
37
0
37 33 50 52 47 43 54 39 40 50 56 46 49 30 57 50 45 52 37 47
38
0
8 7 8 4 4 8 5 6 6 8 5 8 8 4 7 8 5 9 13 11
39
0
70 84 51 80 86 68 64 61 82 79 76 100 29 72 66 73 92 64 89 88
40
0
78 101 82 78 87 94 70 78 54 113 114 84 83 78 95 81 60 70 78 83
41
0
58 45 41 57 60 67 48 37 65 57 63 74 43 37 71 63 68 63 78 42
42
0
16 14 21 16 11 16 13 14 15 14 11 13 23 12 24 32 15 12 7 14
43
0
89 146 67 145 86 97 108 91 114 94 116 125 80 106 121 92 95 77 97 113
44
0
48 40 48 28 39 47 48 35 34 45 29 22 31 36 24 53 37 49 30 36
45
0
20 21 20 24 23 23 26 30 29 22 27 24 20 22 20 25 36 30 23 23
46
0
110 93 131 143 124 125 95 111 126 137 123 149 119 130 112 126 118 137 154 124
47
0
46 39 31 44 51 45 60 39 51 52 53 42 51 36 32 34 54 40 60 41
48
0
26 22 20 24 24 21 22 27 19 21 30 27 23 14 26 31 16 16 25 23
49
0
29 25 41 35 50 42 40 51 43 40 32 49 29 48 32 31 38 45 31 43
50
0
11 10 21 14 11 24 15 21 23 12 16 9 21 22 13 12 13 16 10 9
51
0
19 19 20 22 11 20 28 16 26 18 16 17 15 13 21 21 15 23 18 16
52
0
48 58 42 59 43 47 45 43 48 44 35 47 37 31 49 65 42 44 61 43
53
0
11 6 9 10 14 8 10 9 8 10 8 9 6 11 13 6 13 9 7 7
54
0
1 1 1 1 1 1 1 1 1 1 1 1 1 2 1 1 1 1 1 1
55
0
42 48 47 50 49 58 48 50 38 51 56 57 55 52 42 57 64 52 44 30
56
0
123 96 115 101 103 118 97 111 94 115 109 146 126 88 206 134 122 106 107 114
57
0
15 21 21 23 22 22 19 34 37 28 18 13 18 25 16 17 30 23 26 26
58
0
31 35 51 50 51 49 27 45 52 51 55 41 41 39 43 64 39 45 50 47
59
0
7 8 11 6 3 4 8 11 8 6 6 7 10 6 17 6 7 8 3 4
60
0
57 85 111 89 89 128 99 87 130 98 98 83 58 99 98 93 83 93 80 91
61
0
25 23 24 28 34 32 29 22 21 27 33 29 23 27 43 21 24 26 24 38
62
0
67 46 65 47 67 43 45 49 56 52 50 46 31 30 35 43 50 56 43 47
63
0
27 28 25 33 24 28 48 39 35 31 36 35 28 19 42 35 21 25 42 31
64
0
6 8 10 7 6 7 3 4 4 6 7 4 4 4 2 3 4 5 4 6
65
0
122 177 141 139 126 132 139 170 118 100 164 107 129 142 118 139 133 173 119 113
66
0
87 93 82 77 85 66 68 64 93 83 89 89 95 106 106 73 81 57 93 81
67
0
209 243 250 207 231 242 227 196 234 223 218 268 229 268 214 225 242 202 227 227
68
0
2 3 2 4 2 3 2 2 2 3 2 5 3 4 2 6 5 2 4 4
69
0
35 25 37 24 36 18 23 33 20 34 34 16 21 27 14 20 15 22 17 39
70
0
45 52 49 59 43 35 35 49 30 48 40 35 59 56 38 30 36 37 39 50
71
0
122 153 129 157 171 109 114 147 161 144 158 129 145 182 189 166 142 141 130 141
72
0
52 62 50 65 55 37 64 53 55 56 76 55 63 74 78 48 87 50 84 40
73
0
26 22 28 13 26 20 20 30 20 16 24 18 24 16 17 36 18 18 23 21
74
0
4 3 6 6 8 3 3 7 11 4 4 3 4 4 5 4 6 5 6 4
75
0
34 48 76 33 63 52 42 62 38 46 55 58 50 58 45 39 66 65 48 38
76
0
130 141 111 93 109 104 101 100 111 126 92 97 158 100 81 107 103 100 97 102
77
0
43 66 60 45 45 48 65 38 40 47 63 57 54 51 76 79 32 42 51 48
78
0
90 94 65 89 63 75 99 80 81 64 79 71 87 72 54 93 97 71 103 57
79
0
4 1 2 1 3 2 3 2 1 2 1 1 1 1 2 1 2 1 1 2
80
0
1 1 1 1 1 1 1 1 1 1 1 1 1 1 1 1 1 1 1 1
81
0
28 28 22 21 21 31 24 33 30 18 27 22 22 34 23 41 26 26 24 31
82
0
10 15 13 8 13 12 15 16 26 11 13 11 9 14 13 16 12 12 15 13
83
0
45 41 83 73 75 55 75 41 63 65 54 74 63 75 66 62 76 60 53 83
84
0
68 88 74 68 56 99 93 45 74 81 78 85 51 101 59 70 89 81 73 76
85
0
89 89 93 64 64 63 58 50 69 50 53 74 70 50 74 71 51 57 58 47
86
0
87 81 68 97 102 85 110 76 96 63 87 107 72 76 77 83 88 64 53 74
87
0
1 1 1 1 1 1 1 1 1 1 1 1 2 1 1 1 1 1 1 1
88
0
61 46 40 73 51 69 47 48 77 69 48 72 55 61 80 58 62 39 56 65
89
0
31 32 26 21 39 40 28 36 30 25 25 32 19 31 18 26 26 23 23 24
90
0
25 16 18 20 22 19 27 20 22 19 39 23 24 17 27 18 32 12 15 24
91
0
30 36 27 50 26 31 20 22 27 28 29 21 26 27 50 25 30 35 32 25
92
0
69 106 56 74 100 66 54 56 75 92 57 82 53 53 72 75 67 54 81 63
93
0
21 27 20 23 21 17 29 12 29 21 20 24 18 31 24 27 22 23 26 27
94
0
110 108 101 86 110 97 83 99 73 106 92 88 106 107 92 77 68 84 92 95
95
0
79 74 81 68 90 91 108 87 95 94 85 94 71 84 90 88 92 78 123 52
96
0
66 82 127 111 71 102 91 97 106 85 96 133 128 97 99 88 76 83 63 60
97
0
46 28 46 32 27 28 46 49 39 39 39 45 44 50 44 56 50 54 26 47
98
0
31 31 45 33 41 41 22 41 41 43 46 51 51 40 29 44 28 29 40 37
99
0
144 134 109 145 126 111 114 142 127 150 133 96 123 126 125 114 132 138 125 122
100
0
13 9 8 10 6 8 10 6 10 15 10 16 9 14 16 8 6 10 7 5
101
0
40 38 45 41 48 39 39 28 39 29 29 24 55 53 34 38 43 29 27 37
102
0
167 140 149 150 182 152 117 145 130 145 155 157 167 142 164 137 140 142 157 154
103
0
134 129 166 142 145 163 176 160 144 141 165 142 132 105 125 133 109 120 130 181
104
0
120 89 96 83 87 71 98 71 89 125 98 116 117 78 99 99 100 103 89 110
105
0
11 13 14 8 6 11 6 11 14 14 7 11 4 7 13 11 6 12 8 11
106
0
78 74 57 82 76 73 71 34 78 67 76 77 70 76 68 83 80 62 75 65
107
0
191 199 205 108 131 165 169 119 177 172 204 151 162 172 180 177 117 178 192 164
108
0
162 166 150 144 177 156 150 187 123 152 114 142 144 132 131 137 96 143 113 154
109
0
7 6 5 13 4 7 5 8 14 9 4 6 5 5 5 5 6 6 7 5
110
0
44 47 37 63 64 63 47 36 44 49 45 66 42 45 39 71 63 60 49 51
111
0
104 87 111 114 90 109 61 72 95 101 82 86 91 109 103 89 92 95 112 99
112
0
6 3 4 7 6 6 7 3 5 3 4 7 5 7 3 7 5 5 3 7
113
0
84 68 46 43 68 87 74 56 51 57 89 69 79 60 48 92 67 43 63 50
114
0
75 51 51 51 39 67 69 43 47 47 58 48 65 81 43 58 57 61 60 68
115
0
74 58 83 82 77 92 78 73 73 70 62 94 103 86 71 72 72 87 81 58
116
0
1 1 1 1 1 1 1 1 1 1 1 1 1 1 1 1 1 1 1 1
117
0
18 20 25 27 22 25 46 22 26 22 42 25 29 22 27 28 22 31 25 35
118
0
7 9 12 4 9 8 10 8 5 5 5 6 7 6 4 8 10 5 13 9
119
0
24 33 46 50 35 41 34 26 28 16 39 32 42 23 30 33 29 42 20 30
120
0
71 69 66 85 52 56 53 58 66 55 69 69 35 77 82 81 51 67 69 55
121
0
83 63 76 77 82 73 91 85 55 79 100 109 79 82 85 86 83 70 61 76
122
0
4 6 8 3 3 7 9 3 6 8 4 5 6 11 9 7 9 5 4 4
123
0
24 30 23 22 24 16 38 28 33 34 49 35 32 25 28 21 29 35 36 22
124
0
144 149 161 166 210 182 140 156 147 139 191 202 139 161 181 142 147 139 145 176
125
0
55 51 63 52 78 58 80 94 58 80 69 88 77 67 75 75 90 85 78 57
126
0
185 205 201 189 198 183 191 152 223 164 165 157 210 184 154 151 214 180 198 180
127
0
45 52 46 57 23 31 36 31 44 29 36 34 42 32 35 58 58 30 62 42
128
0
41 28 40 39 31 18 30 29 29 36 42 21 28 36 23 32 43 15 39 41
129
0
36 22 26 39 17 23 48 24 25 25 18 33 26 27 35 39 15 24 26 22
130
0
150 160 147 208 162 158 183 178 142 174 170 164 158 162 138 156 132 166 206 196
131
0
40 20 54 29 31 34 52 31 35 23 36 28 32 31 49 46 27 31 35 40
132
0
42 38 34 24 29 33 40 24 41 30 31 36 53 37 38 49 43 21 48 46
133
0
30 33 24 14 18 24 25 24 16 17 34 33 24 25 17 23 28 25 24 35
134
0
8 12 16 7 7 5 7 8 7 15 9 6 6 12 4 8 5 6 14 6
135
0
27 27 16 26 21 14 18 26 25 11 19 29 23 19 19 27 28 28 17 17
136
0
70 53 49 44 43 73 46 44 59 57 62 56 57 43 44 55 56 43 40 68
137
0
15 24 22 10 18 14 26 18 17 12 15 12 12 23 8 16 15 14 27 24
138
0
33 39 29 29 21 33 46 36 31 40 23 22 25 36 40 30 45 24 34 16
139
0
15 16 11 11 13 10 13 17 21 13 10 12 25 10 11 7 14 19 12 12
140
0
85 81 64 67 54 83 72 57 88 66 94 73 67 65 72 86 72 72 89 68
141
0
35 20 24 31 31 29 32 31 49 28 28 33 41 40 47 42 39 42 49 40
142
0
54 82 82 40 61 38 56 61 50 67 61 40 43 37 50 55 61 53 87 70
143
0
19 26 26 15 11 15 20 23 20 18 26 15 30 12 20 18 19 12 16 12
144
0
33 27 41 27 31 49 43 28 36 30 36 38 25 25 38 28 27 42 32 33
145
0
16 17 17 19 18 26 12 17 18 22 27 15 29 17 18 15 23 18 10 19
146
0
50 58 29 52 49 38 40 49 72 58 52 62 55 37 35 49 51 55 33 48
147
0
30 37 38 29 39 40 37 41 27 33 39 18 30 30 27 36 35 24 42 36
148
0
12 17 11 15 17 15 21 17 14 19 22 10 19 22 18 25 11 25 23 16
149
0
49 56 56 87 72 54 94 86 92 84 72 89 65 54 89 49 77 71 76 86
150
0
6 9 4 6 3 6 5 10 3 8 9 8 4 7 5 7 6 5 4 5
151
0
117 102 110 102 144 116 100 100 109 123 110 105 90 91 106 128 94 137 128 141
152
0
6 11 7 10 14 8 6 7 5 5 7 8 5 7 7 4 5 10 10 5
153
0
36 56 19 28 23 37 21 22 39 37 34 34 33 27 46 21 30 25 24 28
154
0
21 45 40 23 29 23 30 33 34 27 26 18 28 26 18 31 25 23 26 32
155
0
5 3 6 6 2 3 3 4 6 2 4 4 2 4 3 2 3 5 5 4
156
0
15 21 15 26 12 19 10 12 14 9 7 8 12 12 12 15 11 9 11 10
157
0
66 56 51 68 54 41 82 82 50 42 63 57 55 53 42 65 58 80 55 43
158
0
75 92 100 78 87 113 69 86 83 85 105 87 110 106 116 72 114 123 99 122
159
0
91 75 63 69 81 99 94 67 92 67 68 74 81 89 71 98 71 80 86 104
160
0
4 5 4 3 9 6 3 11 6 10 6 7 14 5 8 4 4 3 5 5
161
0
64 51 48 98 40 70 78 66 49 60 69 66 61 55 69 73 39 72 48 59
162
0
66 46 70 94 110 76 95 83 76 77 70 78 78 65 92 63 61 76 52 57
163
0
14 12 10 14 17 18 13 8 15 12 12 8 9 16 16 17 15 9 17 18
164
0
142 166 147 146 129 149 101 93 139 166 178 140 121 101 121 129 161 134 165 191
165
0
60 58 43 55 28 48 69 42 31 42 61 35 61 38 40 56 51 45 55 83
166
0
66 53 77 62 52 48 73 81 70 53 60 81 60 56 53 53 68 87 62 65
167
0
21 34 39 31 26 17 30 44 30 40 43 39 48 44 43 34 22 35 35 41
168
0
37 52 43 54 52 39 48 47 67 62 57 48 50 46 54 67 36 65 33 49
169
0
21 21 18 25 23 7 31 26 28 22 33 17 22 27 22 21 29 32 23 21
170
0
39 67 43 40 53 49 35 40 37 42 43 42 42 28 36 52 38 39 52 36
171
0
17 25 19 14 14 18 15 17 19 16 14 24 21 11 16 12 7 18 8 14
172
0
5 2 2 7 4 3 6 2 2 6 3 3 2 2 4 3 4 2 2 5
173
0
79 98 91 78 113 95 72 88 131 85 89 127 114 93 110 106 86 95 83 92
174
0
9 14 15 14 8 14 19 15 8 14 16 10 9 13 8 21 8 10 15 18
175
0
78 82 71 100 65 81 88 111 83 90 62 77 95 91 66 113 72 75 71 108
176
0
13 7 12 18 7 8 4 8 6 10 12 8 9 9 13 8 6 14 5 6
177
0
7 4 6 7 7 3 7 10 3 3 7 7 9 5 5 7 6 8 6 5
178
0
55 28 44 38 23 39 28 42 26 26 30 45 44 42 34 30 46 30 31 25
179
0
9 19 18 12 13 13 12 17 16 12 11 19 10 15 15 11 13 24 12 13
180
0
7 12 8 13 18 7 10 8 12 8 4 7 10 13 10 13 9 14 11 7
181
0
10 6 8 2 6 6 7 4 3 9 7 8 6 5 5 4 6 5 5 4
182
0
1 1 1 1 1 1 1 1 1 1 1 1 1 1 1 1 1 1 1 1
183
0
33 17 34 32 30 24 28 36 22 19 39 27 24 28 26 21 40 32 23 24
184
0
13 13 15 16 11 14 11 10 10 9 17 10 9 14 8 9 18 8 11 10
185
0
22 30 18 41 18 18 28 24 24 28 29 29 22 20 24 21 29 19 23 38
186
0
2 3 2 1 2 3 2 2 2 2 2 2 2 4 4 2 3 1 2 2
187
0
2 2 1 1 3 1 2 4 2 4 3 1 2 3 3 2 1 4 1 3
188
0
153 196 151 149 145 150 175 176 131 116 118 138 134 115 139 149 144 133 167 152
189
0
50 108 56 71 56 72 73 51 76 54 71 55 51 55 78 36 51 52 59 76
190
0
20 34 41 38 25 29 33 23 41 23 32 30 23 30 31 31 27 22 26 26
191
0
10 11 18 8 13 17 8 11 7 8 8 9 7 11 14 9 10 7 10 12
192
0
6 9 6 16 8 15 5 9 11 8 11 8 8 15 11 9 7 15 9 16
193
0
85 68 70 69 69 78 68 67 96 50 91 78 61 66 95 62 73 49 63 74
194
0
58 43 53 44 44 47 52 49 32 24 47 40 32 31 24 60 35 43 42 39
195
0
117 126 135 105 132 100 122 114 103 94 102 101 86 97 91 86 72 95 85 97
196
0
3 3 4 3 1 4 3 2 2 2 3 2 4 2 3 2 2 2 3 3
197
0
29 22 38 25 30 42 24 45 30 37 18 41 26 34 36 23 35 31 21 26
198
0
28 30 51 32 29 44 22 25 33 28 22 25 37 24 30 34 27 24 23 42
199
0
34 27 43 42 34 48 34 30 35 32 33 30 36 33 24 32 32 29 43 34
