200
20
496608
0
0
66 75 67 70 81 77 57 54 57 57 34 55 67 84 74 78 51 50 59 87
1
0
31 40 25 17 25 20 25 22 23 23 24 18 30 26 26 20 26 30 20 32
2
0
1 1 1 1 1 2 1 1 1 1 1 1 1 1 1 2 2 1 1 1
3
0
30 15 28 29 31 17 19 30 18 27 28 41 12 22 39 30 28 27 30 20
4
0
116 137 111 126 118 134 125 110 131 119 155 144 107 146 197 95 111 106 129 156
5
0
17 8 6 9 5 12 16 9 9 6 6 10 5 10 10 11 13 7 9 11
6
0
137 96 131 129 142 124 139 169 148 167 119 117 98 179 154 136 166 127 140 161
7
0
44 29 34 39 23 25 45 30 28 40 37 51 26 65 26 30 45 32 29 61
8
0
30 46 31 29 16 29 29 18 31 18 17 25 22 23 32 29 21 19 22 38
9
0
50 53 57 49 56 57 51 45 49 64 49 54 53 47 64 52 39 61 49 50
10
0
27 30 31 31 13 31 36 33 15 16 21 36 29 18 33 30 35 18 23 19
11
0
22 22 31 29 30 35 31 22 22 31 30 28 29 31 26 18 22 31 31 38
12
0
35 53 43 43 32 19 35 26 34 48 43 51 26 29 18 21 45 29 44 35
13
0
71 23 35 44 45 42 65 39 45 35 31 37 50 43 33 32 36 32 31 41
14
0
18 9 21 14 25 14 21 15 16 16 28 13 18 20 21 24 15 14 18 27
15
0
17 21 33 17 19 29 28 17 21 24 32 25 20 19 20 28 30 24 19 32
16
0
12 24 18 12 11 12 18 12 12 7 9 14 15 20 19 21 18 14 11 12
17
0
109 83 75 90 130 106 77 92 79 102 107 96 81 92 105 92 92 73 88 97
18
0
110 97 127 137 114 135 115 119 98 120 114 153 105 112 116 157 130 128 121 142
19
0
26 26 34 34 25 20 19 30 25 24 25 27 32 39 31 22 37 18 27 28
20
0
87 81 79 78 108 87 71 125 81 117 89 101 121 97 92 105 98 94 89 153
21
0
26 39 40 36 33 31 30 42 31 39 32 41 30 24 35 27 22 35 41 17
22
0
72 50 56 49 92 70 48 64 77 47 72 51 79 52 78 59 58 61 46 71
23
0
5 5 8 9 6 6 5 6 10 7 7 9 5 7 6 8 6 4 8 8
24
0
16 9 10 15 13 14 12 15 10 14 12 16 15 22 6 12 16 17 8 11
25
0
32 46 63 47 48 33 30 38 40 56 58 37 45 40 47 47 38 29 41 41
26
0
25 32 38 36 32 39 28 55 37 33 46 48 40 39 48 42 39 47 51 29
27
0
33 25 28 22 28 31 25 38 23 29 38 39 37 26 20 31 33 12 23 29
28
0
61 65 41 48 55 38 36 65 61 49 75 39 35 37 46 40 56 83 59 64
29
0
41 61 47 59 53 54 36 61 48 57 62 75 67 52 58 50 51 68 39 41
30
0
88 58 72 84 55 57 57 33 74 54 58 67 55 66 102 72 63 43 49 64
31
0
10 7 7 6 9 6 7 12 4 6 6 6 10 5 8 8 6 13 7 7
32
0
3 6 4 4 3 3 5 4 3 4 3 3 6 2 5 4 2 5 3 4
33
0
10 10 10 12 8 7 5 9 5 10 8 6 7 10 11 5 6 5 8 12
34
0
80 113 76 87 79 92 124 112 81 105 94 99 85 90 95 109 110 80 75 98
35
0
62 51 35 39 43 51 53 45 48 46 43 54 62 59 66 39 51 37 58 56
36
0
133 104 125 115 81 127 109 109 102 145 129 113 123 89 111 90 82 123 81 99
37
0
4 2 3 4 5 7 9 4 4 4 6 6 3 4 8 4 9 3 5 3
38
0
49 56 53 36 62 72 31 36 78 56 43 46 48 47 47 35 60 53 65 39
39
0
34 64 39 33 46 73 46 55 51 43 29 30 40 46 31 53 38 31 57 38
40
0
205 176 193 223 209 182 215 182 185 160 187 185 178 179 227 175 197 212 202 205
41
0
1 2 2 3 2 2 3 1 3 1 1 2 2 2 2 1 3 1 3 2
42
0
42 48 81 53 72 49 70 40 61 50 62 46 52 44 46 40 57 59 45 52
43
0
44 43 50 50 52 32 36 45 56 39 44 44 56 80 47 48 58 48 51 51
44
0
131 97 103 156 152 106 130 91 119 132 131 124 135 103 106 118 96 144 126 106
45
0
5 4 5 6 2 4 8 3 3 5 5 5 10 9 5 8 4 5 6 8
46
0
23 31 43 34 17 34 36 21 22 21 23 33 29 36 24 20 26 27 34 37
47
0
32 24 27 34 26 19 26 44 34 23 23 51 24 43 35 26 27 36 30 33
48
0
100 52 107 111 112 78 98 135 83 97 86 88 70 110 73 69 87 93 78 76
49
0
11 15 19 20 12 16 18 18 18 12 20 15 22 17 20 11 27 17 19 15
50
0
4 4 4 6 3 4 2 4 3 3 4 2 5 6 4 3 4 3 3 3
51
0
19 19 20 26 35 42 12 22 25 24 34 25 21 30 20 34 22 22 38 30
52
0
75 75 123 74 110 77 97 100 113 102 77 73 72 63 98 78 86 82 115 62
53
0
2 1 1 1 2 1 1 1 1 2 1 1 2 1 1 1 1 1 1 2
54
0
110 103 147 96 147 117 120 116 119 126 117 99 102 125 99 110 98 124 107 89
55
0
72 67 61 80 55 66 55 66 59 81 64 62 64 86 74 75 73 62 61 55
56
0
4 1 4 7 5 3 2 3 7 2 6 4 5 4 4 3 2 3 2 2
57
0
36 51 55 65 40 35 51 33 60 42 23 43 50 34 42 37 43 35 31 52
58
0
2 2 2 2 2 2 2 2 2 1 1 2 1 1 3 1 1 2 2 2
59
0
11 13 12 10 11 10 9 8 6 11 20 8 7 8 8 11 8 10 12 12
60
0
12 20 14 13 17 13 13 17 23 10 22 11 11 17 9 13 16 18 19 29
61
0
37 43 63 39 45 46 48 47 51 29 70 49 38 44 39 62 53 43 59 59
62
0
15 22 29 17 16 15 18 9 24 19 14 24 25 12 19 22 17 25 15 15
63
0
61 78 86 66 83 90 70 101 65 103 81 85 85 67 79 72 94 69 72 117
64
0
31 33 58 23 31 44 30 22 34 31 27 41 27 36 43 59 44 29 48 32
65
0
110 100 87 78 91 107 94 106 117 97 111 84 120 101 83 84 89 88 94 122
66
0
44 43 39 50 46 36 39 48 51 47 59 54 43 45 48 55 35 50 60 40
67
0
19 13 13 19 11 19 13 17 10 9 10 14 10 14 10 12 10 18 14 10
68
0
37 25 47 34 26 41 36 32 30 45 21 41 59 44 30 39 35 24 33 25
69
0
13 15 18 18 16 13 25 17 16 14 15 21 18 20 22 21 18 32 21 21
70
0
49 56 40 45 49 40 45 55 26 29 37 30 24 40 44 46 34 54 32 41
71
0
24 25 16 10 15 24 13 18 7 17 15 23 10 14 13 15 24 17 15 18
72
0
87 84 91 76 50 100 61 98 59 89 92 80 100 78 75 63 101 81 95 94
73
0
33 24 22 34 26 16 20 35 26 23 14 20 26 25 28 26 26 27 32 31
74
0
34 26 26 26 28 38 18 23 37 22 31 20 27 21 15 30 31 15 19 20
75
0
84 58 59 81 65 85 81 62 76 81 71 81 93 75 77 83 42 58 78 74
76
0
89 79 82 72 66 97 93 60 73 64 94 79 67 92 96 92 105 81 68 100
77
0
36 31 31 35 31 46 43 33 43 34 33 52 31 36 47 64 34 51 50 38
78
0
42 54 43 43 25 38 42 59 36 24 44 38 40 57 38 48 44 46 36 59
79
0
11 6 11 13 16 11 9 11 6 14 13 11 10 9 10 14 8 12 10 8
80
0
67 49 57 44 46 58 44 58 53 53 56 50 43 55 56 39 54 75 44 52
81
0
86 65 58 79 67 44 67 87 73 69 76 47 65 49 88 84 74 60 76 75
82
0
98 101 95 82 70 73 111 76 97 70 85 60 93 87 91 77 108 91 91 110
83
0
8 11 16 15 7 10 9 9 10 13 10 11 10 5 20 11 11 9 15 10
84
0
49 41 62 46 52 57 51 37 37 43 33 43 41 46 32 44 55 53 49 57
85
0
63 159 97 83 77 88 104 96 72 103 75 87 60 86 101 82 77 76 80 83
86
0
44 30 36 27 31 37 31 33 29 42 29 33 20 38 33 26 46 31 38 33
87
0
8 9 6 8 9 5 8 6 6 7 6 9 8 7 5 3 5 5 6 3
88
0
18 30 19 21 20 18 37 23 23 15 21 22 26 9 13 15 21 22 29 24
89
0
92 151 109 96 90 115 66 104 107 97 114 82 87 107 128 99 96 105 104 85
90
0
48 36 35 50 50 39 32 51 42 39 55 40 50 50 55 35 64 39 39 43
91
0
115 112 104 102 116 123 120 141 153 127 85 97 121 113 97 103 126 109 83 85
92
0
84 72 89 89 78 56 81 95 99 99 62 82 69 66 81 94 69 55 90 132
93
0
8 6 5 4 4 6 8 5 5 3 4 7 3 7 4 4 5 4 6 4
94
0
155 141 130 125 105 131 119 91 122 105 140 137 116 125 141 169 112 139 144 132
95
0
179 144 143 195 182 162 143 163 161 156 127 180 147 159 151 163 146 140 210 112
96
0
8 8 9 6 13 27 7 8 17 8 12 20 14 8 9 10 13 9 11 12
97
0
55 68 45 59 55 48 32 47 43 28 64 43 38 64 67 44 44 48 55 47
98
0
83 79 75 86 87 65 78 81 86 89 84 87 76 70 79 90 66 78 85 59
99
0
60 29 49 51 31 41 30 34 61 82 57 43 70 42 54 52 51 52 39 48
100
0
6 8 3 6 4 4 6 3 7 7 2 6 8 6 2 7 2 5 6 5
101
0
119 117 150 129 154 107 114 135 125 107 153 159 119 121 120 119 140 112 111 113
102
0
11 17 16 21 14 12 14 20 20 17 14 10 10 14 18 13 22 12 10 18
103
0
26 26 37 42 23 28 28 28 33 25 27 44 25 34 32 48 33 24 30 32
104
0
24 22 17 19 7 19 24 18 14 19 19 29 28 26 24 21 15 18 14 22
105
0
73 114 96 92 105 89 94 90 91 106 104 92 80 84 160 108 91 82 111 106
106
0
8 20 10 11 17 10 8 14 15 9 19 16 12 18 13 28 22 21 21 24
107
0
62 65 67 58 61 56 66 55 78 58 75 66 59 69 63 78 52 76 57 57
108
0
65 49 56 46 72 35 65 78 56 50 70 57 37 58 60 54 75 61 58 55
109
0
70 110 70 86 110 80 105 126 80 83 93 94 70 79 97 86 77 70 72 90
110
0
77 64 59 85 108 55 71 53 71 84 71 88 76 70 71 47 84 77 63 87
111
0
34 44 29 42 28 54 32 29 29 28 36 44 28 20 27 32 44 22 27 43
112
0
11 5 8 7 9 11 6 11 10 8 9 10 5 9 10 20 16 13 7 6
113
0
143 186 189 196 167 204 180 155 197 230 219 292 243 188 168 178 162 181 192 237
114
0
7 7 9 12 5 9 12 8 13 11 6 9 5 10 13 8 5 10 13 12
115
0
73 60 42 54 48 53 44 49 61 65 71 53 59 71 77 57 55 60 41 44
116
0
85 73 58 89 95 82 112 94 80 99 49 76 87 116 110 88 119 79 108 84
117
0
24 42 27 34 26 24 41 25 35 39 20 30 21 32 42 23 34 28 29 22
118
0
44 67 47 57 49 53 44 63 60 44 59 41 45 40 60 41 58 42 46 45
119
0
35 43 22 33 48 68 30 43 37 42 38 43 33 28 47 52 36 27 43 40
120
0
32 22 33 30 22 25 30 21 38 33 24 37 23 31 25 35 39 37 23 22
121
0
39 19 28 37 30 13 33 15 33 25 28 28 32 31 23 26 20 21 22 29
122
0
134 98 141 102 115 85 82 72 117 123 84 65 81 142 122 101 106 124 123 114
123
0
17 39 20 46 54 43 50 31 40 25 41 35 40 28 27 43 39 33 33 35
124
0
20 13 25 17 14 21 16 38 25 15 19 17 37 14 17 21 12 14 15 25
125
0
14 12 18 13 13 18 17 18 17 10 13 13 14 14 11 20 17 11 14 9
126
0
16 13 16 24 23 22 21 29 14 17 30 17 25 19 17 31 20 21 27 16
127
0
43 70 79 78 81 59 57 70 53 61 89 70 69 73 112 122 77 81 62 94
128
0
51 74 64 70 60 44 40 85 67 84 54 49 52 87 67 46 41 53 76 43
129
0
102 91 117 98 82 101 116 91 62 126 122 80 132 109 84 77 81 108 85 73
130
0
102 90 71 74 74 95 83 109 82 63 90 75 57 65 94 85 82 65 87 70
131
0
140 151 152 138 118 113 152 96 77 133 119 117 160 132 145 116 162 142 125 150
132
0
25 36 21 33 25 32 29 20 42 24 23 30 31 26 24 20 29 19 22 22
133
0
52 58 65 39 44 46 43 53 26 64 64 63 58 39 53 60 57 62 47 52
134
0
83 77 84 76 89 67 95 99 89 61 86 77 106 92 52 89 85 61 72 69
135
0
4 6 7 6 7 6 3 6 6 6 9 3 4 3 5 6 10 4 7 5
136
0
29 37 18 14 17 18 13 14 19 26 19 18 16 15 17 24 19 13 12 24
137
0
47 37 31 27 28 26 25 32 28 29 34 35 39 35 29 22 39 20 24 39
138
0
31 17 25 20 12 7 18 13 18 20 14 15 17 18 22 15 27 12 14 11
139
0
4 2 2 3 3 3 2 3 2 4 2 2 3 2 3 3 2 4 1 3
140
0
40 36 54 27 35 23 44 34 34 36 33 39 25 32 24 39 26 20 39 30
141
0
64 60 95 89 72 94 77 58 111 70 77 63 87 77 80 94 94 62 79 63
142
0
73 109 97 92 99 92 62 119 60 117 78 102 103 82 103 128 85 156 167 114
143
0
134 138 155 134 143 185 173 133 127 152 121 135 142 153 180 135 145 105 139 146
144
0
42 27 26 31 33 20 22 41 31 31 27 43 29 34 35 33 25 37 37 35
145
0
90 111 91 79 102 82 93 87 90 111 82 108 107 104 98 98 81 96 95 100
146
0
47 51 32 43 35 38 63 48 34 61 49 33 65 44 48 52 55 33 47 66
147
0
42 32 26 40 33 27 33 44 35 33 50 36 41 45 35 23 45 19 32 28
148
0
127 131 100 158 125 82 100 105 89 94 93 109 115 91 86 136 98 102 150 111
149
0
26 27 25 27 26 24 45 34 27 28 23 18 31 27 23 33 37 36 21 18
150
0
175 199 172 164 214 164 177 139 191 166 229 119 193 160 228 181 140 242 185 196
151
0
18 36 20 24 28 23 24 17 17 26 16 17 22 30 28 18 29 15 25 35
152
0
15 15 17 18 14 12 10 13 14 12 16 13 12 16 22 14 15 19 10 14
153
0
45 60 79 52 58 64 60 55 66 44 72 60 51 64 62 56 58 52 45 49
154
0
80 69 88 111 102 83 75 72 105 63 72 87 87 98 80 101 103 89 104 107
155
0
4 4 4 5 10 5 5 6 4 5 4 5 4 3 3 3 5 4 2 3
156
0
30 25 34 19 34 32 29 19 26 41 29 14 35 31 18 40 21 27 28 29
157
0
19 22 17 19 16 13 15 18 17 18 18 20 16 23 22 20 17 17 26 21
158
0
13 8 13 15 17 15 7 22 18 11 10 13 16 20 15 25 11 11 14 23
159
0
8 12 10 8 8 12 9 9 8 11 9 6 10 5 9 6 10 5 10 9
160
0
70 52 97 71 68 75 78 55 61 77 61 62 69 53 52 57 53 44 77 65
161
0
90 95 95 72 110 137 91 65 103 87 65 73 97 83 107 112 102 107 104 85
162
0
265 290 319 314 253 230 307 342 278 297 233 231 264 267 252 280 243 282 266 344
163
0
2 4 3 5 3 5 2 3 3 3 4 3 4 3 4 4 4 3 3 2
164
0
5 3 4 6 3 6 4 5 3 3 7 6 4 3 5 6 5 4 3 4
165
0
13 11 9 7 14 7 7 18 10 4 15 10 17 19 9 10 19 12 9 17
166
0
28 37 18 34 25 19 42 26 24 31 12 24 34 30 34 24 23 26 28 22
167
0
74 70 66 80 53 54 74 64 72 65 64 51 92 61 74 63 58 65 73 67
168
0
168 135 224 226 211 175 172 176 172 206 199 148 179 162 218 173 148 190 183 190
169
0
7 7 5 7 4 8 7 7 7 7 8 4 4 7 7 12 6 6 5 10
170
0
24 24 14 23 19 33 17 17 16 25 17 23 15 23 14 23 24 18 24 25
171
0
63 85 77 73 64 63 66 60 50 61 63 122 80 62 64 55 87 51 74 75
172
0
21 28 45 22 26 31 27 21 32 20 20 20 18 21 20 24 25 22 23 21
173
0
67 61 77 82 82 69 64 73 68 70 91 65 75 78 74 95 92 71 101 84
174
0
3 2 5 6 3 6 4 2 4 4 3 4 6 3 6 6 3 4 12 7
175
0
48 64 57 76 55 87 38 66 87 70 59 49 43 68 64 73 33 55 53 74
176
0
43 30 23 37 41 54 38 26 28 28 23 26 38 39 36 39 20 36 40 45
177
0
107 105 116 74 83 130 123 63 73 85 83 109 94 77 86 88 78 98 72 99
178
0
18 13 18 9 16 18 27 21 17 23 23 18 28 20 23 15 11 18 19 18
179
0
138 81 132 109 103 105 89 131 118 107 125 139 108 106 108 102 110 94 90 131
180
0
74 76 71 63 58 44 77 65 48 87 91 56 64 70 86 51 50 61 57 79
181
0
24 25 13 20 21 24 24 29 11 21 21 28 16 37 27 15 23 33 15 16
182
0
29 25 15 23 25 25 25 29 19 20 32 20 17 32 23 17 29 37 35 26
183
0
13 11 7 6 9 7 18 11 9 12 10 12 8 8 8 12 14 15 15 10
184
0
149 115 114 132 112 110 106 86 130 129 131 96 164 136 138 126 106 145 128 86
185
0
140 106 116 123 115 110 103 104 86 99 80 88 80 132 160 111 158 125 130 116
186
0
21 21 25 27 18 34 22 18 26 23 13 16 29 19 38 27 22 15 19 13
187
0
173 198 148 136 178 203 150 138 135 169 183 157 168 156 174 170 141 147 202 118
188
0
104 76 114 96 92 88 87 78 66 92 100 91 90 113 92 89 87 80 113 108
189
0
21 21 37 21 30 13 33 22 20 25 28 34 19 13 37 24 20 24 22 26
190
0
26 21 20 24 20 26 24 16 18 18 25 12 19 14 22 21 22 23 15 22
191
0
55 63 58 47 79 26 76 58 46 58 41 50 89 40 50 49 65 57 57 54
192
0
77 85 77 54 72 83 91 70 128 94 77 130 75 90 69 68 84 62 100 89
193
0
1 1 1 1 1 1 1 1 1 1 1 1 1 1 1 1 1 1 1 1
194
0
43 32 60 25 48 30 50 39 31 27 35 35 46 34 35 44 44 32 43 31
195
0
16 28 27 23 29 28 31 15 26 20 16 19 21 19 26 17 22 21 27 27
196
0
13 13 6 5 9 8 10 9 10 17 15 14 7 11 14 10 10 9 6 13
197
0
158 123 131 135 125 137 118 101 129 134 124 128 121 103 159 116 156 129 154 185
198
0
7 5 3 7 7 7 15 8 14 7 5 9 12 6 6 6 8 6 8 8
199
0
165 161 91 162 143 156 180 177 108 161 149 164 119 158 138 141 164 127 151 159
