100
5
418204
0
0
33 16 37 10 29
1
0
37 15 26 26 14
2
0
40 13 36 18 13
3
0
36 14 37 24 23
4
0
29 17 56 16 28
5
0
18 14 38 29 22
6
0
23 12 31 10 18
7
0
26 16 44 20 24
8
0
23 15 55 25 25
9
0
30 16 43 28 28
10
0
30 16 44 19 18
11
0
35 5 36 22 16
12
0
40 10 35 25 16
13
0
42 11 33 16 10
14
0
38 21 38 26 26
15
0
32 16 50 38 15
16
0
24 14 30 21 14
17
0
20 12 35 18 12
18
0
21 8 54 15 19
19
0
30 18 31 17 14
20
0
27 10 57 17 20
21
0
24 12 37 19 18
22
0
24 13 37 33 9
23
0
15 16 49 19 14
24
0
34 18 57 12 21
25
0
24 21 46 12 13
26
0
28 11 44 28 22
27
0
19 17 43 20 11
28
0
32 12 31 17 21
29
0
20 14 45 17 29
30
0
37 12 61 18 21
31
0
23 23 58 15 26
32
0
34 19 56 19 24
33
0
53 17 48 26 19
34
0
27 11 28 19 18
35
0
39 8 30 16 21
36
0
29 18 45 29 18
37
0
25 15 27 20 10
38
0
29 24 34 29 16
39
0
25 16 66 22 24
40
0
14 12 41 21 29
41
0
26 18 28 17 18
42
0
34 13 33 19 16
43
0
32 9 55 24 24
44
0
32 20 51 18 26
45
0
22 20 36 36 12
46
0
34 22 26 16 21
47
0
22 26 43 23 20
48
0
23 16 46 18 20
49
0
16 15 40 28 18
50
0
24 9 62 26 22
51
0
51 10 53 17 21
52
0
27 16 52 14 21
53
0
30 8 34 21 11
54
0
30 10 77 25 14
55
0
28 14 29 26 21
56
0
33 14 38 12 26
57
0
22 12 43 17 24
58
0
31 21 26 30 12
59
0
32 14 58 16 21
60
0
28 10 42 17 17
61
0
28 13 43 12 15
62
0
39 12 47 21 17
63
0
25 12 33 26 23
64
0
30 10 34 17 13
65
0
28 18 34 11 20
66
0
33 19 35 26 24
67
0
43 16 40 21 35
68
0
29 12 46 23 13
69
0
36 20 39 20 18
70
0
31 19 31 14 15
71
0
21 19 29 22 7
72
0
22 16 35 31 11
73
0
18 17 24 17 17
74
0
43 9 53 28 20
75
0
40 12 41 16 12
76
0
29 24 46 25 15
77
0
21 15 52 20 22
78
0
31 14 38 21 20
79
0
34 12 33 21 15
80
0
28 13 39 17 21
81
0
30 23 33 15 21
82
0
35 10 47 33 15
83
0
29 27 39 22 17
84
0
21 12 38 12 28
85
0
27 22 41 21 19
86
0
23 14 49 16 22
87
0
25 16 30 17 15
88
0
24 13 40 23 23
89
0
21 14 49 17 36
90
0
27 19 29 32 14
91
0
20 17 24 21 21
92
0
22 14 48 21 18
93
0
25 12 40 22 17
94
0
39 7 32 33 18
95
0
16 10 47 23 14
96
0
36 12 44 13 26
97
0
34 17 36 18 18
98
0
34 16 32 19 14
99
0
31 9 40 24 23
