30
10
419927
0
0
40 43 26 49 64 57 26 33 40 45
1
0
51 39 42 46 58 56 44 43 45 25
2
0
7 3 3 2 4 5 5 4 13 7
3
0
32 29 16 21 20 36 32 33 27 33
4
0
32 43 27 34 43 38 41 22 41 28
5
0
66 53 83 68 38 57 74 69 71 61
6
0
43 40 42 50 59 41 47 50 27 52
7
0
53 71 60 55 57 48 71 48 83 58
8
0
17 15 31 11 17 15 16 21 26 25
9
0
213 251 176 220 221 186 266 229 231 219
10
0
31 51 39 26 32 35 49 46 56 41
11
0
26 19 50 22 33 26 41 21 25 16
12
0
135 211 157 164 119 152 184 126 127 157
13
0
10 7 12 10 9 9 8 9 15 10
14
0
76 82 118 81 87 93 96 66 71 80
15
0
88 38 55 55 57 39 54 53 51 71
16
0
53 59 50 43 42 41 30 60 36 54
17
0
66 81 79 72 69 78 80 72 71 68
18
0
35 71 48 37 54 47 41 40 35 44
19
0
8 4 5 16 7 6 8 9 9 6
20
0
42 26 29 27 42 29 44 25 31 24
21
0
11 12 7 11 13 14 10 10 23 10
22
0
464 406 348 368 389 405 408 460 355 362
23
0
16 26 19 15 18 22 20 12 34 22
24
0
3 12 5 5 4 6 10 8 5 8
25
0
6 13 10 13 20 12 15 19 22 17
26
0
42 34 51 38 34 32 43 37 27 34
27
0
33 41 24 65 43 42 28 44 44 55
28
0
18 23 13 13 17 20 22 25 17 29
29
0
5 9 5 8 6 6 7 4 5 8
