30
20
221647
0
0
39 180 37 147 31 14 2 100 4 272 45 8 6 48 189 8 173 12 41 16
1
0
39 164 19 124 26 28 3 97 4 255 41 9 9 30 173 9 151 15 37 19
2
0
46 198 31 167 51 26 2 71 3 273 57 14 7 39 233 9 150 13 48 18
3
0
28 166 23 144 26 32 4 95 3 232 36 9 7 53 206 5 184 11 44 19
4
0
23 204 24 167 18 28 4 94 5 292 67 7 5 67 224 18 169 21 31 17
5
0
30 179 17 131 19 23 3 73 5 223 46 8 4 43 201 11 132 10 52 14
6
0
22 223 33 141 34 19 2 89 3 246 50 15 7 54 170 6 161 13 45 29
7
0
32 173 31 131 40 19 3 111 3 212 35 12 3 44 200 9 162 17 39 31
8
0
28 212 33 137 38 32 4 68 9 242 55 12 4 40 198 12 183 9 33 23
9
0
31 156 29 114 36 17 3 98 5 197 55 12 6 45 231 16 168 14 44 22
10
0
34 165 31 145 32 27 3 131 4 268 34 6 3 40 251 6 129 10 55 14
11
0
44 190 20 146 36 29 3 82 6 189 46 10 5 57 177 10 132 6 36 19
12
0
51 197 26 139 37 19 3 111 4 234 38 9 6 60 171 19 156 16 63 24
13
0
36 177 43 123 34 21 2 102 2 257 46 11 7 41 235 15 148 13 50 14
14
0
45 188 12 130 29 38 3 83 6 229 38 11 11 62 196 10 151 16 33 26
15
0
25 167 31 133 17 20 5 72 2 210 30 7 4 42 218 6 138 8 78 19
16
0
21 161 29 139 38 26 2 81 6 265 52 12 2 70 194 16 177 9 70 20
17
0
24 187 28 151 26 26 1 71 7 250 30 4 6 77 176 14 156 11 69 24
18
0
46 195 27 126 37 20 3 68 6 254 44 17 8 54 212 16 159 12 38 29
19
0
46 217 27 163 29 26 4 62 9 224 57 9 9 41 225 10 158 11 32 14
20
0
30 150 25 144 22 33 3 98 7 292 41 11 5 44 170 5 176 18 34 14
21
0
33 195 24 131 28 22 5 80 6 243 66 9 3 45 195 14 171 25 50 19
22
0
31 211 24 133 36 25 2 85 2 265 64 9 3 59 233 11 132 10 43 17
23
0
28 154 25 151 26 35 2 83 8 271 45 7 2 39 208 8 181 12 43 17
24
0
31 182 36 114 27 27 1 62 5 195 41 7 5 52 183 13 152 5 56 14
25
0
31 202 19 161 25 22 2 123 4 230 37 7 5 40 187 11 192 19 55 17
26
0
37 179 26 116 21 23 4 87 4 266 50 8 4 65 192 10 152 10 41 14
27
0
30 178 15 129 34 19 3 80 4 229 52 7 9 55 158 12 180 10 39 25
28
0
30 169 28 174 32 29 2 102 4 249 57 6 4 53 160 8 161 15 50 23
29
0
34 195 16 110 42 24 1 117 7 190 56 11 5 62 170 10 138 15 34 17
