50
5
223660
0
0
30 58 134 10 11
1
0
18 66 143 5 7
2
0
23 55 108 8 11
3
0
26 49 127 9 14
4
0
22 57 121 4 15
5
0
36 92 108 6 13
6
0
18 71 117 3 19
7
0
29 58 123 6 13
8
0
20 64 97 11 6
9
0
36 56 117 6 11
10
0
11 79 116 8 10
11
0
27 57 125 4 6
12
0
23 71 157 5 8
13
0
22 48 96 11 12
14
0
20 92 125 5 7
15
0
23 65 153 4 18
16
0
21 62 144 6 14
17
0
24 47 105 11 11
18
0
21 53 117 6 9
19
0
20 79 180 6 14
20
0
14 52 128 4 6
21
0
27 81 128 9 7
22
0
14 40 134 8 9
23
0
15 55 124 10 22
24
0
11 67 148 4 10
25
0
13 37 134 10 14
26
0
18 73 109 5 13
27
0
21 51 102 12 6
28
0
19 60 111 5 10
29
0
20 53 145 6 15
30
0
23 47 119 7 12
31
0
13 61 127 5 9
32
0
25 55 130 5 8
33
0
17 56 93 5 15
34
0
12 57 160 5 8
35
0
27 46 120 7 16
36
0
16 52 122 7 9
37
0
19 49 122 6 11
38
0
18 51 105 6 7
39
0
19 44 139 4 10
40
0
12 39 118 8 10
41
0
20 53 119 7 10
42
0
26 53 120 9 18
43
0
14 67 101 12 10
44
0
25 55 102 10 12
45
0
25 64 108 8 16
46
0
23 39 80 6 10
47
0
27 82 140 5 13
48
0
24 60 128 10 10
49
0
23 75 138 13 9
