200
20
487590
0
0
30 34 36 32 38 29 27 34 44 32 28 30 27 31 36 33 33 29 14 28
1
0
44 61 56 52 49 62 54 40 55 51 45 58 50 45 71 51 71 77 36 43
2
0
20 19 25 24 23 16 24 27 28 22 10 19 21 24 15 18 28 29 18 19
3
0
29 43 35 45 40 47 48 38 32 40 35 38 41 43 40 38 52 41 53 59
4
0
12 15 17 9 13 13 10 16 16 15 12 17 11 20 21 21 18 7 21 24
5
0
29 29 18 28 36 17 26 28 29 25 24 28 26 16 31 28 30 29 32 35
6
0
64 49 51 42 64 66 62 56 58 39 48 80 56 54 76 47 56 73 45 42
7
0
21 16 14 19 8 16 13 20 15 21 10 10 8 17 15 13 17 13 12 10
8
0
16 19 13 15 16 12 21 13 13 16 21 18 14 18 26 19 17 14 13 12
9
0
35 45 52 50 49 28 33 28 33 44 29 34 31 44 47 21 35 29 31 33
10
0
21 39 35 60 53 39 43 28 30 35 40 29 25 18 19 38 35 39 43 37
11
0
61 31 54 44 40 36 29 46 34 32 28 49 52 55 46 30 29 33 48 43
12
0
209 223 131 166 177 157 178 159 150 183 182 212 139 236 254 156 173 209 184 177
13
0
9 16 11 12 7 9 9 16 17 13 14 15 13 11 6 7 8 17 7 7
14
0
101 139 93 80 130 114 109 124 106 85 120 147 123 114 97 122 108 92 98 121
15
0
103 70 73 75 96 74 93 78 90 84 61 93 76 85 54 81 55 82 96 86
16
0
6 14 4 9 6 15 6 10 7 10 8 7 7 8 8 26 11 12 15 6
17
0
14 12 16 23 20 16 12 20 26 20 19 29 14 18 19 17 25 16 16 14
18
0
194 174 178 146 166 162 194 185 198 149 204 136 149 153 111 194 176 199 203 177
19
0
25 31 27 15 25 22 28 21 41 23 39 18 24 23 28 26 20 23 25 26
20
0
59 40 50 40 55 37 44 34 38 28 57 35 52 56 50 46 31 42 45 41
21
0
13 35 29 36 30 23 27 26 17 29 25 19 20 37 37 31 47 10 36 27
22
0
53 48 54 49 51 74 47 46 55 57 46 54 39 62 53 58 56 65 61 49
23
0
33 39 43 63 37 57 56 37 36 74 35 37 34 36 48 46 32 48 53 30
24
0
31 34 39 36 15 32 52 37 41 50 40 40 21 33 36 29 49 33 27 50
25
0
238 249 228 239 206 271 233 207 263 274 232 197 234 199 251 188 242 288 243 222
26
0
52 37 70 39 61 36 48 42 41 65 54 39 60 68 54 43 63 37 68 49
27
0
17 7 11 8 11 17 17 13 10 16 7 11 13 9 10 13 8 7 10 16
28
0
88 62 70 57 66 41 67 65 51 85 82 59 52 64 59 76 40 75 67 59
29
0
23 26 18 24 18 18 33 10 30 37 16 28 26 24 19 21 26 19 18 37
30
0
28 39 27 22 18 16 40 17 13 21 27 27 23 32 20 32 23 35 22 17
31
0
44 51 46 43 69 47 47 64 51 45 39 28 49 46 39 41 48 36 47 49
32
0
3 15 15 9 11 10 16 21 8 10 7 22 11 21 13 16 16 11 24 9
33
0
17 23 18 19 16 20 19 17 26 28 16 18 17 20 21 10 16 19 14 20
34
0
167 141 122 143 171 161 101 154 156 140 191 114 186 118 115 116 166 118 154 113
35
0
22 14 19 18 17 12 13 14 11 17 14 20 21 24 16 17 13 20 18 17
36
0
3 3 4 4 3 1 2 4 4 5 3 4 4 5 2 3 3 3 5 4
37
0
67 54 23 56 47 36 36 55 44 37 44 59 51 82 45 40 41 44 57 58
38
0
30 22 42 23 35 22 41 30 38 35 24 47 35 23 32 28 27 24 35 41
39
0
5 5 4 3 5 7 2 2 5 6 5 1 2 5 6 6 3 3 3 5
40
0
12 25 14 17 23 17 17 12 16 13 11 16 17 22 14 18 20 13 13 15
41
0
211 212 192 180 206 216 184 184 135 188 156 180 184 216 215 168 186 159 190 161
42
0
67 68 71 56 52 65 49 44 71 58 60 65 58 56 58 52 39 51 49 26
43
0
13 29 19 35 16 31 16 25 17 13 24 24 23 29 17 32 18 26 35 28
44
0
26 39 49 30 22 39 29 40 45 50 28 32 43 35 35 27 24 31 25 23
45
0
106 123 75 89 76 84 96 60 81 101 146 71 93 76 82 82 92 100 91 78
46
0
46 91 68 47 66 87 57 56 90 42 55 83 67 54 61 88 89 64 60 54
47
0
119 110 123 120 95 139 121 125 131 122 135 125 101 102 149 85 128 107 84 147
48
0
5 6 4 8 7 9 9 5 7 7 9 4 7 3 6 5 7 6 5 7
49
0
78 63 105 67 68 101 78 71 98 76 63 97 107 75 86 76 82 88 68 74
50
0
104 85 97 145 93 103 106 124 136 64 107 111 107 90 107 90 94 119 102 138
51
0
121 89 112 98 107 95 103 91 103 87 95 72 95 84 102 86 96 111 83 95
52
0
2 3 2 3 2 2 1 2 2 2 2 1 2 1 2 3 2 4 3 2
53
0
32 33 30 34 33 32 34 46 25 32 43 42 20 42 31 37 37 28 29 40
54
0
66 83 70 82 68 58 98 70 75 69 60 81 103 71 58 71 101 68 89 59
55
0
13 9 5 6 6 9 9 12 11 7 9 8 6 10 7 17 8 16 10 16
56
0
37 30 30 49 27 50 43 45 43 32 49 51 43 50 43 28 56 42 41 37
57
0
9 23 6 11 23 21 16 14 13 9 14 16 31 25 26 21 14 34 14 24
58
0
66 83 70 75 69 110 95 56 63 71 72 68 70 85 96 64 82 90 83 69
59
0
130 143 121 145 120 113 132 112 151 101 133 110 131 119 156 132 90 105 140 113
60
0
47 53 54 69 68 83 55 76 57 57 68 67 75 52 73 69 49 80 56 71
61
0
3 11 11 9 8 5 7 9 6 5 12 9 7 6 7 8 7 6 9 5
62
0
14 12 19 16 21 14 21 18 18 21 25 26 19 14 20 22 13 10 11 12
63
0
74 109 94 99 73 91 72 90 125 99 80 101 92 88 96 96 104 90 99 133
64
0
23 17 31 18 24 23 16 24 28 29 15 31 28 41 17 23 19 19 20 21
65
0
28 33 31 28 14 14 26 29 29 26 20 21 19 19 26 27 22 18 26 31
66
0
35 31 31 39 58 42 41 61 35 28 40 32 40 31 28 36 43 48 36 28
67
0
1 1 1 1 1 1 1 1 1 3 1 1 1 2 1 2 1 2 1 1
68
0
33 28 51 31 34 54 56 40 60 45 35 77 62 52 40 43 46 48 51 52
69
0
19 21 16 13 8 10 18 22 17 23 9 27 15 16 11 21 18 26 18 12
70
0
51 48 56 53 43 46 56 51 56 53 53 49 50 50 62 43 44 57 44 56
71
0
28 19 30 20 34 36 28 17 23 18 16 28 26 29 16 27 30 21 25 20
72
0
61 47 46 56 29 29 32 42 29 32 36 32 47 24 48 46 49 35 39 38
73
0
38 81 45 47 62 43 91 43 69 49 35 53 63 83 43 54 40 44 55 53
74
0
148 203 202 186 121 173 169 189 138 141 146 183 177 165 170 176 140 180 162 149
75
0
4 8 10 12 3 4 9 2 5 4 3 5 9 9 11 5 2 8 7 6
76
0
12 19 16 16 20 12 14 13 12 16 21 24 17 19 9 11 10 16 9 13
77
0
5 3 6 4 6 4 6 2 5 6 4 3 5 3 5 2 7 3 3 4
78
0
39 75 71 47 47 79 33 49 40 44 43 41 53 44 43 44 38 52 41 34
79
0
94 114 118 124 141 85 108 116 97 125 94 144 93 103 72 117 151 118 110 96
80
0
1 2 1 1 1 1 1 1 2 1 2 1 1 1 2 1 1 1 1 1
81
0
26 14 28 22 14 22 19 15 18 25 17 19 18 16 20 22 15 17 15 16
82
0
220 208 160 216 206 149 214 171 207 169 178 197 215 204 195 289 221 176 197 175
83
0
32 32 23 31 55 37 32 28 40 25 31 27 33 47 30 29 39 22 47 22
84
0
21 31 27 23 24 27 16 24 37 36 24 21 33 27 39 26 38 28 27 31
85
0
40 40 60 48 49 51 50 61 43 44 40 36 45 57 49 47 33 41 42 32
86
0
70 65 73 69 71 72 63 47 64 87 60 93 51 80 59 72 66 60 63 48
87
0
11 28 13 23 9 22 14 21 16 15 17 19 13 12 14 13 5 19 9 12
88
0
8 9 6 7 6 9 6 9 10 10 5 15 5 9 6 12 4 7 6 16
89
0
1 1 1 1 1 1 1 2 1 1 1 1 1 1 1 1 1 1 1 1
90
0
41 24 30 33 35 41 47 39 44 43 47 42 43 37 46 43 39 34 36 35
91
0
71 123 107 100 99 87 115 104 92 113 124 100 89 112 97 108 123 92 131 114
92
0
6 4 5 7 3 1 5 2 8 3 12 5 4 4 3 4 3 7 9 7
93
0
64 40 45 61 54 62 51 54 48 61 54 42 49 63 80 55 53 52 62 69
94
0
13 12 16 16 20 21 14 14 11 12 20 22 13 19 20 16 13 15 15 11
95
0
5 9 11 13 7 5 9 16 14 7 16 12 5 12 22 10 9 12 11 6
96
0
26 26 15 21 20 34 21 28 22 17 35 39 16 19 24 17 28 19 22 14
97
0
46 42 31 29 32 25 15 31 32 21 21 27 15 22 28 32 24 33 33 25
98
0
17 29 26 19 37 29 22 22 29 19 25 18 23 32 15 17 16 27 17 30
99
0
48 32 31 28 41 27 27 45 49 27 30 36 41 49 37 31 29 31 44 31
100
0
34 21 34 38 28 40 32 45 28 38 46 52 47 43 30 47 51 38 59 38
101
0
53 25 35 33 27 37 28 38 34 30 34 21 41 19 31 20 21 29 24 55
102
0
73 52 102 72 103 65 79 80 82 87 98 68 99 98 92 84 66 86 95 89
103
0
3 2 1 1 2 2 1 1 2 2 1 2 2 1 1 1 2 1 2 2
104
0
14 15 10 10 11 14 16 8 12 9 5 19 15 12 9 27 7 12 7 13
105
0
5 10 11 4 7 11 10 10 5 6 12 9 7 6 14 11 12 8 7 12
106
0
125 100 102 137 170 103 114 126 170 133 106 129 129 118 161 114 106 82 136 99
107
0
68 65 74 68 53 52 54 76 80 53 61 65 87 74 62 65 57 80 62 58
108
0
5 4 3 5 2 6 6 6 7 6 7 3 3 4 4 9 5 2 5 4
109
0
11 13 9 7 7 11 12 11 16 12 7 9 8 8 15 11 5 11 8 10
110
0
75 60 70 66 67 86 78 54 70 51 65 69 65 59 66 69 56 60 52 59
111
0
131 175 158 182 137 169 134 152 187 154 182 140 113 153 110 170 142 137 113 182
112
0
43 29 29 39 33 49 42 48 36 30 35 47 53 45 29 32 44 37 51 23
113
0
15 13 13 10 11 20 10 12 11 17 13 18 8 8 10 13 13 9 12 12
114
0
230 212 178 239 235 208 200 247 215 234 180 222 227 231 179 195 211 237 217 286
115
0
6 5 4 4 4 5 4 8 7 6 4 9 3 7 7 6 6 6 4 5
116
0
121 104 117 113 137 128 144 105 139 135 109 137 121 138 133 117 103 160 129 108
117
0
75 68 59 76 45 65 97 43 63 63 81 61 41 68 49 77 48 63 51 39
118
0
80 66 70 71 84 64 77 73 103 61 77 86 80 69 72 75 85 86 61 75
119
0
2 1 1 2 1 1 1 3 1 1 2 3 1 1 1 1 2 1 2 2
120
0
74 64 80 67 102 86 69 96 76 75 60 60 77 90 68 46 61 89 55 77
121
0
41 29 47 47 22 44 37 30 24 31 28 29 40 51 42 27 40 29 32 27
122
0
135 144 168 163 170 132 152 158 130 154 138 169 215 182 134 130 167 150 189 171
123
0
49 31 41 46 35 47 39 40 31 50 51 41 34 31 41 38 45 40 41 43
124
0
14 20 30 41 23 18 25 14 15 26 12 15 15 20 17 15 30 21 16 35
125
0
3 6 7 4 8 9 7 7 10 7 8 6 8 7 4 9 11 4 7 5
126
0
56 50 42 65 81 45 50 68 49 63 106 65 61 73 71 50 58 78 46 76
127
0
177 140 132 157 148 176 211 208 158 129 176 174 147 117 133 166 186 128 166 170
128
0
7 15 34 14 16 14 12 12 14 16 13 20 12 9 11 12 18 20 13 21
129
0
18 16 17 37 23 28 28 28 36 14 25 18 29 25 34 20 21 29 28 22
130
0
8 7 12 8 6 8 3 8 7 6 7 3 12 5 11 8 4 9 6 11
131
0
29 27 36 26 17 20 29 25 21 28 18 17 12 32 31 27 32 21 29 16
132
0
59 65 63 60 57 60 80 52 63 74 91 85 47 44 72 55 79 67 91 63
133
0
13 10 11 8 3 10 12 13 11 10 7 9 7 12 12 9 11 10 7 8
134
0
11 10 15 8 10 8 7 7 12 12 8 9 9 9 11 8 6 8 10 19
135
0
20 31 43 17 15 21 19 27 21 21 21 30 32 17 17 23 14 19 29 38
136
0
49 61 51 54 67 49 71 71 65 51 67 74 60 60 93 55 63 63 82 56
137
0
6 4 5 4 4 5 7 3 8 4 3 3 4 3 3 2 3 8 4 2
138
0
59 53 42 44 51 38 40 70 41 47 39 34 41 80 48 57 29 41 55 28
139
0
50 46 55 38 31 46 42 65 38 57 52 67 37 30 55 59 44 50 44 40
140
0
37 52 48 62 50 61 61 41 56 60 49 43 62 46 58 53 75 31 53 69
141
0
14 15 8 14 17 18 8 11 11 20 14 11 11 8 14 9 11 11 13 11
142
0
80 112 121 93 98 80 88 77 89 128 92 122 103 107 83 96 92 100 70 76
143
0
7 15 4 3 7 6 13 6 10 4 8 8 10 9 5 11 6 6 5 9
144
0
31 33 44 30 35 47 23 24 43 60 34 50 34 47 26 26 46 40 29 35
145
0
61 63 77 91 68 116 105 82 89 83 69 60 79 85 102 94 107 87 69 102
146
0
6 13 7 8 13 5 9 8 6 5 8 4 4 9 5 5 4 8 4 6
147
0
7 9 11 14 7 10 14 5 12 12 5 15 11 10 10 8 10 7 6 10
148
0
52 56 48 36 49 60 41 61 55 48 45 49 43 57 35 47 52 50 28 51
149
0
120 132 122 109 92 152 158 136 148 154 119 159 166 136 113 116 118 97 130 161
150
0
26 21 18 20 11 28 31 32 24 27 24 15 23 17 18 16 13 25 17 21
151
0
122 133 156 173 83 144 132 144 139 125 129 126 127 99 119 126 129 113 126 113
152
0
70 68 58 88 82 77 81 79 79 75 69 91 75 58 66 70 68 83 93 84
153
0
16 17 20 36 28 47 15 22 38 21 38 38 15 33 24 25 16 32 28 22
154
0
13 14 13 16 13 18 10 12 9 17 15 17 11 6 24 11 17 14 13 19
155
0
74 77 59 57 70 62 77 76 83 65 63 81 66 65 107 48 78 55 41 79
156
0
22 21 29 13 20 28 11 28 10 21 13 28 24 25 14 14 31 18 22 29
157
0
58 57 47 42 47 43 47 66 52 66 72 55 42 40 73 75 72 48 51 62
158
0
85 70 80 55 50 52 81 63 78 70 57 56 60 53 59 57 59 68 105 62
159
0
1 1 1 1 1 1 2 2 1 1 1 1 1 1 1 2 1 1 1 1
160
0
38 42 26 32 41 47 47 27 49 32 35 39 53 43 31 42 28 41 30 49
161
0
48 35 65 93 53 46 49 66 46 65 66 65 79 53 60 67 66 83 62 54
162
0
27 25 23 24 22 22 8 21 41 13 20 18 18 21 35 18 17 19 23 18
163
0
18 39 38 33 25 33 33 32 39 26 21 36 38 23 30 33 13 36 22 41
164
0
8 6 13 9 11 15 9 6 6 8 6 7 9 9 3 8 9 16 15 10
165
0
146 103 125 122 124 90 121 123 104 90 92 133 95 137 89 103 140 115 116 111
166
0
36 30 26 32 30 31 48 26 35 52 34 26 23 27 42 48 58 43 36 34
167
0
23 16 13 12 18 18 10 16 24 14 10 17 12 15 15 9 19 16 16 20
168
0
5 3 3 3 3 3 1 3 3 4 5 3 2 5 4 3 3 2 3 6
169
0
48 71 46 78 62 54 51 54 48 68 35 50 40 38 51 46 47 64 66 52
170
0
225 273 229 266 262 203 274 248 247 197 236 235 282 241 212 239 272 208 235 233
171
0
50 36 46 37 23 34 24 35 46 32 25 31 42 26 27 42 35 42 42 44
172
0
132 134 115 120 138 116 133 100 131 130 117 111 154 134 148 140 122 102 121 120
173
0
68 41 52 40 70 68 55 49 77 59 38 70 76 60 60 46 54 25 63 56
174
0
78 60 86 52 62 47 78 77 80 80 46 87 79 76 61 69 65 81 70 67
175
0
54 51 53 60 49 52 58 54 53 54 64 44 41 46 72 61 47 48 61 53
176
0
51 33 60 61 38 43 58 68 35 64 40 41 42 37 43 44 41 36 48 63
177
0
16 10 11 11 7 8 8 12 12 17 7 9 7 15 13 7 24 7 11 9
178
0
9 11 6 4 4 13 7 7 6 7 7 5 8 6 8 7 4 4 6 9
179
0
14 16 14 8 14 20 13 17 14 11 22 12 17 17 11 13 12 13 9 16
180
0
18 20 9 19 17 21 15 21 12 17 18 26 19 16 23 20 23 14 12 21
181
0
274 232 247 303 229 222 239 218 191 197 282 236 270 246 268 293 224 241 230 254
182
0
170 135 110 115 161 132 113 123 130 163 158 202 130 137 114 157 112 115 101 166
183
0
50 41 26 44 41 35 42 43 52 55 68 29 55 47 44 43 40 53 40 46
184
0
5 13 11 11 12 14 12 19 16 11 12 11 12 8 9 10 7 14 22 12
185
0
16 24 22 23 13 25 17 18 11 14 16 19 16 21 19 18 13 12 12 14
186
0
71 51 55 64 61 58 57 46 47 48 53 60 49 51 60 54 57 40 56 60
187
0
37 56 51 25 31 23 43 48 33 36 39 55 31 34 49 61 37 36 47 43
188
0
31 56 36 67 42 21 49 30 38 50 31 61 52 39 35 40 60 51 31 48
189
0
7 5 3 10 9 8 5 8 4 6 5 7 6 5 10 10 9 6 6 5
190
0
32 22 21 26 42 30 41 31 30 29 20 20 27 41 43 33 25 24 32 32
191
0
43 48 66 35 35 47 45 29 38 42 41 33 48 57 34 67 53 42 37 51
192
0
19 9 10 14 11 13 20 15 24 10 18 14 8 16 11 13 15 22 19 14
193
0
19 17 21 20 6 13 14 14 15 14 20 10 12 14 18 11 19 16 13 16
194
0
164 135 123 156 132 130 141 119 136 149 162 145 163 173 165 125 131 174 153 147
195
0
56 114 80 48 54 45 84 64 56 64 75 62 54 78 52 65 58 83 59 77
196
0
200 209 195 231 228 201 209 182 194 183 182 211 212 211 206 202 234 245 180 197
197
0
10 12 10 6 9 9 10 8 15 13 7 19 12 5 7 10 8 18 10 11
198
0
91 132 66 138 109 71 119 105 110 101 123 95 114 139 135 97 113 106 107 137
199
0
103 101 102 116 132 115 115 120 101 121 87 99 158 118 136 90 118 123 131 83
