100
5
739523
0
0
158 142 13 33 123
1
0
151 106 77 181 34
2
0
2 67 31 182 199
3
0
18 36 30 86 54
4
0
301 122 116 27 23
5
0
8 23 15 101 139
6
0
5 51 28 20 158
7
0
69 6 30 40 73
8
0
133 16 24 70 28
9
0
15 71 11 6 41
10
0
86 53 68 49 40
11
0
106 130 17 99 8
12
0
112 43 53 55 25
13
0
48 57 53 84 45
14
0
70 269 109 17 8
15
0
28 235 17 15 6
16
0
20 54 66 39 40
17
0
11 10 37 3 60
18
0
11 72 16 70 6
19
0
14 13 157 76 5
20
0
5 10 29 11 9
21
0
44 49 37 241 39
22
0
59 29 84 62 51
23
0
9 13 50 39 117
24
0
71 70 32 14 19
25
0
3 19 31 26 52
26
0
6 94 22 127 44
27
0
24 47 66 112 9
28
0
9 34 69 40 126
29
0
141 30 2 12 20
30
0
20 16 50 54 39
31
0
74 94 29 21 35
32
0
51 59 94 52 53
33
0
50 51 14 73 11
34
0
9 53 30 53 4
35
0
13 48 44 12 26
36
0
156 0 50 86 47
37
0
6 32 46 12 8
38
0
106 15 0 62 70
39
0
151 4 39 28 26
40
0
59 20 93 11 74
41
0
44 1 1 83 156
42
0
111 13 161 41 7
43
0
12 15 53 9 35
44
0
89 38 7 0 70
45
0
146 46 46 1 26
46
0
9 7 1 6 11
47
0
28 102 52 49 93
48
0
137 77 13 155 50
49
0
26 67 5 121 20
50
0
21 79 31 23 193
51
0
7 41 21 195 85
52
0
19 40 32 4 105
53
0
71 177 37 18 17
54
0
9 22 2 17 145
55
0
18 57 55 5 150
56
0
100 15 1 31 170
57
0
6 31 3 78 4
58
0
38 116 18 11 7
59
0
34 60 13 1 3
60
0
18 29 16 28 22
61
0
2 47 6 1 19
62
0
14 23 54 41 15
63
0
39 234 31 43 289
64
0
9 25 18 46 4
65
0
3 12 40 8 42
66
0
30 46 24 95 40
67
0
50 21 35 58 64
68
0
93 27 111 12 68
69
0
0 42 8 65 5
70
0
25 6 26 1 2
71
0
2 67 29 48 28
72
0
109 8 6 40 10
73
0
56 10 28 139 32
74
0
33 84 3 65 8
75
0
61 16 114 22 23
76
0
8 55 12 35 23
77
0
43 5 15 11 89
78
0
4 12 36 6 77
79
0
85 32 28 28 35
80
0
149 1 62 16 123
81
0
8 32 17 24 50
82
0
138 48 43 3 2
83
0
81 28 4 9 81
84
0
69 29 38 24 15
85
0
130 32 11 14 15
86
0
20 17 2 22 3
87
0
0 17 77 6 155
88
0
34 110 25 29 18
89
0
20 1 178 2 33
90
0
115 220 141 54 8
91
0
32 9 18 29 41
92
0
9 6 21 10 11
93
0
179 0 276 93 99
94
0
57 30 75 82 102
95
0
2 408 5 57 64
96
0
97 4 41 16 20
97
0
40 13 36 27 69
98
0
35 18 40 64 8
99
0
160 107 57 11 69
