50
20
506246
0
0
21 18 11 17 7 15 19 26 17 11 25 18 26 21 25 20 17 9 21 14
1
0
38 33 27 36 38 56 29 40 59 48 21 42 42 29 39 32 42 41 49 41
2
0
42 19 23 17 34 42 26 26 19 26 19 32 24 30 24 21 29 23 23 31
3
0
33 22 30 39 21 40 30 19 19 24 26 31 29 20 31 35 28 43 25 35
4
0
46 36 44 45 61 61 36 60 37 42 36 41 67 53 59 50 47 52 50 42
5
0
14 8 6 13 10 13 18 10 8 9 16 14 17 13 13 9 10 10 7 23
6
0
9 3 6 8 13 7 12 8 7 10 12 11 18 5 11 10 16 8 13 17
7
0
92 84 99 79 78 88 93 76 90 92 80 60 72 68 85 77 123 87 62 82
8
0
28 21 31 26 25 29 27 20 37 17 32 39 22 20 21 33 20 19 18 14
9
0
56 52 62 59 42 63 56 60 47 78 63 47 53 59 67 53 64 60 51 55
10
0
23 35 22 43 49 37 43 30 29 32 29 34 23 27 57 39 29 31 25 35
11
0
73 42 68 64 46 64 59 56 54 71 98 63 73 93 66 61 66 74 66 59
12
0
35 53 26 19 27 24 32 33 24 25 26 29 19 33 15 20 32 19 23 30
13
0
36 38 22 45 25 33 32 24 25 24 37 44 42 23 34 27 31 25 36 37
14
0
120 145 118 114 124 136 108 125 153 105 134 145 125 131 126 119 132 137 141 126
15
0
36 36 28 30 38 18 29 26 41 45 27 28 32 28 48 28 28 27 38 25
16
0
34 30 25 26 14 47 33 36 26 19 27 18 25 14 23 19 22 49 26 32
17
0
22 22 17 22 14 15 9 17 11 15 21 13 28 12 11 19 15 25 18 20
18
0
28 24 22 23 18 13 21 28 36 19 17 25 21 16 23 22 17 17 28 17
19
0
21 17 22 19 25 18 15 12 27 18 15 18 18 17 31 15 21 18 18 24
20
0
2 3 2 3 4 3 4 9 2 3 3 3 2 2 5 3 2 3 3 5
21
0
111 106 86 132 91 100 127 111 100 118 130 102 115 107 99 113 113 104 91 98
22
0
74 78 46 59 82 58 76 71 94 66 67 73 73 78 57 67 41 98 97 84
23
0
26 29 35 26 27 33 18 21 17 20 26 18 30 26 25 23 21 17 27 24
24
0
35 45 56 35 41 37 29 61 60 41 58 56 54 47 38 38 42 40 59 63
25
0
25 21 36 31 28 22 28 18 20 21 24 30 19 41 16 29 37 25 21 27
26
0
9 3 13 6 8 7 9 6 7 10 6 8 9 8 9 10 6 7 11 8
27
0
13 15 8 13 10 11 9 12 10 8 17 16 16 8 8 10 12 6 12 10
28
0
36 30 41 39 39 34 41 42 36 38 30 44 39 40 31 36 53 39 33 30
29
0
208 212 218 204 244 243 239 164 214 221 207 274 240 203 208 223 243 192 220 212
30
0
46 57 58 61 45 62 51 61 71 44 55 66 56 82 53 46 68 72 77 49
31
0
20 15 18 23 14 25 16 15 17 15 24 21 15 19 14 18 11 19 23 24
32
0
4 7 8 4 5 5 4 7 4 4 6 9 3 4 6 9 7 15 10 10
33
0
53 60 50 77 58 49 46 35 57 76 70 61 71 68 62 40 52 74 43 68
34
0
13 10 17 18 21 24 15 17 11 23 11 21 11 12 21 17 13 14 11 9
35
0
10 17 10 5 6 8 10 12 20 8 10 13 11 16 8 15 9 19 6 9
36
0
55 40 74 69 58 37 40 46 44 61 67 40 49 59 44 43 60 66 55 40
37
0
54 58 56 46 38 45 39 42 40 51 37 49 35 57 47 64 43 48 41 54
38
0
25 10 12 8 11 9 10 15 9 9 18 16 14 17 13 8 11 13 10 15
39
0
12 7 12 6 12 11 11 11 6 14 21 12 10 10 14 14 12 6 12 8
40
0
4 3 3 3 3 2 2 2 4 3 4 5 3 2 2 2 3 2 5 2
41
0
184 272 183 182 197 186 171 183 178 158 158 206 200 186 169 192 184 153 163 187
42
0
31 38 29 41 35 37 33 27 32 43 25 39 38 28 25 39 48 33 31 39
43
0
1 2 1 2 1 2 1 2 2 1 2 1 1 1 1 2 1 1 2 1
44
0
20 23 20 14 10 19 41 18 19 24 19 10 12 20 10 14 24 22 13 22
45
0
46 35 59 62 45 45 35 43 45 55 52 46 52 47 56 41 59 48 43 34
46
0
7 6 6 6 5 5 4 2 10 9 6 4 9 3 4 6 5 7 2 7
47
0
35 34 46 22 34 26 27 37 26 29 36 40 30 20 32 36 26 39 39 32
48
0
14 9 10 17 12 13 12 18 19 11 22 15 15 25 17 8 10 15 21 12
49
0
21 25 26 40 36 38 21 31 21 27 31 24 14 19 24 20 20 22 35 28
