30
5
189172
0
0
37 27 56 22 21
1
0
14 28 185 9 68
2
0
19 21 32 39 68
3
0
69 19 91 92 24
4
0
8 66 101 117 29
5
0
16 41 40 10 30
6
0
89 9 28 11 9
7
0
54 91 17 35 3
8
0
35 6 34 111 9
9
0
98 8 137 69 50
10
0
43 111 36 124 45
11
0
16 84 9 226 89
12
0
71 78 53 46 34
13
0
7 62 45 23 40
14
0
60 13 93 64 56
15
0
52 10 13 12 86
16
0
42 83 32 20 12
17
0
26 12 2 158 5
18
0
35 35 19 25 146
19
0
19 1 35 30 21
20
0
2 24 70 40 16
21
0
0 64 16 131 4
22
0
15 2 155 222 69
23
0
21 1 52 68 13
24
0
27 26 34 31 97
25
0
22 32 141 105 10
26
0
67 107 7 153 3
27
0
25 7 28 130 29
28
0
3 156 88 44 24
29
0
42 30 10 28 37
