200
10
866852
0
0
58 34 93 13 7 22 9 273 101 162
1
0
71 30 88 9 8 27 7 257 109 194
2
0
88 26 84 13 8 22 4 229 94 204
3
0
76 15 104 12 8 17 7 304 85 207
4
0
69 32 108 19 10 19 4 270 79 182
5
0
70 26 95 16 10 18 7 297 91 200
6
0
53 40 110 25 10 26 8 214 100 176
7
0
50 28 72 9 12 27 3 288 109 151
8
0
58 22 105 13 8 41 8 255 77 182
9
0
58 18 118 12 7 30 6 239 88 171
10
0
56 26 154 19 4 18 6 258 82 187
11
0
59 24 99 9 9 22 9 232 62 175
12
0
81 33 98 23 10 33 5 239 77 229
13
0
51 22 89 16 4 21 5 262 137 158
14
0
59 36 136 14 11 26 7 302 84 191
15
0
86 32 110 13 7 19 3 248 93 213
16
0
75 35 122 15 8 26 5 308 74 186
17
0
54 26 129 17 10 25 5 259 106 187
18
0
82 39 105 15 8 23 4 242 76 182
19
0
57 24 120 13 17 16 9 270 125 171
20
0
43 35 132 7 14 22 6 254 80 207
21
0
54 21 128 11 7 19 7 222 76 219
22
0
109 28 122 19 11 24 7 246 110 246
23
0
80 22 117 17 4 28 4 282 89 196
24
0
58 23 94 13 8 24 9 268 99 182
25
0
72 37 147 17 10 23 10 325 82 171
26
0
75 28 85 7 12 28 5 248 76 162
27
0
80 27 88 13 8 38 3 277 92 189
28
0
82 20 91 14 7 25 7 337 88 221
29
0
63 18 113 26 5 27 8 319 111 171
30
0
51 32 98 21 11 20 6 332 102 236
31
0
78 19 117 17 6 26 6 262 87 193
32
0
80 28 124 13 10 27 6 253 78 171
33
0
56 20 72 13 9 33 4 295 101 167
34
0
62 48 117 10 9 32 11 237 88 198
35
0
46 20 151 19 17 25 8 242 69 187
36
0
61 21 108 11 9 28 12 280 97 192
37
0
69 26 134 17 13 28 7 276 75 184
38
0
41 42 146 15 9 24 7 253 64 236
39
0
64 33 93 17 11 23 4 294 135 212
40
0
77 18 108 12 9 13 10 228 95 189
41
0
90 14 94 14 13 30 8 234 111 171
42
0
63 32 105 20 10 18 6 291 116 202
43
0
56 27 124 12 13 30 10 288 107 187
44
0
67 21 119 12 8 22 11 295 83 197
45
0
45 24 111 18 16 22 8 261 91 195
46
0
80 28 141 24 9 16 9 226 136 179
47
0
71 20 131 14 15 41 8 278 96 243
48
0
72 31 99 10 15 26 7 311 90 178
49
0
46 21 102 13 10 30 6 228 114 233
50
0
99 26 98 9 13 25 2 261 109 188
51
0
71 20 114 10 9 18 6 253 80 182
52
0
93 29 111 9 8 25 6 259 88 182
53
0
66 28 125 18 15 39 4 280 91 190
54
0
49 23 96 11 20 47 9 292 103 191
55
0
55 30 153 19 11 20 10 230 99 165
56
0
67 21 121 15 11 32 11 230 118 182
57
0
56 33 124 12 6 26 7 251 101 217
58
0
65 20 107 18 10 19 8 245 105 243
59
0
69 24 99 18 12 24 5 248 70 183
60
0
80 33 106 12 12 26 10 307 70 166
61
0
89 20 94 20 12 32 7 283 62 193
62
0
67 30 120 13 8 33 6 237 84 186
63
0
75 19 85 8 9 28 10 187 92 191
64
0
66 22 109 15 15 23 5 259 72 153
65
0
49 16 96 16 7 29 6 239 95 200
66
0
66 34 138 11 7 26 9 269 111 204
67
0
72 14 84 13 12 15 5 274 89 197
68
0
74 24 138 25 4 20 4 299 118 230
69
0
80 27 122 17 14 30 7 283 106 235
70
0
77 28 129 8 12 31 8 261 131 152
71
0
59 50 93 15 7 26 7 260 85 207
72
0
55 21 112 21 13 23 8 262 87 166
73
0
69 32 90 23 7 30 8 235 95 183
74
0
75 59 107 15 14 27 5 265 88 164
75
0
84 33 105 18 8 30 7 281 84 159
76
0
58 20 116 14 3 26 7 313 89 201
77
0
56 16 130 23 9 20 10 279 95 198
78
0
52 42 116 20 15 19 13 303 70 176
79
0
52 19 97 12 13 25 12 307 98 192
80
0
71 21 83 21 11 32 4 293 86 207
81
0
77 27 126 17 8 20 5 315 84 230
82
0
52 45 120 6 14 49 5 281 103 162
83
0
86 21 110 25 3 25 8 285 100 159
84
0
65 18 104 18 7 27 6 241 89 183
85
0
45 25 83 18 14 32 4 268 106 197
86
0
79 21 138 15 6 15 7 321 109 210
87
0
74 22 119 21 10 21 6 286 90 188
88
0
64 22 132 23 9 33 8 279 83 171
89
0
84 15 80 22 11 19 5 267 114 185
90
0
86 28 102 13 7 22 4 257 85 200
91
0
87 25 129 17 10 30 4 305 71 196
92
0
60 33 119 11 12 55 6 215 107 227
93
0
75 28 137 8 7 21 8 283 99 184
94
0
49 41 107 15 7 30 6 277 88 234
95
0
79 26 117 13 10 22 8 260 80 210
96
0
64 17 96 13 9 26 4 239 64 226
97
0
68 19 129 14 8 27 8 251 101 184
98
0
77 25 121 10 10 23 5 298 81 233
99
0
78 22 99 10 5 37 7 239 103 177
100
0
83 35 117 15 9 19 4 353 105 202
101
0
74 28 118 19 5 14 11 303 114 190
102
0
60 34 92 20 10 24 12 333 71 180
103
0
74 34 102 9 10 19 4 255 98 193
104
0
70 18 126 9 7 44 4 260 101 180
105
0
59 37 88 26 4 28 12 291 113 235
106
0
57 26 110 13 9 36 6 297 104 197
107
0
71 29 148 11 6 40 7 291 81 162
108
0
73 36 94 25 12 21 4 283 104 203
109
0
72 52 120 9 7 23 5 262 116 202
110
0
66 33 138 14 11 27 10 252 84 181
111
0
50 16 114 18 7 27 4 303 76 212
112
0
96 34 109 12 8 29 8 248 75 187
113
0
68 34 122 16 9 16 9 271 87 190
114
0
63 30 104 22 19 25 6 223 120 203
115
0
47 33 98 12 11 30 3 257 82 195
116
0
61 33 83 15 9 14 4 308 81 170
117
0
66 35 129 15 16 20 10 290 94 165
118
0
45 19 108 19 7 28 4 256 97 266
119
0
61 23 85 10 11 23 5 278 102 233
120
0
81 44 118 12 15 24 5 302 76 162
121
0
78 54 104 22 11 29 12 249 75 165
122
0
58 36 89 14 14 17 8 261 80 177
123
0
72 34 106 14 9 23 8 282 75 215
124
0
50 28 104 19 6 23 6 285 97 189
125
0
46 29 115 13 10 21 5 311 81 191
126
0
63 20 90 9 8 15 8 236 93 189
127
0
42 28 102 16 10 35 6 266 98 179
128
0
73 25 117 15 8 37 8 290 88 218
129
0
58 30 123 14 9 15 6 308 124 173
130
0
76 33 104 16 10 22 9 272 79 199
131
0
72 25 90 11 11 33 7 263 66 182
132
0
76 22 99 12 7 23 8 285 101 189
133
0
54 29 90 14 13 21 7 256 92 208
134
0
48 22 114 29 9 26 13 282 96 200
135
0
71 32 110 16 7 24 7 246 93 166
136
0
63 28 124 15 7 33 8 224 128 160
137
0
72 41 85 25 5 25 8 312 78 182
138
0
66 25 96 15 13 27 8 243 73 224
139
0
63 26 107 12 12 21 6 302 114 215
140
0
80 29 148 20 7 20 7 234 115 181
141
0
73 21 120 14 9 32 6 292 89 197
142
0
83 30 116 15 12 24 7 286 79 205
143
0
64 18 83 19 6 15 7 278 89 190
144
0
76 30 100 9 9 21 5 280 89 213
145
0
84 28 80 10 10 22 5 359 108 177
146
0
77 27 100 9 20 41 9 302 68 197
147
0
45 38 149 14 9 24 5 300 78 175
148
0
42 31 142 17 7 28 7 285 104 205
149
0
54 34 119 17 13 22 10 324 93 203
150
0
59 34 169 15 11 25 5 275 90 232
151
0
69 36 115 22 9 22 3 236 78 213
152
0
67 20 135 24 8 39 7 264 72 187
153
0
91 28 150 17 6 29 7 266 69 220
154
0
83 18 112 18 16 31 7 272 102 219
155
0
83 29 123 14 13 27 2 258 90 178
156
0
83 29 93 8 8 30 5 283 93 168
157
0
95 37 86 16 6 25 7 269 118 195
158
0
65 32 89 17 9 21 9 298 106 231
159
0
75 19 97 12 7 27 5 271 88 242
160
0
71 28 105 16 9 33 6 266 95 175
161
0
89 21 106 15 7 23 9 345 84 188
162
0
53 35 106 15 7 20 7 327 88 153
163
0
60 21 80 19 5 31 8 292 96 192
164
0
53 25 122 14 8 28 6 275 107 147
165
0
61 38 102 17 9 37 4 240 63 211
166
0
81 24 108 13 9 20 8 302 127 192
167
0
70 16 121 11 9 14 12 273 59 179
168
0
79 18 121 10 7 14 3 319 97 218
169
0
83 42 93 13 9 22 8 302 82 183
170
0
73 25 109 12 7 25 8 222 86 160
171
0
55 29 109 9 4 39 5 323 98 161
172
0
63 18 110 23 9 26 11 216 82 218
173
0
52 23 93 14 9 26 10 258 107 224
174
0
82 34 138 16 12 21 6 292 136 190
175
0
57 27 109 16 7 27 3 283 116 175
176
0
56 27 126 19 12 19 5 286 97 212
177
0
62 24 99 25 12 26 6 251 126 220
178
0
61 22 108 20 7 24 8 274 114 215
179
0
74 29 127 16 13 19 9 280 112 177
180
0
73 24 99 8 8 27 5 282 90 151
181
0
65 34 105 12 9 27 4 252 96 241
182
0
85 46 101 21 12 35 12 337 83 174
183
0
80 30 124 14 12 41 10 250 90 194
184
0
52 25 73 7 7 24 4 177 91 185
185
0
43 27 124 7 5 32 8 248 86 181
186
0
45 26 112 14 8 21 10 329 92 224
187
0
64 28 115 15 9 43 8 272 89 233
188
0
73 21 112 18 5 24 5 294 88 175
189
0
100 35 114 18 6 14 6 226 91 213
190
0
42 31 92 11 9 25 4 286 65 198
191
0
65 20 98 18 9 24 4 333 102 158
192
0
77 28 103 10 8 16 19 242 91 211
193
0
90 26 121 12 6 36 9 286 97 165
194
0
69 21 159 19 7 21 8 246 86 168
195
0
53 31 101 11 14 30 6 276 85 189
196
0
69 36 151 24 10 28 6 298 105 195
197
0
81 26 115 17 14 28 7 302 74 199
198
0
41 23 178 11 10 38 7 276 91 187
199
0
73 36 105 13 10 35 5 231 91 200
