30
20
342215
0
0
6 8 6 7 9 11 11 8 7 5 12 15 24 10 5 7 7 17 9 18
1
0
102 102 126 98 81 97 77 111 111 96 92 87 110 101 102 77 115 74 82 129
2
0
134 162 156 209 145 168 120 179 140 190 139 143 123 147 153 185 149 148 118 168
3
0
21 25 16 28 13 19 14 14 14 25 20 17 17 13 21 16 11 21 19 13
4
0
59 76 64 103 56 74 59 48 61 63 68 73 49 60 59 56 61 71 59 48
5
0
19 10 18 25 27 23 18 11 15 25 23 20 32 10 28 16 15 12 27 17
6
0
13 11 22 22 23 30 20 17 15 45 17 17 31 10 20 14 26 25 17 19
7
0
69 111 74 98 100 81 96 64 93 96 108 97 96 81 72 128 77 108 98 92
8
0
156 171 166 235 170 250 189 206 189 215 180 199 227 190 201 209 215 171 236 168
9
0
17 13 16 16 11 14 14 12 15 14 15 20 21 17 11 11 9 15 14 7
10
0
102 99 81 94 106 98 115 109 105 83 89 109 131 80 112 102 136 99 91 109
11
0
11 12 16 20 11 13 14 13 13 12 23 16 15 14 9 17 13 15 11 12
12
0
20 24 34 27 46 21 38 35 22 33 36 32 29 47 41 45 38 26 33 27
13
0
35 45 35 39 45 22 30 43 50 28 26 37 15 31 44 47 30 39 48 33
14
0
36 34 28 33 31 37 40 51 33 23 30 32 23 32 32 40 22 44 30 27
15
0
33 27 62 35 50 30 44 41 36 74 46 65 42 49 46 38 62 45 47 53
16
0
53 53 58 74 53 54 73 52 57 76 67 58 60 67 53 49 59 67 56 51
17
0
243 198 229 233 225 193 230 220 208 247 194 212 224 160 198 188 268 254 315 225
18
0
47 66 63 58 51 56 50 65 44 45 55 45 43 78 45 55 53 48 59 63
19
0
77 45 53 57 58 68 53 49 54 62 49 64 99 70 54 65 47 60 51 87
20
0
35 58 38 51 35 62 63 53 67 63 49 44 49 54 43 42 54 56 69 43
21
0
166 116 179 188 162 200 137 163 137 162 161 135 160 168 153 210 156 166 205 161
22
0
74 79 75 77 66 81 71 77 94 78 82 76 68 70 64 66 75 65 54 72
23
0
21 22 14 9 24 20 9 17 10 17 14 11 13 13 9 12 19 15 12 10
24
0
61 62 85 102 67 81 57 70 48 73 62 60 62 56 79 72 56 72 57 72
25
0
83 77 77 69 57 64 57 72 72 67 92 47 104 94 54 95 97 102 98 54
26
0
32 32 41 49 47 42 35 45 32 35 34 29 45 62 38 49 39 43 46 42
27
0
22 20 19 9 32 14 15 17 29 16 19 13 38 21 16 24 22 13 20 12
28
0
7 11 6 5 6 8 8 6 9 5 8 9 8 4 5 6 8 6 5 4
29
0
11 8 3 6 5 5 7 5 8 6 6 5 8 7 6 7 5 5 6 11
