30
20
276500
0
0
94 59 20 28 42 39 71 5 1 44 110 16 102 25 23 18 90 3 63 142
1
0
22 85 91 80 23 23 9 38 12 55 30 139 42 16 47 28 24 61 30 10
2
0
130 20 38 13 3 103 20 13 22 2 105 5 120 16 63 3 5 67 48 91
3
0
39 71 32 19 32 32 168 0 2 142 54 143 10 99 44 50 33 58 42 35
4
0
43 57 156 66 195 25 71 36 121 55 109 23 55 208 10 74 26 10 84 3
5
0
164 205 83 4 68 12 6 28 130 44 64 54 42 80 1 16 10 3 43 84
6
0
60 30 2 40 16 77 26 28 42 90 74 20 55 2 11 73 128 115 93 12
7
0
30 19 2 60 69 65 18 95 4 21 7 100 13 35 36 31 62 45 5 22
8
0
24 71 112 90 21 2 15 49 1 139 66 13 4 33 8 18 34 36 7 19
9
0
13 35 10 61 44 26 3 9 93 9 10 60 173 70 6 80 20 122 31 31
10
0
46 22 47 33 88 14 13 26 1 50 17 54 62 99 84 2 48 7 65 57
11
0
28 15 117 5 32 26 3 5 29 1 125 10 31 25 10 12 84 7 50 50
12
0
10 66 10 119 6 44 57 255 163 69 151 59 1 39 2 26 14 100 20 18
13
0
29 4 72 2 20 21 1 58 52 20 5 9 51 89 127 57 48 60 23 2
14
0
11 30 52 67 153 60 146 6 77 39 47 4 35 122 6 2 77 35 75 179
15
0
29 177 19 96 196 184 82 105 50 94 47 41 12 2 13 6 8 164 7 120
16
0
95 34 40 32 38 56 112 3 54 43 11 17 24 85 69 10 31 22 53 66
17
0
92 93 98 79 119 9 166 107 22 97 15 55 41 13 57 117 12 5 33 73
18
0
22 69 22 82 2 41 85 31 54 42 238 121 15 164 5 8 19 134 32 65
19
0
89 2 24 117 48 6 49 65 47 12 77 8 63 142 54 19 139 92 31 33
20
0
1 134 18 24 109 89 82 64 16 7 3 56 123 36 1 55 41 14 88 44
21
0
1 139 85 153 14 26 7 29 56 12 13 30 51 68 4 81 54 21 62 148
22
0
10 15 82 22 144 31 145 130 31 44 16 61 10 1 0 8 37 24 22 63
23
0
28 8 7 5 21 102 54 87 10 48 25 19 75 0 59 62 1 91 33 92
24
0
10 16 4 72 26 60 1 60 16 23 8 2 31 57 78 149 53 115 57 3
25
0
52 102 24 153 93 3 114 4 27 5 76 23 0 46 27 15 4 102 15 161
26
0
115 51 21 23 50 47 69 49 22 123 0 53 10 89 6 36 120 85 107 9
27
0
76 19 10 7 54 26 6 41 99 11 3 54 60 35 2 65 96 14 50 14
28
0
8 79 18 2 42 3 54 42 38 16 10 14 6 12 3 8 65 105 30 61
29
0
32 44 0 17 1 72 28 10 29 76 8 1 53 56 47 59 33 49 22 54
