200
10
160203
0
0
53 67 90 57 64 7 42 179 2 137
1
0
49 74 95 52 39 4 14 216 3 128
2
0
56 40 92 50 67 4 27 222 2 130
3
0
57 62 100 72 68 6 35 212 2 87
4
0
51 57 83 42 34 5 45 147 2 110
5
0
54 69 83 46 56 7 35 260 3 123
6
0
57 63 86 57 51 4 47 181 2 117
7
0
51 46 95 46 62 4 51 220 2 104
8
0
52 67 109 46 52 4 25 171 1 130
9
0
56 46 87 77 81 2 19 227 3 122
10
0
67 56 87 61 48 5 29 220 2 131
11
0
58 58 124 58 54 3 27 218 1 111
12
0
28 60 94 45 91 6 32 179 3 157
13
0
44 45 106 53 50 6 31 210 2 109
14
0
33 46 77 46 56 2 27 170 2 88
15
0
59 53 85 88 55 4 30 158 3 116
16
0
53 64 66 69 63 2 35 192 3 82
17
0
34 60 102 63 55 2 20 193 3 112
18
0
43 54 90 50 35 3 48 177 2 93
19
0
58 49 75 69 55 3 36 211 3 102
20
0
40 48 97 50 58 7 16 224 2 102
21
0
76 66 106 87 55 3 17 192 2 96
22
0
46 53 111 51 41 3 36 184 1 117
23
0
41 40 70 56 60 8 33 183 4 107
24
0
40 55 75 40 70 2 46 199 3 112
25
0
42 45 118 51 66 4 31 253 3 117
26
0
49 56 94 49 68 5 28 248 2 87
27
0
44 67 86 59 54 7 25 178 3 99
28
0
29 62 94 48 44 6 32 227 2 134
29
0
41 49 121 49 44 4 20 169 2 97
30
0
49 59 61 64 73 3 23 208 4 149
31
0
45 56 91 53 54 8 32 205 2 105
32
0
67 41 96 43 53 3 35 235 4 126
33
0
68 51 78 52 37 4 34 204 2 96
34
0
51 56 104 72 53 4 41 229 3 88
35
0
52 47 75 58 67 4 24 207 3 139
36
0
48 57 91 37 29 2 40 198 3 102
37
0
60 62 108 53 55 3 47 234 3 105
38
0
49 30 85 48 70 5 25 216 2 101
39
0
63 53 122 59 55 6 41 264 3 130
40
0
57 35 124 63 65 4 24 233 2 100
41
0
65 54 107 43 52 4 22 221 1 131
42
0
72 61 90 30 42 4 24 176 3 156
43
0
56 46 77 54 41 6 40 159 4 106
44
0
38 44 106 69 50 5 27 209 1 90
45
0
50 37 83 64 65 4 28 195 1 95
46
0
42 40 102 67 72 3 25 162 2 103
47
0
41 45 105 52 58 5 28 181 2 104
48
0
64 69 85 43 52 5 25 197 3 117
49
0
57 61 99 31 74 4 26 161 3 149
50
0
58 65 113 80 52 5 39 219 1 75
51
0
70 60 130 50 64 7 43 217 4 103
52
0
29 51 96 51 60 4 13 219 2 106
53
0
46 47 68 56 72 3 21 181 3 117
54
0
46 32 95 45 46 4 32 181 3 154
55
0
59 51 93 58 60 4 23 215 2 86
56
0
59 57 87 54 53 4 34 192 2 98
57
0
65 63 98 55 59 3 34 177 2 132
58
0
42 35 142 71 49 10 39 222 3 135
59
0
45 38 106 49 43 10 30 241 2 102
60
0
57 54 107 55 51 6 30 235 1 89
61
0
40 45 96 59 69 5 34 193 2 132
62
0
44 44 110 47 63 7 31 223 2 140
63
0
49 75 99 46 57 4 23 191 3 96
64
0
40 61 119 48 62 3 30 229 3 124
65
0
41 49 110 58 62 5 21 233 2 103
66
0
45 41 95 45 53 4 26 206 2 99
67
0
52 41 101 52 40 4 38 179 1 96
68
0
54 64 67 50 42 4 37 190 2 110
69
0
27 48 83 48 61 3 30 182 2 104
70
0
39 78 103 42 76 6 29 153 2 132
71
0
59 49 72 43 66 5 41 189 2 126
72
0
65 36 94 44 81 5 37 222 2 101
73
0
52 48 88 40 66 4 27 212 2 145
74
0
51 55 92 52 49 4 26 215 2 106
75
0
40 60 91 68 52 5 35 201 2 102
76
0
29 62 93 71 66 5 30 220 3 102
77
0
45 55 81 60 51 3 27 192 4 88
78
0
58 47 89 42 51 5 27 198 4 123
79
0
30 54 94 39 49 5 29 182 4 99
80
0
61 47 92 61 66 4 29 221 3 102
81
0
44 37 75 48 74 7 35 233 2 126
82
0
72 59 71 43 51 6 24 185 3 79
83
0
59 54 80 57 48 4 21 199 2 102
84
0
64 59 133 46 56 6 31 179 2 129
85
0
63 56 96 45 41 3 25 199 1 118
86
0
63 67 65 40 42 4 44 183 3 106
87
0
32 62 76 48 38 3 40 224 2 115
88
0
70 59 117 54 53 5 29 216 2 114
89
0
55 55 80 58 54 3 39 220 2 151
90
0
59 63 124 39 75 5 16 189 3 146
91
0
55 52 72 64 30 10 30 234 4 119
92
0
42 47 108 61 62 4 37 232 4 115
93
0
53 44 127 41 74 6 28 185 2 129
94
0
43 66 88 54 56 9 30 255 3 98
95
0
43 53 93 63 72 5 24 212 3 124
96
0
39 70 110 59 33 8 33 177 2 91
97
0
41 39 59 44 52 6 42 178 3 94
98
0
43 56 97 55 54 4 36 216 3 74
99
0
44 65 109 41 54 8 43 220 3 137
100
0
51 35 102 63 52 7 37 207 4 123
101
0
45 47 87 55 61 8 28 202 3 101
102
0
48 61 87 61 55 6 27 222 2 114
103
0
47 73 85 44 59 6 30 177 2 135
104
0
61 57 118 68 50 5 23 183 3 109
105
0
46 51 103 53 50 10 26 212 2 109
106
0
40 50 98 59 53 3 32 206 1 108
107
0
56 41 85 44 46 5 24 168 2 121
108
0
64 64 105 67 72 5 21 240 2 113
109
0
56 68 117 71 64 4 27 208 2 76
110
0
47 52 91 66 45 3 37 173 2 137
111
0
45 63 84 56 53 8 24 269 3 87
112
0
57 52 80 55 60 3 21 235 5 107
113
0
52 77 71 53 55 3 27 218 3 123
114
0
47 40 102 57 45 2 19 175 2 133
115
0
69 72 85 43 47 6 31 210 2 100
116
0
44 60 86 41 47 3 25 184 1 113
117
0
41 62 97 65 60 5 31 197 2 102
118
0
54 72 90 55 75 3 26 206 2 133
119
0
52 53 95 62 73 2 21 181 4 131
120
0
45 66 107 31 54 4 16 204 1 128
121
0
48 72 85 63 77 3 27 183 2 115
122
0
61 84 82 48 57 3 42 209 2 142
123
0
64 41 116 60 29 5 42 158 1 130
124
0
55 60 115 58 68 3 38 203 2 78
125
0
40 37 72 39 52 2 24 159 2 95
126
0
38 66 86 41 50 2 36 216 1 127
127
0
58 48 84 56 34 5 33 246 2 97
128
0
37 47 115 58 47 4 21 218 2 110
129
0
59 58 89 48 42 5 54 210 2 118
130
0
41 39 114 60 45 3 38 180 3 166
131
0
73 41 102 43 65 5 24 229 2 68
132
0
38 44 99 76 44 3 21 165 2 139
133
0
53 61 88 43 48 7 29 187 4 114
134
0
46 75 86 59 54 9 25 224 2 112
135
0
47 50 104 65 52 3 43 234 2 87
136
0
56 53 128 60 55 3 29 248 2 135
137
0
77 56 95 60 72 4 33 188 7 115
138
0
42 67 122 36 46 4 28 174 2 98
139
0
55 57 63 67 43 5 21 202 1 112
140
0
37 56 63 84 42 1 29 174 2 111
141
0
49 39 124 57 55 3 36 204 2 108
142
0
42 61 105 46 69 4 34 197 2 137
143
0
63 47 110 50 48 4 29 235 2 82
144
0
40 58 105 45 43 4 42 219 2 101
145
0
49 69 80 61 50 5 26 221 2 87
146
0
55 50 96 59 60 4 19 171 1 131
147
0
55 60 84 69 37 6 30 236 2 127
148
0
35 41 90 69 48 3 34 164 1 84
149
0
30 60 91 68 46 3 16 201 2 132
150
0
45 46 90 57 45 5 25 262 2 124
151
0
49 57 107 59 47 6 22 224 1 126
152
0
54 43 91 43 48 5 49 197 2 102
153
0
55 43 114 47 59 4 43 188 3 101
154
0
45 55 95 58 56 3 18 232 3 117
155
0
28 60 81 42 73 3 29 239 3 114
156
0
42 51 108 67 69 3 45 217 1 120
157
0
37 80 85 79 48 6 42 217 2 127
158
0
61 52 113 60 55 3 47 230 2 114
159
0
45 61 97 46 91 4 38 231 3 108
160
0
34 46 95 95 61 5 46 167 2 150
161
0
43 37 107 69 82 4 43 171 2 127
162
0
66 69 77 60 70 3 30 213 2 130
163
0
52 43 72 50 36 3 27 273 3 116
164
0
32 50 107 29 65 4 37 210 3 94
165
0
46 62 71 54 71 3 48 210 1 130
166
0
33 27 105 48 35 4 40 213 2 103
167
0
60 46 82 65 42 5 22 195 3 150
168
0
49 40 91 56 57 5 28 234 4 109
169
0
49 50 96 69 42 7 24 191 3 98
170
0
49 54 69 56 47 3 31 164 2 93
171
0
49 70 87 52 63 4 52 245 2 106
172
0
49 59 110 73 54 5 25 213 2 117
173
0
50 61 59 85 63 5 27 217 2 106
174
0
67 45 66 56 62 3 26 164 2 103
175
0
44 60 104 67 63 4 23 177 2 83
176
0
57 53 83 53 60 3 36 161 3 128
177
0
50 52 123 59 89 4 35 185 2 144
178
0
56 62 94 49 70 3 36 213 2 97
179
0
47 42 94 51 73 8 37 211 2 123
180
0
42 32 105 55 49 5 50 205 3 111
181
0
36 81 81 58 58 8 31 220 1 102
182
0
78 52 104 43 35 5 35 221 3 129
183
0
41 67 94 65 58 7 24 179 3 96
184
0
43 35 81 43 57 5 26 167 3 138
185
0
34 65 66 50 58 3 38 206 2 87
186
0
69 92 80 58 33 5 27 163 4 106
187
0
49 62 102 60 62 3 38 207 3 86
188
0
55 47 88 49 44 6 43 229 3 135
189
0
45 53 109 61 69 4 33 215 2 106
190
0
36 57 72 48 46 4 36 194 1 107
191
0
56 42 97 40 67 4 29 178 2 103
192
0
53 62 68 55 44 5 36 208 4 139
193
0
56 38 91 59 60 5 33 174 3 111
194
0
39 85 121 47 56 6 32 247 4 127
195
0
52 54 87 53 71 5 27 234 2 101
196
0
54 49 105 63 60 4 31 237 3 122
197
0
35 43 78 61 51 5 37 166 5 98
198
0
31 50 87 63 47 6 32 211 3 98
199
0
48 49 90 69 44 4 39 164 2 116
