100
5
846827
0
0
24 91 6 13 33
1
0
15 81 5 25 41
2
0
25 73 8 13 30
3
0
19 88 4 17 24
4
0
20 75 9 17 31
5
0
23 54 5 15 59
6
0
14 79 8 17 29
7
0
40 121 4 17 37
8
0
38 63 4 23 47
9
0
25 97 6 27 25
10
0
21 102 5 24 38
11
0
19 98 6 13 30
12
0
15 78 5 21 30
13
0
16 72 4 25 25
14
0
17 67 10 31 35
15
0
14 67 6 26 25
16
0
20 61 9 17 36
17
0
32 103 2 20 25
18
0
24 49 6 17 52
19
0
15 84 7 22 41
20
0
26 70 4 18 33
21
0
17 81 4 21 29
22
0
22 93 3 23 45
23
0
27 98 5 14 34
24
0
23 120 5 31 28
25
0
22 81 6 21 27
26
0
20 98 5 16 49
27
0
17 79 5 15 26
28
0
18 78 5 15 29
29
0
17 73 7 23 45
30
0
13 71 11 11 32
31
0
16 91 6 24 42
32
0
16 102 7 13 35
33
0
31 69 5 22 37
34
0
21 87 5 19 18
35
0
14 90 5 20 26
36
0
25 75 7 20 18
37
0
15 70 10 12 38
38
0
16 79 5 27 26
39
0
14 63 9 20 32
40
0
19 72 5 21 41
41
0
21 78 9 18 41
42
0
14 83 6 22 31
43
0
23 76 6 12 21
44
0
19 81 6 28 40
45
0
17 75 9 16 36
46
0
26 93 7 14 46
47
0
38 93 5 18 30
48
0
31 80 5 28 31
49
0
24 82 5 16 41
50
0
16 88 8 18 40
51
0
21 84 5 20 37
52
0
13 97 8 12 30
53
0
27 79 4 15 47
54
0
26 100 7 19 52
55
0
28 80 6 18 46
56
0
26 88 10 14 35
57
0
16 75 5 28 50
58
0
20 98 11 17 21
59
0
24 85 4 23 22
60
0
27 87 5 15 41
61
0
14 83 5 27 26
62
0
14 72 6 13 38
63
0
11 72 3 13 30
64
0
27 84 6 23 43
65
0
15 58 6 24 29
66
0
20 95 8 24 31
67
0
18 83 9 15 34
68
0
21 105 3 15 23
69
0
36 105 8 25 49
70
0
23 89 4 24 27
71
0
22 107 9 22 41
72
0
25 111 3 11 43
73
0
22 94 11 15 34
74
0
29 89 3 18 27
75
0
24 94 5 18 26
76
0
26 79 3 15 27
77
0
25 55 9 21 28
78
0
19 70 5 22 56
79
0
20 56 5 27 32
80
0
21 40 7 25 32
81
0
24 111 7 23 25
82
0
34 81 7 31 34
83
0
19 68 8 16 30
84
0
20 67 5 18 20
85
0
25 89 6 18 46
86
0
29 86 9 26 36
87
0
17 97 9 16 33
88
0
17 85 8 14 31
89
0
19 73 3 22 44
90
0
26 84 6 16 45
91
0
21 80 8 22 45
92
0
24 86 10 18 33
93
0
25 75 3 17 38
94
0
9 95 7 26 51
95
0
20 90 9 15 33
96
0
24 64 9 11 35
97
0
21 81 6 18 36
98
0
34 74 6 20 40
99
0
15 62 5 12 39
