200
20
323054
0
0
121 45 54 25 29 62 90 162 32 12 18 20 36 101 54 66 55 21 25 59
1
0
97 67 55 29 30 86 49 175 15 10 20 31 24 87 74 80 71 12 11 99
2
0
98 55 28 27 41 59 85 167 23 11 23 30 45 55 64 77 82 11 13 109
3
0
110 75 41 32 24 61 69 194 15 13 17 27 29 73 55 81 72 14 14 86
4
0
109 76 35 16 29 80 103 214 31 10 23 21 30 67 63 92 68 22 26 98
5
0
129 69 44 21 38 73 82 145 34 9 16 19 56 72 77 70 88 20 20 89
6
0
147 48 47 29 40 68 112 177 20 12 23 28 30 58 48 102 53 23 13 99
7
0
128 102 41 27 33 61 85 196 26 9 17 27 30 55 62 65 95 20 6 131
8
0
102 68 41 18 36 90 63 152 33 10 26 32 30 74 59 64 68 23 15 100
9
0
118 71 32 24 31 76 101 148 22 7 14 28 51 50 72 59 57 9 17 125
10
0
116 102 39 24 32 66 95 157 24 8 19 25 40 68 80 79 83 11 21 102
11
0
77 75 42 12 47 62 62 203 29 10 33 22 48 72 51 73 50 13 20 95
12
0
68 74 44 33 36 77 77 151 30 7 16 27 37 70 65 62 62 19 8 84
13
0
110 78 32 23 44 89 77 193 27 11 22 25 40 67 60 69 69 16 29 100
14
0
127 69 50 14 37 79 84 223 34 12 27 37 39 82 83 66 99 25 19 113
15
0
124 65 47 35 34 76 75 192 44 18 25 27 36 88 71 105 71 14 26 107
16
0
131 84 38 14 32 72 81 212 26 11 20 19 39 86 66 73 50 14 20 100
17
0
115 65 25 16 35 72 90 164 28 5 21 19 57 75 55 108 49 15 20 126
18
0
95 102 45 22 34 69 100 201 24 16 18 20 43 63 81 76 52 15 26 89
19
0
124 52 41 27 52 102 100 164 25 15 28 22 40 57 79 103 52 15 19 99
20
0
115 73 28 22 32 71 98 200 36 12 25 24 67 59 68 58 76 8 18 124
21
0
122 67 47 24 37 66 100 176 39 12 17 18 44 53 69 75 77 11 25 89
22
0
90 71 26 18 34 57 86 183 41 10 23 24 42 58 63 72 78 21 22 97
23
0
136 71 43 21 41 63 89 170 29 14 12 40 44 64 47 91 63 31 17 71
24
0
127 70 36 36 36 60 78 163 33 14 15 24 42 105 63 71 56 15 14 107
25
0
132 50 36 25 26 61 93 161 26 11 19 30 39 69 69 57 48 15 10 102
26
0
133 63 38 22 27 93 69 199 23 13 17 28 47 51 91 83 68 12 14 107
27
0
112 64 43 18 35 72 105 147 31 10 21 23 37 66 58 70 60 13 15 102
28
0
141 66 32 25 31 76 77 169 29 19 10 47 28 89 79 89 51 13 12 87
29
0
122 74 30 20 23 58 79 259 23 8 21 18 34 79 74 75 57 12 13 109
30
0
124 74 29 15 41 73 70 129 36 7 23 36 42 82 73 124 85 19 12 101
31
0
87 79 24 33 32 102 92 169 29 14 12 32 37 70 76 79 51 14 18 116
32
0
96 59 42 22 35 77 98 207 21 10 21 22 49 82 86 91 74 11 16 92
33
0
110 59 41 25 22 81 83 159 38 14 10 30 41 66 73 127 53 15 24 104
34
0
114 62 39 26 38 81 90 201 38 13 29 37 30 62 59 82 63 18 15 95
35
0
104 46 34 22 47 72 85 200 26 10 22 30 48 75 70 75 51 17 19 131
36
0
92 61 34 38 27 74 106 160 55 9 10 21 31 78 82 94 59 22 19 94
37
0
115 70 50 19 38 80 88 169 44 13 18 34 38 85 65 56 73 16 21 110
38
0
109 55 46 28 44 74 83 199 27 11 25 19 51 45 52 87 63 18 10 133
39
0
133 74 29 23 31 78 85 197 34 12 23 17 44 89 70 97 42 20 14 111
40
0
124 65 52 16 24 83 70 223 20 16 18 16 41 73 67 87 61 26 22 81
41
0
113 66 52 24 27 59 82 150 17 10 18 30 52 64 102 69 78 21 18 74
42
0
128 76 30 27 30 65 83 142 30 14 17 27 37 70 93 119 86 23 24 108
43
0
157 54 38 20 34 65 99 191 23 9 25 28 41 68 54 86 44 20 19 157
44
0
177 69 38 23 19 80 99 175 19 24 19 32 52 61 73 77 78 20 15 104
45
0
147 86 33 19 32 65 113 167 30 7 16 32 41 71 56 108 67 18 21 89
46
0
101 85 32 24 33 47 84 212 22 12 24 29 75 72 70 97 73 17 12 109
47
0
107 95 46 30 34 54 53 186 24 13 14 24 42 81 55 72 58 24 20 92
48
0
157 53 30 21 39 56 74 171 36 13 16 24 42 84 81 85 50 8 21 91
49
0
95 58 40 23 23 61 94 168 26 12 14 31 31 69 72 72 72 33 28 132
50
0
142 75 30 23 45 73 94 179 38 10 30 20 40 57 70 97 62 9 14 105
51
0
139 66 28 18 41 73 84 224 35 10 21 29 45 83 126 110 77 20 15 100
52
0
104 66 46 35 31 59 87 159 40 14 16 34 32 67 80 58 72 26 13 112
53
0
145 72 54 30 28 69 59 126 29 10 12 26 55 67 75 73 55 22 11 128
54
0
121 41 37 24 35 72 79 197 32 14 15 23 31 61 44 77 65 22 22 116
55
0
120 71 30 21 25 79 68 238 25 13 19 21 34 84 66 75 60 24 21 90
56
0
102 73 47 18 27 52 90 166 16 10 14 27 30 109 95 81 80 17 18 85
57
0
136 54 30 20 23 70 96 191 24 11 15 29 31 58 76 66 49 19 15 121
58
0
106 67 34 28 32 65 61 203 26 23 18 33 53 103 64 91 77 16 14 90
59
0
98 64 40 27 40 57 65 205 40 14 14 22 40 86 44 86 79 12 15 110
60
0
134 76 48 29 39 88 100 185 28 10 14 17 27 74 77 82 61 17 16 118
61
0
112 42 39 38 37 73 69 209 21 7 19 19 46 86 83 61 76 27 16 112
62
0
112 52 35 29 40 75 79 247 14 7 21 29 41 55 85 95 62 11 18 95
63
0
98 61 27 38 41 40 91 154 27 11 20 30 36 77 71 84 83 15 17 103
64
0
127 45 35 26 38 69 91 203 27 33 16 22 40 88 107 63 50 15 17 95
65
0
139 90 39 33 23 74 105 191 28 12 16 29 61 55 108 90 54 21 22 87
66
0
151 58 61 20 38 60 64 130 36 17 20 23 59 84 47 75 64 18 13 87
67
0
124 95 38 19 26 70 71 172 33 15 20 25 46 106 75 98 59 23 17 126
68
0
86 83 31 38 32 80 66 174 45 13 16 20 58 92 61 108 79 13 15 97
69
0
103 49 33 27 33 73 58 186 40 10 16 28 34 66 57 78 50 20 16 132
70
0
128 68 44 14 39 69 97 171 36 11 15 21 22 99 95 81 79 15 11 103
71
0
108 74 38 18 35 83 66 197 27 18 13 15 51 71 65 85 76 21 21 81
72
0
90 70 53 24 36 79 63 154 46 12 14 36 53 80 57 50 75 15 10 97
73
0
102 73 43 21 25 72 72 174 27 11 26 35 48 69 87 92 70 21 25 73
74
0
132 62 48 24 20 80 102 170 22 11 24 9 40 89 70 67 49 15 21 95
75
0
127 69 65 24 29 83 68 148 29 7 22 11 41 68 83 98 84 21 8 109
76
0
106 62 32 21 48 64 73 161 30 9 16 28 33 67 108 77 65 15 16 114
77
0
113 87 31 28 38 51 72 167 39 16 13 29 40 65 58 100 88 19 16 89
78
0
127 75 28 19 42 57 64 179 44 8 16 26 54 61 61 112 66 20 18 110
79
0
119 58 39 23 31 101 63 167 24 9 15 26 40 43 69 95 53 22 11 92
80
0
115 72 37 22 27 64 77 170 35 8 17 29 31 73 72 71 69 16 17 120
81
0
150 56 35 21 41 79 71 151 28 10 27 20 37 76 89 80 73 26 24 103
82
0
130 58 25 32 30 62 89 160 34 8 24 18 35 80 99 62 53 26 21 95
83
0
90 61 37 18 39 56 103 167 30 9 14 26 46 75 87 85 52 14 10 95
84
0
116 79 42 27 25 88 99 181 22 8 17 25 57 70 75 90 50 23 19 132
85
0
113 89 37 17 27 109 83 165 32 14 14 46 52 80 73 50 64 23 10 89
86
0
130 86 38 19 22 91 73 196 39 7 17 31 50 83 56 89 71 17 10 84
87
0
97 83 40 22 42 90 86 173 25 8 15 28 52 64 77 75 62 17 10 88
88
0
152 70 25 17 36 61 63 200 25 11 20 28 49 68 69 73 61 18 17 113
89
0
124 64 23 28 47 66 94 169 27 8 22 34 42 59 74 109 68 15 20 114
90
0
96 96 36 21 42 54 70 167 34 8 26 20 35 69 107 93 85 18 21 76
91
0
113 48 39 19 31 50 87 170 28 7 17 19 59 56 74 81 71 12 18 71
92
0
141 90 43 36 25 85 73 174 43 5 31 27 28 63 98 95 76 14 14 93
93
0
113 62 19 15 32 57 67 176 19 16 20 24 59 87 52 79 45 12 14 85
94
0
130 74 20 26 56 66 87 244 42 10 27 22 46 93 73 76 39 21 10 132
95
0
133 70 33 18 25 69 88 206 28 9 21 19 51 51 75 66 63 15 14 94
96
0
118 52 49 22 29 48 103 165 18 7 20 21 56 52 59 60 67 18 17 95
97
0
106 56 43 34 40 52 64 202 24 11 9 19 43 79 64 86 65 19 19 99
98
0
120 63 42 16 33 71 72 203 40 15 11 21 29 56 72 92 62 16 17 108
99
0
142 63 21 25 27 64 77 172 46 13 18 27 45 59 92 75 62 13 14 97
100
0
151 44 29 28 37 60 111 154 45 7 9 26 26 80 68 86 70 22 9 110
101
0
106 97 42 20 31 48 93 190 26 7 18 26 46 43 74 115 72 27 18 124
102
0
129 57 38 20 34 69 65 163 29 15 30 29 27 79 77 81 64 21 20 109
103
0
113 59 45 24 51 76 92 202 32 10 13 31 40 79 71 87 64 11 18 104
104
0
90 69 25 19 37 84 83 169 40 7 25 27 53 82 86 71 57 14 13 111
105
0
110 58 23 30 35 64 70 194 33 8 27 22 59 79 91 62 72 20 28 80
106
0
129 54 30 20 27 69 81 204 34 12 11 23 35 84 74 79 58 17 28 55
107
0
122 53 27 20 38 75 79 176 19 7 22 27 19 65 63 119 109 22 18 101
108
0
132 44 47 18 35 71 88 189 32 11 23 25 45 41 92 67 46 14 13 103
109
0
115 56 30 18 40 83 58 143 39 10 20 30 68 86 92 77 80 11 15 104
110
0
129 64 50 20 19 96 59 182 19 7 21 25 24 80 78 66 55 9 27 90
111
0
109 53 43 28 29 66 89 196 28 10 15 32 44 71 68 45 58 13 18 107
112
0
84 97 40 36 36 111 80 214 28 16 21 25 28 79 72 52 73 18 15 107
113
0
129 60 39 19 32 77 84 188 31 16 15 31 29 49 77 72 57 19 12 86
114
0
112 58 34 19 36 73 92 151 20 6 23 11 47 72 85 114 57 15 20 111
115
0
102 60 51 20 27 93 81 209 23 7 18 28 50 71 81 73 66 9 17 96
116
0
105 83 38 17 38 84 60 130 28 6 22 27 44 86 65 90 73 22 12 76
117
0
109 79 49 30 24 69 74 166 16 15 19 21 32 71 65 60 68 22 18 95
118
0
105 55 36 24 23 72 80 268 23 6 18 20 37 94 85 90 61 22 14 91
119
0
113 54 38 21 38 86 97 158 28 11 24 20 35 83 64 76 85 25 25 118
120
0
79 49 38 18 29 55 96 234 32 17 14 20 37 67 66 94 69 30 16 75
121
0
139 108 34 27 34 73 62 180 33 10 18 15 29 75 57 75 83 17 14 95
122
0
131 62 31 21 22 72 90 193 45 17 24 37 34 82 54 66 81 39 12 108
123
0
116 80 41 38 38 79 78 150 21 14 16 20 36 82 67 54 73 17 13 126
124
0
124 61 40 17 28 65 52 191 32 9 11 22 35 79 71 81 61 20 17 76
125
0
126 68 42 27 37 59 113 153 28 15 26 30 41 61 90 109 56 16 16 80
126
0
105 51 37 18 24 77 82 214 31 10 24 26 58 60 80 91 63 23 30 151
127
0
123 78 43 24 40 59 53 206 12 17 19 21 45 94 49 97 81 26 17 117
128
0
126 73 40 23 40 60 58 190 33 7 17 29 47 85 64 89 58 11 15 96
129
0
114 60 46 19 21 63 108 199 23 8 30 27 40 70 96 87 54 16 32 91
130
0
124 70 30 34 30 73 90 215 33 14 22 27 32 40 78 68 68 17 29 113
131
0
111 77 27 29 30 70 58 177 44 14 16 33 39 87 59 89 59 10 20 71
132
0
120 68 38 27 48 58 110 146 31 8 16 28 40 94 52 94 49 17 12 81
133
0
92 56 32 13 38 70 60 184 25 14 12 16 48 86 69 73 74 18 22 70
134
0
145 55 35 22 27 71 60 166 37 17 18 24 39 87 84 90 70 9 14 116
135
0
133 66 43 21 33 81 80 172 28 13 15 55 40 93 58 61 65 13 22 107
136
0
161 59 31 18 34 74 72 166 37 7 28 29 36 85 55 79 45 25 12 77
137
0
127 54 28 29 25 70 71 169 34 9 15 27 74 77 80 78 59 11 24 73
138
0
93 86 33 16 27 57 89 169 27 14 16 22 27 78 68 76 79 13 16 117
139
0
160 57 35 32 24 67 84 176 24 15 16 24 55 76 78 58 96 18 11 92
140
0
135 79 37 19 40 49 75 179 28 7 17 25 34 68 51 91 91 19 30 130
141
0
79 52 27 22 37 44 95 188 23 12 22 22 37 80 59 76 57 21 16 94
142
0
125 59 23 27 27 63 82 185 34 10 22 24 25 76 74 110 48 16 18 103
143
0
130 57 29 39 39 62 76 189 29 9 10 28 46 58 80 81 68 25 17 98
144
0
123 75 40 41 30 80 81 189 42 7 23 21 36 81 70 103 58 19 18 113
145
0
119 84 23 21 29 86 68 173 47 9 15 17 47 92 84 90 78 20 15 120
146
0
128 61 27 13 37 66 67 169 21 10 27 28 44 78 45 47 65 16 7 116
147
0
105 47 26 26 30 72 87 188 23 15 19 15 51 57 52 85 68 18 21 100
148
0
135 61 38 22 35 74 76 173 29 6 14 22 28 60 67 79 56 21 14 97
149
0
129 55 32 39 35 92 59 155 31 14 16 23 42 73 66 88 59 21 16 88
150
0
110 85 47 15 37 88 88 207 19 10 26 14 37 72 52 110 43 24 13 90
151
0
131 62 41 39 38 48 85 176 33 12 14 24 42 69 98 81 73 22 12 106
152
0
118 56 31 24 40 80 88 193 40 11 30 30 44 114 68 78 47 17 20 121
153
0
98 61 42 16 44 55 83 161 30 13 18 18 42 87 65 51 56 19 19 85
154
0
87 60 32 24 41 57 81 194 24 22 20 19 37 82 68 101 48 15 20 93
155
0
77 81 41 24 23 53 80 181 43 13 20 31 60 92 83 68 60 14 17 107
156
0
134 69 38 26 32 51 109 173 26 12 12 19 41 68 52 78 49 33 14 124
157
0
154 44 45 18 24 76 95 211 34 11 24 25 49 70 72 83 91 14 14 90
158
0
135 79 35 29 26 70 66 192 40 12 16 32 35 78 52 96 71 20 19 79
159
0
146 54 28 28 23 74 85 196 20 17 19 29 32 64 60 91 93 17 10 120
160
0
121 79 39 19 22 75 102 176 28 8 19 16 44 53 77 67 86 28 14 100
161
0
135 58 27 30 45 83 102 203 29 6 15 32 48 62 87 77 72 27 15 72
162
0
132 63 46 26 35 92 84 162 22 9 17 25 55 67 81 84 70 19 14 109
163
0
117 80 30 16 32 55 103 250 23 7 18 21 27 81 70 74 68 13 18 102
164
0
133 73 32 17 29 54 76 229 19 13 24 20 32 76 76 69 38 16 22 104
165
0
114 41 41 29 31 77 95 163 40 10 9 17 55 48 82 86 59 9 10 89
166
0
133 78 45 22 41 84 89 190 33 11 12 30 50 73 94 71 102 17 12 97
167
0
131 75 29 24 24 69 81 151 30 11 18 27 34 84 86 101 55 13 12 85
168
0
115 54 30 19 42 58 95 167 33 8 20 21 50 82 64 73 55 19 16 90
169
0
137 86 38 35 30 86 83 190 32 10 11 30 29 75 85 81 73 23 15 90
170
0
74 61 30 23 22 55 85 167 21 11 11 24 33 77 61 90 68 21 16 110
171
0
111 52 44 32 30 75 81 156 26 6 20 21 29 69 67 57 85 13 28 99
172
0
128 64 40 19 41 69 92 174 28 12 25 20 51 115 54 67 55 21 21 91
173
0
140 97 25 19 28 77 116 159 27 6 21 25 40 74 72 78 67 20 16 111
174
0
111 75 40 26 32 80 99 193 29 8 27 17 36 67 94 75 54 25 16 122
175
0
173 56 27 13 51 60 77 187 18 8 22 30 41 76 78 87 70 18 13 107
176
0
117 76 34 25 35 69 68 159 34 7 20 15 58 84 91 76 81 15 16 89
177
0
125 70 45 24 50 116 55 167 34 15 14 16 41 68 73 96 89 20 18 96
178
0
117 57 49 18 54 92 75 197 20 15 16 21 44 71 51 68 49 32 13 99
179
0
117 87 37 19 26 109 81 155 34 8 19 31 48 66 70 90 55 23 17 77
180
0
125 77 38 18 28 55 79 201 21 16 17 20 42 97 47 76 59 19 13 160
181
0
136 65 31 33 28 68 63 168 25 8 14 18 26 62 55 69 64 18 26 82
182
0
117 59 17 27 45 55 88 173 28 15 14 19 39 105 61 80 66 23 10 93
183
0
119 62 32 25 33 54 75 152 23 10 19 19 53 68 90 61 65 21 19 106
184
0
145 78 45 25 35 63 71 193 32 10 17 24 49 85 68 86 55 14 14 86
185
0
118 52 35 47 38 71 88 164 33 13 13 18 40 74 60 64 82 20 13 85
186
0
142 51 46 20 32 70 117 177 20 15 26 22 42 90 65 81 57 20 13 73
187
0
129 46 28 21 26 66 76 155 27 6 19 18 51 50 73 49 80 23 19 121
188
0
111 97 41 16 42 36 49 191 36 14 12 13 46 88 46 97 66 13 12 83
189
0
107 62 34 34 43 64 71 206 23 15 13 27 31 64 74 78 51 16 15 81
190
0
119 90 34 34 30 56 53 145 24 15 13 17 29 55 69 118 57 22 27 106
191
0
120 67 31 19 18 80 77 171 21 23 11 37 28 70 40 109 69 14 12 88
192
0
122 58 42 19 34 67 91 184 40 6 12 18 28 65 56 65 86 12 21 90
193
0
146 53 31 30 33 74 91 160 51 8 9 20 30 60 82 66 93 27 12 130
194
0
102 69 46 25 31 68 66 171 32 13 28 25 34 89 66 97 57 13 16 79
195
0
124 57 34 26 47 65 71 149 31 14 20 21 36 66 71 87 52 16 20 104
196
0
131 67 41 31 27 83 64 180 36 14 29 28 41 104 91 59 73 18 15 101
197
0
103 81 43 29 37 76 70 184 25 17 10 24 29 62 55 69 68 27 16 95
198
0
122 115 24 23 33 61 74 190 27 11 16 22 60 71 74 103 62 20 13 103
199
0
133 42 39 27 36 61 80 153 23 9 18 29 45 63 70 84 44 11 15 146
