50
5
927804
0
0
43 6 16 79 19
1
0
20 15 20 59 23
2
0
17 5 19 103 27
3
0
37 11 13 67 15
4
0
20 8 21 108 28
5
0
16 6 25 59 20
6
0
12 11 19 86 19
7
0
24 8 26 69 21
8
0
22 5 16 99 16
9
0
25 9 17 75 14
10
0
6 14 30 60 11
11
0
20 7 37 63 18
12
0
12 6 14 80 27
13
0
18 6 15 114 37
14
0
18 8 17 82 16
15
0
17 8 20 98 18
16
0
11 8 22 71 23
17
0
25 9 22 60 19
18
0
21 10 18 90 13
19
0
29 9 10 71 21
20
0
19 7 25 104 23
21
0
13 4 37 97 11
22
0
9 8 22 101 17
23
0
22 3 12 78 22
24
0
17 5 17 73 22
25
0
26 11 12 95 18
26
0
24 9 27 83 19
27
0
20 9 28 57 24
28
0
17 6 23 95 14
29
0
18 10 15 95 21
30
0
18 5 30 69 19
31
0
23 4 20 107 24
32
0
19 15 12 94 18
33
0
16 12 15 91 17
34
0
11 4 29 67 42
35
0
19 10 22 66 14
36
0
12 4 19 115 14
37
0
21 8 11 123 14
38
0
10 5 15 112 36
39
0
25 13 20 103 19
40
0
30 7 7 108 32
41
0
28 9 13 120 16
42
0
21 8 19 89 14
43
0
23 6 23 86 22
44
0
18 6 16 84 18
45
0
16 8 12 74 13
46
0
16 12 24 72 13
47
0
18 9 12 87 18
48
0
14 6 19 68 17
49
0
38 10 17 77 20
