200
10
500261
0
0
2 58 63 21 87 10 68 11 17 89
1
0
53 64 38 22 2 8 115 63 16 79
2
0
36 10 167 76 38 0 19 35 15 105
3
0
2 97 9 9 13 39 56 160 136 16
4
0
6 33 123 52 64 69 4 51 93 37
5
0
15 12 60 154 3 47 89 2 44 45
6
0
103 16 53 3 5 2 231 44 90 1
7
0
3 113 0 69 64 20 19 65 13 51
8
0
77 24 8 30 4 44 52 87 4 32
9
0
44 43 35 156 145 36 47 55 146 0
10
0
35 60 18 32 34 19 0 49 41 73
11
0
70 1 49 28 29 140 124 40 91 24
12
0
57 20 86 36 22 64 9 16 167 90
13
0
71 26 21 12 70 124 80 41 49 84
14
0
21 29 32 46 56 17 30 42 51 111
15
0
13 33 82 97 35 145 58 54 108 30
16
0
108 79 88 33 60 38 76 32 25 41
17
0
89 157 13 1 85 9 68 27 51 23
18
0
14 62 59 72 29 83 41 27 15 60
19
0
103 57 8 39 12 12 69 18 18 43
20
0
2 3 41 1 24 1 34 61 4 91
21
0
23 27 3 37 61 9 6 6 30 52
22
0
111 12 49 121 15 22 62 75 56 30
23
0
21 15 77 10 21 11 36 96 86 103
24
0
12 14 27 29 107 21 29 108 19 26
25
0
0 35 106 43 77 25 44 4 10 100
26
0
10 0 137 339 77 53 22 89 4 23
27
0
65 63 37 37 61 5 2 53 109 4
28
0
24 17 28 50 15 9 94 60 29 1
29
0
22 61 57 68 6 63 11 5 26 10
30
0
27 15 25 19 7 11 11 50 18 125
31
0
18 24 53 55 6 159 75 33 4 21
32
0
11 44 5 90 72 19 13 180 21 10
33
0
12 11 14 163 141 20 261 22 29 8
34
0
23 24 104 25 66 31 40 38 32 18
35
0
58 3 1 13 0 239 95 39 31 41
36
0
1 5 4 36 56 61 70 77 188 49
37
0
8 0 23 32 35 45 36 67 7 42
38
0
16 33 19 7 25 1 74 0 1 63
39
0
173 56 77 116 28 61 6 43 81 31
40
0
87 107 0 109 112 59 90 45 62 46
41
0
53 35 56 22 1 37 67 12 74 33
42
0
6 142 155 36 62 108 61 2 17 33
43
0
5 13 43 135 63 4 11 10 8 17
44
0
35 12 17 87 20 35 64 1 4 19
45
0
5 62 14 39 11 42 254 3 67 186
46
0
114 88 21 22 42 31 79 0 33 5
47
0
117 14 8 136 111 11 50 12 1 144
48
0
84 83 70 33 18 18 5 77 6 186
49
0
32 88 1 173 98 164 41 19 26 41
50
0
164 16 151 5 24 36 30 37 14 115
51
0
49 10 14 14 6 40 18 2 70 94
52
0
85 73 3 16 6 3 7 14 53 6
53
0
45 54 30 102 182 4 101 100 16 61
54
0
39 42 82 15 77 5 1 85 73 4
55
0
74 0 14 28 11 22 8 2 77 33
56
0
22 21 13 9 36 70 29 3 44 9
57
0
36 52 7 100 46 27 16 70 81 81
58
0
110 205 12 31 40 18 4 20 81 12
59
0
10 123 19 4 51 43 17 101 62 17
60
0
10 29 61 1 101 5 29 36 20 55
61
0
29 4 24 1 37 105 90 45 34 42
62
0
16 40 206 41 198 18 58 86 32 18
63
0
97 52 24 106 11 12 119 63 5 21
64
0
73 14 17 176 4 26 30 48 11 47
65
0
7 40 5 242 8 231 114 68 14 25
66
0
79 30 42 10 156 49 126 48 57 82
67
0
12 49 14 16 59 28 58 28 58 119
68
0
39 2 25 29 96 41 7 89 57 12
69
0
77 25 42 4 36 98 96 33 63 33
70
0
39 78 59 9 46 208 6 132 136 11
71
0
6 33 73 94 35 19 42 19 2 7
72
0
51 12 9 22 25 67 3 36 2 52
73
0
115 17 75 21 40 36 16 63 100 102
74
0
21 18 95 69 20 153 32 12 55 4
75
0
189 26 50 143 88 107 128 53 50 40
76
0
37 4 45 10 18 31 3 42 22 138
77
0
8 28 23 135 13 21 40 24 7 68
78
0
58 21 31 3 102 57 7 114 9 8
79
0
33 39 74 39 20 17 121 35 86 39
80
0
25 38 63 26 12 11 18 21 214 19
81
0
10 95 10 4 101 10 112 21 45 152
82
0
5 3 63 30 191 62 108 26 66 81
83
0
62 16 54 64 16 40 36 18 20 71
84
0
15 26 97 0 9 7 11 56 29 77
85
0
20 103 5 199 35 15 23 55 135 32
86
0
130 123 12 37 27 185 106 52 56 18
87
0
56 5 26 50 17 32 129 105 29 173
88
0
12 2 7 54 6 6 132 1 16 7
89
0
40 20 111 99 149 35 22 155 35 4
90
0
130 176 39 35 13 4 71 23 6 83
91
0
3 88 112 1 110 11 8 5 18 10
92
0
6 264 52 39 11 34 142 58 69 63
93
0
11 71 70 0 23 118 147 9 100 19
94
0
13 205 1 66 73 26 37 53 177 70
95
0
239 9 141 90 11 59 37 240 0 46
96
0
36 17 23 71 37 13 18 5 35 109
97
0
33 10 31 49 96 19 9 132 2 22
98
0
14 9 107 10 7 12 109 3 8 1
99
0
40 5 38 22 11 134 143 72 35 30
100
0
77 54 42 63 37 74 91 78 20 26
101
0
85 48 114 11 60 22 2 5 9 58
102
0
9 55 112 45 8 3 196 22 16 68
103
0
97 182 2 1 14 30 5 11 4 30
104
0
60 40 2 23 2 67 28 28 104 167
105
0
94 94 36 54 10 31 13 15 11 0
106
0
23 75 30 73 32 56 16 26 20 99
107
0
58 110 8 0 51 3 26 51 13 2
108
0
154 38 16 21 11 13 4 25 7 85
109
0
62 107 18 83 19 44 40 33 11 6
110
0
40 147 35 51 15 17 8 43 68 2
111
0
9 23 4 205 11 61 4 82 28 38
112
0
1 29 9 36 9 69 18 2 10 1
113
0
72 25 47 20 6 128 80 12 176 24
114
0
15 186 27 5 1 80 6 19 19 5
115
0
40 39 18 38 11 9 67 6 11 19
116
0
45 73 97 48 150 46 25 35 58 75
117
0
3 34 60 163 85 37 53 94 36 71
118
0
144 29 60 19 27 32 68 6 53 10
119
0
77 7 10 3 28 26 29 25 36 14
120
0
60 37 8 26 22 22 42 28 56 13
121
0
33 15 83 35 0 8 213 65 16 50
122
0
22 156 9 18 23 5 100 17 5 71
123
0
76 24 80 17 32 32 21 7 148 26
124
0
29 3 1 178 46 29 45 12 38 71
125
0
45 15 14 81 45 55 56 34 9 25
126
0
0 33 29 4 80 11 20 6 27 34
127
0
47 80 104 189 5 132 34 18 80 54
128
0
166 15 85 8 3 26 45 44 12 51
129
0
28 45 2 105 107 22 8 23 91 1
130
0
35 6 1 46 16 127 113 78 30 6
131
0
68 33 47 10 25 53 24 78 63 14
132
0
1 27 11 0 38 86 51 7 42 225
133
0
29 141 94 67 1 45 47 73 46 169
134
0
7 141 5 11 107 76 8 38 54 31
135
0
40 8 67 37 125 37 55 3 92 82
136
0
37 101 17 22 34 37 33 23 86 8
137
0
60 68 109 38 58 68 8 100 39 50
138
0
59 134 52 13 6 2 1 103 164 132
139
0
41 10 29 3 162 39 44 79 13 28
140
0
21 131 36 17 91 30 112 8 91 49
141
0
21 74 2 51 12 62 5 16 74 45
142
0
32 62 0 26 13 5 6 3 12 80
143
0
189 122 209 120 9 0 1 110 10 60
144
0
18 5 23 30 18 74 23 158 15 27
145
0
6 2 6 6 16 0 19 62 57 76
146
0
67 40 21 5 118 45 40 41 51 77
147
0
23 4 21 8 178 23 29 43 21 168
148
0
27 80 79 25 72 21 50 33 32 64
149
0
25 40 28 35 16 75 5 83 4 37
150
0
37 160 20 232 85 15 9 53 21 5
151
0
46 82 87 188 53 8 18 1 80 28
152
0
5 88 94 24 40 24 32 8 129 6
153
0
88 36 52 3 1 107 1 49 7 8
154
0
103 8 151 64 93 67 20 31 24 11
155
0
219 8 7 5 163 12 30 48 201 39
156
0
106 27 24 46 64 106 34 1 70 18
157
0
11 6 79 7 79 92 200 47 30 211
158
0
50 45 28 20 55 11 68 62 0 1
159
0
46 16 24 8 36 26 39 171 20 53
160
0
17 45 20 7 40 65 5 26 124 17
161
0
41 15 46 37 3 41 44 58 60 30
162
0
123 3 97 27 25 73 12 170 107 6
163
0
28 26 132 3 92 12 1 7 148 23
164
0
17 76 17 3 19 14 16 65 43 40
165
0
131 17 74 43 11 130 10 28 6 7
166
0
3 26 1 13 25 32 40 2 8 73
167
0
8 3 67 46 17 86 19 50 12 2
168
0
39 9 47 20 15 100 104 6 25 13
169
0
32 63 38 2 6 1 1 21 22 9
170
0
10 2 15 21 16 59 15 24 44 86
171
0
34 6 32 6 86 49 44 40 31 52
172
0
30 32 12 14 14 42 13 3 6 66
173
0
18 7 72 48 18 11 100 15 21 145
174
0
97 17 42 48 2 73 11 3 84 23
175
0
3 75 57 27 1 123 196 33 98 61
176
0
12 45 110 8 44 42 125 32 7 27
177
0
30 8 12 142 23 12 1 23 256 186
178
0
228 93 1 105 35 71 99 5 24 18
179
0
116 2 40 17 9 27 34 28 37 67
180
0
74 11 38 37 75 4 14 105 43 30
181
0
34 67 19 9 50 35 42 128 100 114
182
0
97 4 50 38 148 38 104 9 67 137
183
0
19 0 67 8 133 3 54 3 22 64
184
0
168 7 3 77 99 19 8 124 27 0
185
0
26 2 108 69 122 54 49 36 19 12
186
0
15 46 2 40 102 59 24 82 4 27
187
0
1 33 66 13 12 76 39 8 80 26
188
0
187 39 30 98 31 12 122 28 5 19
189
0
56 3 18 2 14 69 8 69 61 116
190
0
129 4 2 11 36 53 101 139 18 99
191
0
4 36 16 50 227 15 108 45 62 38
192
0
128 158 17 178 29 94 23 8 39 2
193
0
17 36 42 11 14 3 4 42 13 131
194
0
5 5 55 15 144 69 2 65 7 17
195
0
18 22 32 18 86 10 92 74 12 58
196
0
79 9 60 31 22 77 42 43 9 57
197
0
52 7 39 17 68 14 4 8 17 5
198
0
68 89 18 6 28 30 6 108 5 143
199
0
174 19 18 113 9 2 13 6 25 70
