100
5
325769
0
0
44 116 139 9 25
1
0
55 98 130 15 27
2
0
59 90 133 9 34
3
0
54 126 101 15 40
4
0
107 92 126 15 30
5
0
64 95 107 7 42
6
0
64 82 99 6 42
7
0
71 86 160 11 31
8
0
64 87 123 9 27
9
0
69 60 132 8 29
10
0
46 81 111 20 39
11
0
46 106 147 8 31
12
0
56 70 146 12 34
13
0
37 107 152 6 19
14
0
83 64 109 7 41
15
0
47 70 132 10 32
16
0
70 94 103 11 26
17
0
66 94 144 11 30
18
0
58 116 144 9 21
19
0
67 70 109 10 39
20
0
64 70 144 7 29
21
0
59 85 109 14 31
22
0
96 73 138 7 39
23
0
76 96 113 10 27
24
0
54 100 135 2 25
25
0
97 71 125 7 30
26
0
77 74 91 7 43
27
0
52 64 120 10 31
28
0
81 100 141 11 22
29
0
85 72 136 8 30
30
0
69 88 122 17 29
31
0
75 101 111 14 31
32
0
91 106 138 12 28
33
0
73 82 162 9 33
34
0
86 87 118 9 37
35
0
97 75 124 8 40
36
0
39 89 112 17 25
37
0
59 101 137 8 33
38
0
57 68 146 10 35
39
0
69 110 87 7 27
40
0
63 74 111 13 20
41
0
58 84 95 6 35
42
0
77 103 127 4 31
43
0
77 84 143 18 19
44
0
67 88 104 9 29
45
0
64 70 136 8 24
46
0
57 85 191 6 25
47
0
82 73 104 12 45
48
0
56 124 131 6 26
49
0
50 91 119 7 40
50
0
49 65 136 10 37
51
0
51 84 94 9 32
52
0
61 76 116 7 23
53
0
63 90 141 8 19
54
0
64 69 117 8 25
55
0
54 98 138 8 28
56
0
76 94 100 6 31
57
0
60 108 133 4 37
58
0
56 109 133 9 27
59
0
62 71 141 7 42
60
0
73 71 98 11 35
61
0
83 71 116 10 41
62
0
57 110 191 7 39
63
0
80 124 146 7 33
64
0
74 88 98 5 34
65
0
58 84 134 5 24
66
0
74 85 123 11 27
67
0
52 83 113 9 41
68
0
63 90 150 6 27
69
0
50 110 112 9 34
70
0
59 57 135 7 19
71
0
67 71 117 3 24
72
0
70 74 119 14 18
73
0
60 93 131 6 33
74
0
82 89 167 8 26
75
0
56 81 102 7 27
76
0
65 114 115 11 18
77
0
73 89 158 10 25
78
0
54 77 119 12 18
79
0
62 88 126 7 38
80
0
75 76 139 11 34
81
0
73 73 149 10 33
82
0
65 93 92 11 25
83
0
67 69 89 9 31
84
0
64 61 113 9 32
85
0
68 104 144 7 18
86
0
71 117 123 8 39
87
0
67 88 129 8 20
88
0
61 88 110 5 57
89
0
49 71 78 8 26
90
0
59 87 101 11 25
91
0
63 75 125 7 17
92
0
90 73 170 10 39
93
0
63 86 133 8 34
94
0
76 91 149 12 21
95
0
70 80 125 9 36
96
0
71 92 103 6 25
97
0
57 90 134 10 30
98
0
44 56 122 6 37
99
0
83 104 140 9 31
