50
10
209916
0
0
6 18 106 14 4 5 21 63 106 108
1
0
22 5 70 142 36 97 181 58 51 26
2
0
56 5 64 16 6 147 14 104 247 98
3
0
56 68 94 44 132 4 92 20 12 30
4
0
14 59 127 36 2 57 62 79 41 89
5
0
18 40 77 171 44 28 9 0 125 19
6
0
44 1 126 43 3 72 5 59 79 68
7
0
9 49 52 93 25 22 24 97 55 109
8
0
31 7 53 50 24 6 94 29 111 40
9
0
38 42 46 6 94 41 22 51 98 125
10
0
53 1 39 10 195 23 46 32 40 31
11
0
56 74 0 53 22 19 19 109 32 78
12
0
11 104 82 12 30 17 107 6 12 2
13
0
65 2 60 15 37 57 12 27 10 81
14
0
76 124 0 34 43 29 49 0 32 115
15
0
28 62 78 79 13 110 106 71 73 15
16
0
1 6 99 25 0 11 32 2 228 6
17
0
93 78 93 80 141 29 23 11 4 90
18
0
70 13 5 8 48 62 4 36 91 47
19
0
28 34 2 31 79 93 39 197 14 36
20
0
49 4 36 5 56 18 26 55 48 10
21
0
318 124 67 23 33 0 10 28 42 29
22
0
35 37 9 5 5 16 26 24 63 57
23
0
0 58 115 11 2 26 26 2 73 6
24
0
4 222 32 2 33 104 27 18 8 71
25
0
151 21 10 10 113 52 22 34 29 23
26
0
65 42 71 29 32 52 3 76 86 37
27
0
25 115 95 2 14 3 185 57 112 1
28
0
194 19 3 101 77 48 12 12 233 31
29
0
49 91 3 29 45 51 34 27 22 1
30
0
12 19 9 12 5 56 25 124 76 26
31
0
42 148 38 49 75 22 56 33 35 85
32
0
153 65 9 61 199 3 39 195 97 42
33
0
13 6 47 71 33 36 5 24 44 28
34
0
94 33 51 21 18 14 40 38 58 31
35
0
133 100 24 63 13 12 15 97 45 10
36
0
67 22 33 12 18 7 29 72 17 7
37
0
76 20 64 2 38 84 27 72 12 64
38
0
122 32 27 27 46 14 4 5 372 10
39
0
40 136 118 86 88 44 141 22 74 23
40
0
10 25 70 1 148 17 21 9 7 104
41
0
10 26 32 126 87 6 48 37 11 59
42
0
34 3 49 7 33 1 46 28 64 79
43
0
32 109 160 22 8 24 75 39 85 34
44
0
25 200 2 90 6 82 191 7 1 35
45
0
151 7 2 78 62 26 82 13 13 1
46
0
18 6 82 2 77 49 5 26 153 7
47
0
117 80 87 56 34 45 7 40 12 19
48
0
3 75 42 56 46 76 77 33 65 77
49
0
3 12 97 4 14 7 53 5 25 31
