200
10
830131
0
0
29 47 69 1 34 24 124 16 31 34
1
0
47 45 77 2 27 33 115 22 21 41
2
0
33 71 78 3 54 26 141 27 31 41
3
0
44 27 75 1 41 24 113 18 27 36
4
0
42 37 87 2 26 32 118 24 28 31
5
0
32 68 85 2 35 29 97 18 42 38
6
0
22 37 53 1 52 40 107 29 36 54
7
0
27 44 73 3 28 29 90 15 40 58
8
0
53 75 71 2 31 27 109 19 26 28
9
0
37 43 76 1 37 22 137 22 21 38
10
0
38 70 81 3 30 26 124 17 37 29
11
0
33 34 79 1 36 18 142 33 25 47
12
0
45 40 81 2 40 30 127 23 18 47
13
0
34 39 76 2 34 29 133 27 25 35
14
0
41 44 85 2 39 23 112 27 26 38
15
0
28 42 103 3 42 30 148 15 38 26
16
0
48 41 55 2 37 24 117 25 35 43
17
0
64 47 63 1 30 37 126 24 33 44
18
0
29 43 79 2 33 22 138 34 24 47
19
0
27 54 72 1 25 22 166 34 20 45
20
0
20 40 52 2 39 25 117 33 21 36
21
0
40 47 72 2 38 24 113 28 24 28
22
0
40 57 88 1 40 24 93 25 27 48
23
0
28 44 87 2 44 29 140 18 21 55
24
0
33 51 59 2 30 26 131 31 23 39
25
0
41 53 82 2 34 31 130 17 50 43
26
0
30 56 68 1 41 42 109 25 26 29
27
0
40 39 68 1 37 21 114 10 40 53
28
0
26 50 96 1 46 16 135 17 24 57
29
0
24 62 65 1 16 30 116 33 33 42
30
0
29 47 66 2 32 33 118 26 29 25
31
0
45 41 83 2 33 11 122 23 41 35
32
0
52 51 63 2 31 36 108 30 30 56
33
0
37 41 57 1 40 23 140 18 30 38
34
0
51 62 72 2 31 21 120 18 27 37
35
0
35 69 78 1 20 14 130 14 38 36
36
0
41 80 80 1 44 20 122 30 38 46
37
0
46 42 66 2 27 23 150 23 32 40
38
0
34 54 51 1 38 28 124 19 25 51
39
0
34 50 63 2 41 21 109 26 36 45
40
0
43 75 82 2 44 22 143 17 42 37
41
0
47 42 53 2 45 24 138 20 49 58
42
0
28 45 81 2 34 20 101 23 34 36
43
0
61 57 78 1 32 34 155 29 24 45
44
0
36 41 112 1 35 24 121 20 35 38
45
0
40 56 93 2 32 34 124 21 21 49
46
0
45 52 62 2 50 19 122 30 30 42
47
0
48 36 69 1 22 24 134 13 20 42
48
0
40 60 79 2 29 22 170 23 42 38
49
0
46 46 63 2 39 41 116 22 35 35
50
0
34 32 97 1 24 30 89 24 31 32
51
0
37 56 108 1 31 18 122 30 25 37
52
0
23 48 69 1 21 32 114 30 57 40
53
0
25 66 55 1 21 25 100 21 38 34
54
0
42 43 56 2 36 20 130 17 25 33
55
0
35 77 68 1 51 20 114 18 33 33
56
0
50 46 57 2 30 18 118 21 27 37
57
0
56 49 64 3 35 37 94 19 23 34
58
0
33 51 83 3 34 25 108 16 34 32
59
0
34 42 78 1 33 24 114 24 28 22
60
0
45 45 47 2 48 23 136 22 32 27
61
0
42 60 68 1 38 23 117 15 34 42
62
0
35 42 88 2 30 24 111 24 28 55
63
0
47 44 89 2 54 27 151 21 13 39
64
0
42 33 74 1 30 24 94 28 38 45
65
0
33 45 65 1 40 22 120 22 32 46
66
0
32 44 52 2 36 23 124 34 37 42
67
0
28 27 66 1 40 21 135 25 49 29
68
0
34 39 67 1 45 41 110 26 23 30
69
0
45 45 83 1 23 29 111 15 34 26
70
0
25 41 71 2 37 18 105 35 29 29
71
0
38 50 72 4 43 34 102 18 31 24
72
0
40 49 68 3 45 27 125 20 34 46
73
0
24 40 84 1 30 27 153 24 32 34
74
0
38 44 52 1 37 22 102 23 47 44
75
0
40 42 83 2 40 34 124 21 33 29
76
0
30 45 76 2 31 19 129 28 37 46
77
0
24 57 61 1 39 31 89 25 28 29
78
0
36 74 85 2 32 31 130 14 62 34
79
0
31 46 64 2 25 30 133 20 37 44
80
0
45 55 83 4 43 24 126 20 21 46
81
0
36 35 51 2 38 29 123 19 37 32
82
0
31 39 61 2 39 34 130 20 25 25
83
0
29 52 95 1 38 23 129 24 41 35
84
0
37 32 68 1 34 28 118 26 37 47
85
0
29 34 75 1 38 20 141 18 29 38
86
0
38 33 59 2 27 24 124 35 24 38
87
0
44 48 88 2 32 24 92 32 37 29
88
0
47 55 81 2 30 22 126 15 43 40
89
0
51 38 70 1 38 27 117 15 37 34
90
0
51 61 87 3 44 26 114 20 22 34
91
0
49 67 72 2 28 22 93 32 31 28
92
0
46 48 82 1 32 31 126 23 37 41
93
0
45 68 62 2 36 31 199 23 27 46
94
0
36 74 80 2 33 24 136 19 18 57
95
0
58 67 98 2 26 25 134 26 36 36
96
0
40 40 91 1 41 28 153 25 30 43
97
0
28 52 62 2 26 24 100 23 27 45
98
0
29 59 67 2 34 22 97 19 32 43
99
0
44 44 70 1 19 25 118 20 30 20
100
0
35 57 69 3 51 17 125 24 27 37
101
0
31 44 68 2 40 34 114 19 22 32
102
0
44 60 68 1 36 28 134 22 23 35
103
0
34 50 72 1 22 27 126 32 34 39
104
0
28 39 72 2 35 18 165 25 24 35
105
0
43 56 59 1 32 26 136 17 31 53
106
0
29 51 71 1 32 21 129 17 41 39
107
0
28 47 70 1 23 31 122 21 21 46
108
0
35 41 103 1 33 24 166 23 31 33
109
0
30 53 48 1 38 33 119 16 33 38
110
0
43 43 45 2 39 43 149 30 32 46
111
0
38 46 54 1 27 34 121 12 34 43
112
0
49 50 76 1 37 32 153 20 26 53
113
0
27 53 63 1 33 46 143 30 29 42
114
0
48 72 88 1 30 27 104 14 14 39
115
0
32 58 72 2 40 37 125 24 20 48
116
0
36 52 93 1 29 27 121 24 31 31
117
0
27 38 71 1 32 29 128 26 33 44
118
0
35 77 82 1 28 20 119 12 26 46
119
0
25 37 56 1 34 26 126 18 33 33
120
0
22 34 61 2 43 13 150 15 20 50
121
0
24 49 60 1 32 35 112 35 21 44
122
0
24 66 97 2 41 36 113 22 27 47
123
0
28 47 72 2 41 23 75 33 21 48
124
0
24 38 64 1 59 26 105 17 25 54
125
0
31 56 95 2 30 25 101 15 30 32
126
0
61 61 104 1 41 29 121 33 39 38
127
0
22 62 81 1 27 25 122 17 35 41
128
0
46 65 68 1 26 36 125 24 36 29
129
0
35 53 54 1 34 18 135 22 42 53
130
0
41 38 89 2 33 34 137 26 31 30
131
0
55 49 90 2 40 34 183 18 29 31
132
0
43 37 74 4 33 18 100 21 37 50
133
0
38 62 55 2 18 12 106 16 35 42
134
0
22 37 65 2 45 34 131 18 36 49
135
0
51 44 60 1 37 28 122 27 35 42
136
0
45 34 81 1 26 34 113 21 31 35
137
0
29 31 68 1 26 22 92 22 29 48
138
0
44 45 91 1 36 28 127 28 21 48
139
0
26 28 60 2 25 18 140 19 33 36
140
0
46 55 59 2 31 21 129 27 39 29
141
0
45 52 69 1 45 15 149 36 28 31
142
0
35 60 95 2 30 21 145 15 32 44
143
0
32 51 67 1 35 22 108 24 24 26
144
0
26 50 63 1 44 38 106 24 19 27
145
0
21 43 41 4 35 28 111 20 29 54
146
0
49 59 66 1 26 30 195 26 35 68
147
0
39 52 65 2 32 37 114 19 43 33
148
0
57 60 71 1 48 24 135 24 55 25
149
0
39 52 76 1 42 27 151 25 41 45
150
0
33 50 91 1 38 34 120 20 45 45
151
0
30 33 90 2 48 31 168 26 28 35
152
0
43 29 54 1 52 43 133 31 46 48
153
0
29 42 85 2 29 32 150 33 39 50
154
0
29 49 67 1 44 30 109 29 50 45
155
0
34 40 83 1 29 31 105 23 29 42
156
0
29 43 65 1 27 29 108 12 25 43
157
0
41 42 100 1 41 24 117 40 23 37
158
0
35 46 57 5 42 32 131 26 33 47
159
0
50 42 54 1 35 29 108 33 24 62
160
0
42 61 76 1 43 19 113 22 36 31
161
0
44 51 66 1 27 30 130 21 21 43
162
0
45 35 57 2 43 17 116 19 38 42
163
0
18 35 96 1 46 22 174 24 32 40
164
0
27 52 57 2 31 37 114 24 42 34
165
0
36 54 58 2 37 16 139 28 28 29
166
0
31 59 62 2 58 20 131 23 22 42
167
0
41 64 63 3 44 34 145 23 36 47
168
0
25 39 79 1 29 22 174 39 18 51
169
0
48 42 90 1 35 28 140 18 19 31
170
0
46 39 78 1 42 27 104 32 21 36
171
0
41 54 93 1 51 28 146 27 31 36
172
0
31 38 78 2 37 17 95 18 30 33
173
0
32 62 68 1 31 24 122 27 20 32
174
0
33 49 69 2 32 23 128 16 30 38
175
0
42 55 103 1 49 20 95 26 30 41
176
0
48 45 62 1 38 36 112 23 35 37
177
0
50 68 78 1 51 17 109 25 22 34
178
0
58 48 64 2 50 42 136 23 28 36
179
0
39 71 105 2 35 34 149 26 24 28
180
0
31 46 53 2 38 20 120 19 25 28
181
0
40 41 93 3 17 30 139 39 34 34
182
0
50 46 99 1 56 22 125 12 22 43
183
0
36 54 57 2 31 25 120 19 24 33
184
0
35 36 58 2 29 31 128 22 46 41
185
0
50 52 78 2 33 25 109 33 24 53
186
0
32 52 74 2 38 33 129 14 25 34
187
0
30 47 96 2 33 21 115 15 17 35
188
0
54 51 80 1 22 26 151 15 34 47
189
0
40 57 54 3 35 28 149 26 22 35
190
0
40 50 86 1 38 32 116 23 49 36
191
0
31 56 75 2 36 29 114 25 15 27
192
0
38 50 63 1 46 28 125 36 26 29
193
0
33 44 66 2 40 10 111 23 35 35
194
0
45 51 67 1 30 31 97 46 35 26
195
0
41 43 69 2 37 26 104 28 35 30
196
0
40 39 68 2 46 27 168 22 36 45
197
0
32 35 80 2 24 24 155 18 25 44
198
0
44 53 71 1 31 25 110 21 18 37
199
0
37 46 91 1 43 25 142 28 31 31
