50
20
618076
0
0
125 217 14 32 121 1 15 26 45 57 19 47 4 23 21 27 97 57 138 9
1
0
135 201 19 32 115 4 13 34 64 43 30 34 4 28 30 56 115 47 160 22
2
0
157 240 31 32 110 3 17 19 50 37 37 28 5 30 17 53 95 32 153 11
3
0
158 233 22 39 119 2 11 23 45 48 17 27 6 19 28 42 118 40 142 9
4
0
129 217 17 35 112 3 14 39 60 33 24 18 4 29 14 51 80 47 163 8
5
0
135 196 21 29 166 5 10 38 54 38 29 35 10 41 20 48 80 77 166 8
6
0
126 204 14 13 114 3 9 36 59 65 27 35 6 29 25 39 96 59 195 15
7
0
153 161 16 51 91 4 10 23 70 33 24 35 6 33 21 34 106 42 163 11
8
0
95 201 27 26 117 3 18 26 77 66 21 19 9 30 32 55 130 59 164 10
9
0
136 173 16 28 147 2 7 27 66 51 24 35 7 31 19 58 87 45 157 11
10
0
137 204 9 42 111 2 9 21 38 51 23 34 8 39 20 39 71 57 179 14
11
0
150 163 9 42 123 3 8 28 66 46 34 22 3 35 28 39 131 46 153 9
12
0
187 223 21 46 84 2 8 32 46 76 25 39 5 32 17 33 79 42 154 19
13
0
130 205 20 40 131 2 17 38 51 57 35 41 6 25 26 33 101 36 162 13
14
0
176 170 18 51 131 3 11 35 63 71 38 43 9 25 28 45 90 57 167 16
15
0
176 176 19 37 95 2 23 20 54 57 29 29 8 30 32 49 89 58 172 12
16
0
132 247 21 29 138 2 7 40 80 39 18 42 4 30 27 26 133 45 131 13
17
0
139 187 11 30 130 3 10 32 45 57 33 22 3 21 34 55 93 64 149 11
18
0
135 172 17 24 113 3 13 47 62 51 36 29 9 27 25 50 91 55 143 18
19
0
126 233 26 24 126 3 11 34 44 63 25 19 5 29 32 55 77 46 224 10
20
0
110 212 14 53 107 3 10 18 51 47 37 34 5 27 24 46 95 51 186 8
21
0
149 187 16 38 100 3 13 23 55 48 41 36 10 42 36 35 96 55 144 13
22
0
148 223 15 49 102 4 15 25 73 80 27 37 13 39 21 45 110 76 178 9
23
0
121 152 18 26 108 2 15 20 64 61 26 40 8 29 24 32 104 46 137 9
24
0
109 173 30 29 118 2 8 34 60 65 19 36 6 35 29 45 98 48 137 11
25
0
113 202 15 31 111 4 12 20 77 54 20 46 6 23 30 46 101 57 144 13
26
0
132 210 19 41 110 2 37 20 62 37 19 35 6 35 43 46 96 35 133 14
27
0
161 242 16 39 116 2 16 28 49 48 48 33 6 37 20 44 111 46 152 9
28
0
127 212 29 54 85 3 14 38 63 51 25 38 7 27 27 59 87 42 168 11
29
0
165 180 42 27 129 6 14 31 80 48 29 37 8 45 31 48 105 57 178 11
30
0
123 217 14 24 86 2 7 40 66 36 32 34 11 14 31 29 116 33 138 11
31
0
151 173 26 35 125 4 16 41 62 37 23 36 9 44 24 43 90 58 148 11
32
0
113 222 15 34 145 2 9 30 45 72 17 30 5 29 31 48 111 48 186 7
33
0
118 254 18 49 100 7 8 21 60 37 31 34 9 21 25 54 111 50 170 13
34
0
120 183 17 34 94 2 11 49 42 52 29 26 9 26 35 39 77 53 158 10
35
0
117 218 25 24 122 4 6 32 60 49 33 43 10 38 37 42 82 32 160 17
36
0
120 256 15 31 85 4 13 32 47 51 40 41 4 32 23 44 97 59 174 10
37
0
128 190 12 47 103 3 21 31 60 52 30 33 5 42 34 30 96 61 186 10
38
0
143 240 27 42 136 2 5 22 40 35 20 23 7 35 28 32 87 44 166 16
39
0
140 197 38 16 140 5 11 33 63 40 32 43 7 31 24 35 104 65 189 7
40
0
144 216 19 30 121 2 12 25 55 56 28 34 5 20 34 34 81 55 163 19
41
0
125 181 16 39 124 2 15 21 49 57 37 34 10 48 19 33 105 72 158 11
42
0
175 186 16 28 107 7 20 34 49 71 28 34 6 25 20 47 104 40 176 11
43
0
169 226 17 36 130 2 13 41 63 54 17 27 11 22 24 25 78 40 161 19
44
0
179 207 16 33 111 3 5 24 82 62 32 30 5 32 27 30 100 56 135 13
45
0
147 211 22 32 99 3 19 28 65 61 18 15 5 24 17 37 98 46 160 15
46
0
152 176 7 28 128 1 12 30 59 48 30 27 10 17 19 35 110 48 178 13
47
0
138 178 14 29 88 4 13 27 83 41 21 22 6 28 29 41 101 55 203 10
48
0
147 188 15 47 146 1 14 28 53 43 34 22 6 34 24 49 103 53 145 4
49
0
155 189 10 34 117 2 7 20 79 76 30 38 5 35 16 33 89 61 115 10
