30
5
879065
0
0
1 2 2 3 3
1
0
65 41 63 64 53
2
0
9 11 7 10 17
3
0
2 4 4 3 3
4
0
25 26 31 25 39
5
0
72 69 67 72 82
6
0
29 36 31 43 45
7
0
14 17 11 13 10
8
0
13 12 8 9 9
9
0
64 53 82 83 99
10
0
14 24 21 19 17
11
0
10 15 8 10 6
12
0
14 25 17 32 15
13
0
53 37 61 44 40
14
0
63 90 94 74 71
15
0
67 32 57 63 60
16
0
78 77 99 98 75
17
0
27 35 27 38 43
18
0
31 33 50 43 35
19
0
61 53 60 45 84
20
0
34 22 22 29 29
21
0
156 129 111 157 118
22
0
22 26 21 41 37
23
0
26 25 37 29 43
24
0
129 123 147 145 148
25
0
10 5 9 5 2
26
0
9 14 6 7 13
27
0
179 154 209 186 162
28
0
8 6 8 3 4
29
0
69 54 70 79 55
