50
10
333894
0
0
83 28 5 75 68 46 5 50 68 11
1
0
73 10 12 72 68 65 4 74 101 12
2
0
83 19 4 87 61 31 4 60 98 18
3
0
66 12 7 93 49 47 6 82 71 9
4
0
76 25 12 83 66 61 4 62 81 10
5
0
57 14 11 121 51 38 6 73 90 14
6
0
108 13 15 102 45 40 4 66 83 11
7
0
81 11 10 88 46 41 3 70 78 12
8
0
70 13 6 73 54 61 5 71 73 23
9
0
50 15 8 73 82 43 3 66 76 15
10
0
79 16 5 112 63 30 6 92 59 15
11
0
54 17 9 85 57 43 6 107 77 16
12
0
87 22 10 68 53 29 3 67 100 14
13
0
88 25 9 89 57 51 6 88 75 16
14
0
59 23 5 72 58 43 4 65 71 13
15
0
76 13 8 83 40 50 5 79 97 11
16
0
73 23 13 65 61 49 3 103 83 19
17
0
63 15 6 78 52 38 5 69 69 21
18
0
80 16 10 76 65 60 6 92 67 15
19
0
71 21 8 68 63 59 5 74 76 25
20
0
89 14 8 89 70 37 5 87 77 15
21
0
69 14 12 108 44 53 3 69 85 8
22
0
65 21 10 80 49 45 3 55 80 13
23
0
62 32 7 88 42 51 3 90 74 13
24
0
78 19 9 62 62 62 2 72 89 9
25
0
100 17 6 99 48 42 3 80 96 10
26
0
69 16 10 92 71 57 5 48 67 20
27
0
76 14 13 94 58 69 5 74 56 16
28
0
73 25 8 89 62 51 2 81 72 11
29
0
74 10 9 93 51 78 3 73 87 18
30
0
102 20 7 94 76 77 4 44 71 12
31
0
92 22 5 78 56 57 3 62 68 14
32
0
57 17 8 84 73 59 7 88 81 11
33
0
79 18 10 115 51 40 7 83 62 13
34
0
70 16 7 69 53 75 4 63 96 16
35
0
78 17 11 95 43 31 4 94 66 23
36
0
74 15 9 125 39 45 2 97 113 22
37
0
52 14 9 104 55 48 4 56 57 13
38
0
83 19 11 68 38 41 3 110 74 18
39
0
103 13 11 85 41 64 2 109 77 17
40
0
98 16 10 107 37 43 5 73 94 14
41
0
68 16 5 101 53 36 6 91 64 12
42
0
90 19 10 68 54 46 3 77 97 15
43
0
92 21 5 86 72 49 5 51 103 17
44
0
53 16 12 86 61 44 9 69 69 14
45
0
82 21 19 112 68 30 4 62 94 13
46
0
46 14 13 105 33 22 3 69 89 17
47
0
88 18 12 113 38 32 4 62 74 20
48
0
81 15 12 94 66 51 4 78 72 14
49
0
63 18 13 106 46 45 4 69 79 16
