30
10
420685
0
0
78 161 25 45 9 19 39 10 21 214
1
0
151 8 25 97 64 77 24 66 22 71
2
0
50 41 42 29 39 77 13 79 68 28
3
0
16 7 250 13 15 64 30 87 28 24
4
0
36 77 121 73 37 14 6 11 13 49
5
0
0 250 26 55 27 33 50 32 94 88
6
0
278 32 182 1 6 1 55 12 64 1
7
0
76 56 10 130 39 6 17 154 4 4
8
0
45 8 6 44 46 110 10 18 78 15
9
0
30 51 151 24 48 34 67 6 33 62
10
0
36 6 22 26 8 21 15 5 9 41
11
0
17 24 62 45 54 13 81 14 76 39
12
0
29 38 44 83 74 0 10 2 15 6
13
0
19 44 17 80 6 108 50 118 28 110
14
0
5 50 184 15 113 39 43 7 32 1
15
0
112 39 28 5 73 29 44 75 58 1
16
0
31 6 33 42 7 11 7 15 34 1
17
0
37 14 13 0 53 8 33 32 20 50
18
0
26 109 45 5 26 2 114 9 42 56
19
0
24 62 8 186 0 11 7 120 6 78
20
0
45 24 106 7 87 23 4 29 4 26
21
0
65 21 50 39 34 7 87 3 19 17
22
0
21 66 3 232 69 105 210 6 11 1
23
0
31 10 29 8 30 56 88 88 18 56
24
0
22 27 2 49 149 51 51 22 10 31
25
0
16 37 46 106 45 57 10 39 7 53
26
0
65 4 3 23 35 64 46 74 84 22
27
0
63 115 65 22 29 121 32 58 308 23
28
0
42 115 87 89 33 7 8 5 42 11
29
0
118 5 80 45 323 42 37 77 0 6
