30
10
305923
0
0
74 42 77 47 102 54 70 69 68 74
1
0
4 6 6 8 6 5 9 9 6 5
2
0
53 35 41 43 61 51 36 57 81 45
3
0
13 28 20 23 15 25 14 16 17 19
4
0
97 92 111 159 130 144 102 112 105 124
5
0
20 19 24 25 29 20 17 17 18 22
6
0
23 24 17 26 15 19 23 29 15 27
7
0
6 7 15 6 6 4 7 5 4 3
8
0
8 6 10 8 9 12 10 14 8 6
9
0
132 149 128 103 123 142 155 125 139 154
10
0
122 112 111 118 152 103 134 98 101 78
11
0
1 1 1 1 1 1 1 1 1 1
12
0
115 92 163 125 97 105 109 136 109 150
13
0
83 96 132 71 81 72 89 67 90 79
14
0
85 46 84 65 63 75 74 59 70 102
15
0
53 70 63 50 49 81 61 100 61 71
16
0
124 99 97 96 110 120 120 140 141 83
17
0
49 39 32 44 49 31 50 34 32 42
18
0
94 90 97 79 115 81 63 67 90 62
19
0
40 43 52 67 65 37 42 48 43 61
20
0
34 32 20 30 17 20 15 33 23 23
21
0
130 137 174 133 112 80 108 139 138 109
22
0
80 91 85 75 83 96 65 79 87 72
23
0
17 6 14 7 19 8 13 7 11 22
24
0
5 6 4 8 4 6 5 5 7 13
25
0
47 28 33 44 40 39 56 35 32 56
26
0
17 11 13 23 13 18 13 29 25 16
27
0
121 116 154 130 151 171 124 164 131 108
28
0
73 55 121 99 85 86 68 80 114 73
29
0
130 142 122 130 88 82 79 81 102 116
