30
10
964842
0
0
80 134 28 41 25 14 57 35 5 14
1
0
77 149 50 30 31 18 66 21 9 14
2
0
102 131 45 43 35 18 48 22 6 14
3
0
49 103 52 36 39 17 54 45 5 11
4
0
87 134 28 51 33 12 68 24 6 18
5
0
109 155 55 26 34 12 59 35 4 16
6
0
69 160 41 45 26 8 66 31 6 9
7
0
83 117 36 27 29 15 50 32 6 16
8
0
72 88 38 43 31 16 87 21 4 11
9
0
78 154 65 46 30 12 40 37 7 12
10
0
78 140 54 47 46 12 56 36 6 15
11
0
67 110 54 37 39 15 56 35 8 11
12
0
53 138 44 40 40 14 69 31 5 24
13
0
48 116 52 41 48 10 70 40 11 27
14
0
76 128 49 30 38 18 65 25 5 12
15
0
75 89 28 44 31 13 74 28 8 21
16
0
72 159 40 41 30 10 66 31 6 25
17
0
87 112 33 49 22 13 69 36 5 20
18
0
81 145 38 27 49 12 87 38 8 11
19
0
57 139 51 46 44 20 62 22 5 17
20
0
116 123 46 38 36 18 57 30 10 17
21
0
113 103 46 42 29 9 68 26 6 13
22
0
91 118 52 42 30 8 81 39 5 18
23
0
84 209 43 39 36 12 67 31 7 17
24
0
99 134 28 29 46 11 48 30 5 10
25
0
115 127 59 44 41 10 65 40 5 7
26
0
73 122 34 52 46 11 91 32 6 11
27
0
67 140 33 27 52 15 77 24 8 17
28
0
94 103 43 36 33 23 52 25 7 13
29
0
80 138 39 42 28 13 57 39 10 14
