100
20
573246
0
0
69 7 50 14 159 13 102 16 4 73 40 64 44 26 11 22 25 114 29 19
1
0
79 40 19 3 8 44 107 17 27 122 44 92 40 9 9 2 16 46 86 3
2
0
133 18 31 25 66 16 25 37 26 109 55 187 7 108 17 131 11 40 4 88
3
0
87 0 24 100 167 36 73 44 86 145 49 12 14 41 13 2 103 5 28 121
4
0
18 15 0 44 56 56 2 25 55 21 42 57 0 16 170 79 1 2 5 29
5
0
95 12 163 106 9 58 28 90 58 21 12 14 75 55 104 84 15 72 184 43
6
0
85 35 21 20 48 75 10 130 28 44 21 13 78 41 4 77 78 48 19 0
7
0
21 54 7 65 223 1 45 85 6 5 32 7 63 55 95 39 16 51 2 36
8
0
62 35 9 15 14 83 7 45 69 22 14 106 94 8 26 19 29 4 40 8
9
0
29 119 51 22 48 13 14 57 133 66 21 10 69 133 26 237 11 17 5 13
10
0
2 10 81 26 26 43 39 8 12 91 69 30 19 36 3 4 57 214 7 249
11
0
22 23 65 120 56 92 6 88 17 51 54 224 12 0 22 60 44 1 60 56
12
0
12 44 124 24 2 72 34 83 65 26 31 13 43 1 14 57 62 29 32 37
13
0
6 5 17 9 41 8 31 36 22 7 14 230 55 39 103 22 64 108 100 63
14
0
39 56 37 59 17 53 26 46 4 19 0 177 100 16 181 278 11 33 16 3
15
0
1 7 83 25 24 24 5 21 57 15 42 54 42 57 60 41 68 112 72 18
16
0
16 166 21 2 18 3 2 76 64 23 30 12 88 41 5 52 116 107 109 79
17
0
5 39 9 35 7 139 34 9 5 95 210 107 109 44 60 30 7 113 2 40
18
0
59 22 93 33 4 31 4 82 14 14 12 41 13 101 1 8 76 56 1 89
19
0
98 1 100 5 39 81 4 6 11 136 28 45 56 32 93 270 6 7 58 32
20
0
237 47 9 70 4 57 38 14 24 17 105 8 3 59 83 5 38 29 27 17
21
0
27 30 2 20 159 47 36 74 180 49 24 16 6 11 17 46 27 2 0 113
22
0
36 130 74 81 18 14 7 14 61 77 26 29 106 1 77 121 66 19 7 19
23
0
92 177 15 22 9 25 13 0 6 159 65 58 8 8 25 95 209 3 62 29
24
0
28 49 14 86 1 5 70 10 112 185 33 4 39 12 4 9 0 126 139 3
25
0
98 5 75 41 87 49 15 155 4 65 7 25 40 228 79 156 34 9 36 2
26
0
15 12 17 51 283 6 167 61 7 122 51 61 14 2 48 8 167 16 56 9
27
0
64 14 41 37 131 134 23 64 71 15 2 58 2 8 19 29 73 133 18 95
28
0
50 56 1 21 38 14 10 41 8 61 30 81 36 4 10 77 20 57 204 46
29
0
41 29 44 72 12 29 10 11 26 298 76 40 4 31 13 76 30 84 18 44
30
0
18 15 139 34 0 17 332 1 40 64 119 185 73 246 65 113 81 23 10 86
31
0
15 23 8 92 30 13 7 24 99 29 11 215 35 74 19 57 31 162 0 64
32
0
115 9 132 127 6 19 20 42 4 0 115 193 53 42 55 14 103 13 117 16
33
0
72 9 13 23 290 8 4 29 30 4 13 35 149 25 16 4 17 14 57 52
34
0
102 63 15 134 71 45 123 4 63 11 69 9 17 30 56 69 83 69 40 34
35
0
91 4 5 115 97 7 135 8 109 36 35 69 54 59 9 106 18 4 172 47
36
0
33 29 164 108 5 10 89 59 186 79 22 67 91 16 32 34 38 25 14 92
37
0
1 17 6 12 89 160 11 19 89 62 21 38 2 6 8 110 63 26 104 32
38
0
3 59 63 55 88 78 36 12 172 89 33 25 10 3 55 45 114 14 101 82
39
0
40 20 7 10 23 142 4 33 22 59 49 76 33 0 4 32 160 33 59 2
40
0
1 12 13 44 35 8 11 28 20 67 48 134 53 64 146 3 104 21 22 140
41
0
18 74 19 5 89 51 24 80 12 0 57 13 140 9 39 2 21 1 66 49
42
0
43 42 98 10 49 23 23 46 18 10 94 53 12 10 32 38 1 18 25 6
43
0
31 67 72 81 30 36 34 42 61 97 6 10 14 42 1 13 99 11 3 74
44
0
12 22 11 114 12 67 226 19 208 1 12 88 89 8 10 28 50 30 78 48
45
0
20 9 61 28 16 5 3 3 15 153 5 90 60 17 12 24 43 38 53 42
46
0
149 9 213 94 0 22 56 66 66 98 6 144 27 16 41 64 35 2 53 13
47
0
44 32 1 10 26 24 52 85 260 138 105 121 5 33 85 40 30 36 50 5
48
0
4 9 20 19 24 12 50 73 140 20 13 18 9 122 5 52 46 16 8 181
49
0
45 156 117 78 24 9 77 22 309 6 55 41 41 44 48 2 154 187 48 22
50
0
158 17 11 100 43 53 112 25 68 102 1 6 8 7 43 30 57 14 48 19
51
0
60 10 25 7 7 18 13 82 17 36 163 28 37 6 37 60 135 73 19 22
52
0
121 32 40 93 42 56 31 47 49 7 6 36 8 45 50 58 87 66 28 6
53
0
36 13 99 0 32 347 61 64 63 64 23 6 9 54 36 1 36 110 44 42
54
0
186 100 25 92 41 44 151 3 139 72 5 14 19 6 3 63 110 65 5 298
55
0
20 121 122 16 22 135 58 68 1 96 27 108 118 33 2 1 22 17 11 276
56
0
34 52 36 97 35 22 131 1 77 18 24 13 43 25 5 185 111 25 10 96
57
0
23 30 47 11 68 11 59 38 18 8 7 47 74 11 98 54 92 65 6 6
58
0
65 21 20 20 29 14 90 37 77 2 36 81 95 5 16 19 97 120 26 120
59
0
25 8 77 24 21 2 1 6 11 70 10 33 118 20 64 47 167 50 30 112
60
0
46 40 38 4 43 38 30 23 46 7 42 100 44 127 30 4 47 29 28 8
61
0
3 27 30 17 1 8 19 0 3 60 23 82 127 81 51 33 18 35 134 87
62
0
86 4 59 27 42 35 19 60 61 136 112 12 43 84 81 13 4 82 137 27
63
0
15 66 12 102 59 1 50 10 8 6 69 9 73 6 57 6 32 142 74 40
64
0
41 10 49 35 18 4 67 54 20 11 132 96 88 14 20 39 71 153 72 80
65
0
59 101 4 6 1 10 75 65 20 65 28 5 53 66 48 33 13 40 3 28
66
0
29 23 119 14 11 23 181 38 56 43 80 15 60 3 24 12 12 35 16 0
67
0
66 21 29 62 7 21 4 171 17 36 80 34 113 86 118 23 31 12 136 11
68
0
20 47 79 45 12 48 9 44 32 89 7 94 104 184 77 65 5 43 9 23
69
0
0 8 53 62 28 89 101 23 173 47 198 42 55 40 65 42 4 57 97 33
70
0
18 9 47 5 48 68 24 110 5 20 38 19 31 19 87 8 5 183 6 69
71
0
1 13 12 4 31 60 8 27 30 6 175 35 1 56 29 48 31 28 75 7
72
0
24 16 90 77 10 22 62 5 2 53 11 18 8 68 18 45 93 11 103 38
73
0
162 118 3 12 6 17 13 5 25 75 18 9 97 5 25 47 2 43 39 35
74
0
7 34 65 27 56 70 27 96 49 192 73 62 30 21 42 4 5 136 106 65
75
0
221 112 40 50 11 56 26 1 88 36 71 39 15 48 41 14 200 20 134 149
76
0
29 15 8 6 210 0 55 7 2 81 13 12 125 71 96 141 62 79 38 16
77
0
135 5 79 25 30 6 5 37 5 170 30 73 19 38 194 93 68 5 31 19
78
0
7 10 39 51 27 85 5 15 47 80 56 25 47 9 33 1 160 104 30 1
79
0
56 207 5 57 73 109 7 77 92 94 1 99 118 146 28 34 9 216 108 48
80
0
10 33 21 1 21 39 36 14 41 22 77 22 11 154 16 32 58 8 75 59
81
0
7 22 23 68 30 46 16 62 17 37 93 4 28 4 178 139 7 34 14 31
82
0
14 1 28 24 60 13 90 17 37 14 252 7 21 33 57 22 5 15 171 65
83
0
30 75 204 81 9 77 40 90 20 72 17 28 22 98 4 17 32 18 8 14
84
0
16 65 24 17 71 27 48 37 30 28 38 38 13 44 9 2 15 14 1 20
85
0
98 113 15 77 21 14 4 7 72 50 22 55 48 28 27 26 29 189 62 114
86
0
228 41 61 25 45 103 44 17 93 58 14 62 94 20 7 9 89 84 35 25
87
0
125 65 40 13 54 108 103 29 27 4 36 32 157 100 152 10 100 28 11 37
88
0
11 30 41 31 59 77 80 3 53 52 105 33 78 12 182 1 143 98 119 159
89
0
12 61 9 3 98 208 64 58 31 6 51 49 91 63 71 130 78 64 102 161
90
0
2 73 31 64 85 52 52 49 66 44 65 24 58 10 73 18 2 20 18 20
91
0
50 10 44 67 16 96 68 0 15 70 49 39 3 93 67 46 0 71 13 122
92
0
19 24 176 145 113 5 29 4 28 12 31 42 22 82 77 46 9 72 56 41
93
0
15 10 73 4 13 4 39 29 0 58 53 16 73 57 208 102 0 12 57 86
94
0
146 43 8 26 101 9 29 88 17 29 1 9 30 71 22 14 15 75 27 130
95
0
10 67 83 9 13 13 33 44 48 173 21 45 19 11 154 95 89 144 83 6
96
0
64 182 3 26 127 34 39 14 37 69 85 43 0 69 144 27 146 47 50 131
97
0
46 1 20 10 11 238 18 18 91 8 40 31 86 27 66 21 97 56 30 27
98
0
139 84 26 39 23 44 7 131 71 23 29 10 17 6 4 2 160 47 66 25
99
0
116 15 18 61 51 112 15 93 91 63 51 23 33 37 13 1 81 1 91 50
