200
5
686277
0
0
9 61 6 9 83
1
0
11 27 89 16 6
2
0
30 19 25 44 133
3
0
66 7 89 40 21
4
0
18 13 10 9 4
5
0
118 3 143 128 25
6
0
4 33 146 19 11
7
0
2 54 15 40 24
8
0
32 38 7 2 74
9
0
117 47 72 68 128
10
0
48 22 12 41 37
11
0
11 54 7 22 17
12
0
22 70 5 18 56
13
0
30 59 2 5 82
14
0
22 22 36 15 53
15
0
35 1 114 14 0
16
0
38 71 7 56 74
17
0
3 75 2 27 17
18
0
47 46 246 20 43
19
0
8 11 42 4 60
20
0
41 9 83 20 33
21
0
8 39 173 51 52
22
0
28 29 43 85 11
23
0
24 29 31 24 48
24
0
0 13 47 28 106
25
0
159 18 35 22 94
26
0
100 17 30 147 23
27
0
117 0 78 39 100
28
0
23 15 65 79 58
29
0
24 2 24 51 84
30
0
34 68 59 27 44
31
0
71 43 12 92 15
32
0
13 92 231 199 64
33
0
77 181 16 48 101
34
0
34 95 8 70 2
35
0
27 203 64 110 22
36
0
16 11 87 29 25
37
0
13 64 61 41 202
38
0
47 1 60 46 30
39
0
11 63 9 54 124
40
0
20 139 22 30 36
41
0
102 231 66 179 24
42
0
38 24 29 20 16
43
0
137 16 12 2 26
44
0
15 8 107 41 11
45
0
12 29 13 120 7
46
0
127 25 64 43 5
47
0
47 79 33 21 127
48
0
19 6 17 1 23
49
0
82 41 20 58 16
50
0
86 33 26 15 60
51
0
5 2 56 66 1
52
0
39 17 3 4 17
53
0
26 9 13 65 55
54
0
17 51 10 22 19
55
0
12 4 99 96 18
56
0
12 211 8 1 18
57
0
290 7 29 11 17
58
0
0 47 12 4 101
59
0
245 79 46 51 21
60
0
35 15 28 24 46
61
0
51 77 30 4 24
62
0
56 62 128 109 26
63
0
117 43 157 8 16
64
0
77 14 239 12 15
65
0
86 5 41 108 111
66
0
246 44 79 125 27
67
0
22 146 40 43 27
68
0
70 57 3 43 2
69
0
13 62 9 21 108
70
0
61 104 29 120 3
71
0
25 18 1 5 60
72
0
6 158 50 161 16
73
0
2 6 33 30 22
74
0
27 3 95 88 160
75
0
116 123 23 108 16
76
0
86 39 125 41 43
77
0
48 135 34 26 32
78
0
1 5 89 54 3
79
0
128 0 3 101 42
80
0
29 4 44 339 35
81
0
33 112 154 47 79
82
0
51 41 31 28 59
83
0
41 50 54 7 17
84
0
57 1 20 48 3
85
0
48 4 6 2 41
86
0
9 15 67 20 69
87
0
59 53 1 16 30
88
0
106 46 42 50 21
89
0
9 49 64 124 8
90
0
3 19 298 14 49
91
0
75 76 7 10 84
92
0
111 2 14 0 30
93
0
37 28 94 30 59
94
0
3 72 7 64 8
95
0
13 15 9 30 69
96
0
120 4 104 25 2
97
0
23 14 24 48 1
98
0
24 45 59 26 11
99
0
41 7 87 43 18
100
0
1 36 17 91 29
101
0
47 0 4 56 77
102
0
144 88 55 22 18
103
0
22 87 32 5 83
104
0
4 11 20 32 216
105
0
37 3 56 65 24
106
0
164 120 38 5 158
107
0
11 4 17 3 5
108
0
133 39 32 94 16
109
0
89 3 6 105 185
110
0
209 14 7 46 66
111
0
54 41 7 79 92
112
0
182 17 65 0 18
113
0
92 37 21 39 8
114
0
31 134 78 78 6
115
0
38 78 32 38 119
116
0
9 61 57 2 60
117
0
40 20 16 25 48
118
0
13 25 66 2 2
119
0
24 30 115 15 9
120
0
58 144 22 53 10
121
0
17 30 136 81 78
122
0
79 2 53 65 3
123
0
66 165 94 27 2
124
0
95 27 72 0 58
125
0
5 15 27 47 39
126
0
4 5 4 77 101
127
0
128 70 140 12 93
128
0
15 17 18 43 19
129
0
91 30 27 11 22
130
0
4 17 130 30 46
131
0
164 106 52 8 10
132
0
0 84 113 22 36
133
0
211 33 169 17 45
134
0
101 101 53 67 97
135
0
58 6 29 3 116
136
0
40 29 81 23 58
137
0
77 137 8 32 57
138
0
65 19 39 4 118
139
0
14 31 77 5 9
140
0
23 53 1 14 61
141
0
23 61 95 56 35
142
0
79 37 24 119 111
143
0
5 2 69 9 30
144
0
113 22 0 24 86
145
0
39 50 26 21 14
146
0
0 71 10 50 9
147
0
15 137 6 48 61
148
0
36 136 22 25 125
149
0
25 30 44 40 9
150
0
40 35 17 79 95
151
0
62 79 17 50 24
152
0
3 48 6 12 34
153
0
39 12 44 146 53
154
0
9 9 12 58 14
155
0
139 65 126 32 14
156
0
39 33 16 96 26
157
0
14 124 68 0 5
158
0
130 68 76 140 8
159
0
0 12 73 36 18
160
0
52 65 11 222 15
161
0
8 1 124 128 60
162
0
85 20 122 82 19
163
0
30 100 31 116 15
164
0
6 68 8 53 10
165
0
59 71 87 114 28
166
0
13 69 5 42 44
167
0
213 10 210 7 20
168
0
66 62 2 72 23
169
0
65 52 5 37 29
170
0
38 109 140 9 29
171
0
25 129 39 3 25
172
0
7 127 49 23 29
173
0
70 7 24 25 4
174
0
29 33 40 29 55
175
0
5 11 29 10 56
176
0
211 87 19 120 4
177
0
26 95 40 10 21
178
0
33 7 2 48 115
179
0
27 66 7 26 6
180
0
17 45 7 15 26
181
0
19 30 57 27 34
182
0
76 16 7 66 56
183
0
134 4 149 139 108
184
0
8 140 2 9 37
185
0
25 88 62 31 27
186
0
126 36 13 31 110
187
0
13 33 189 45 58
188
0
13 7 140 86 80
189
0
17 69 128 1 44
190
0
146 35 91 187 36
191
0
24 42 91 119 6
192
0
79 9 64 208 121
193
0
23 23 17 50 26
194
0
32 45 77 14 45
195
0
47 18 75 66 2
196
0
1 19 10 35 54
197
0
110 48 20 86 17
198
0
15 4 72 149 3
199
0
42 44 14 103 16
