30
20
738050
0
0
51 45 61 47 39 41 67 51 20 30 51 33 50 29 51 58 35 47 38 51
1
0
184 167 195 151 151 147 155 186 175 167 138 138 135 187 147 161 152 132 159 124
2
0
51 65 39 47 47 68 34 42 82 84 52 47 55 60 48 72 57 56 53 67
3
0
46 57 63 75 65 57 55 62 62 64 52 42 67 32 60 51 83 58 55 65
4
0
9 8 7 2 12 7 11 6 7 7 6 11 11 3 7 7 4 7 8 11
5
0
25 29 27 11 21 22 21 31 23 27 33 21 24 32 38 18 17 26 16 31
6
0
35 15 17 25 20 16 18 20 31 24 19 30 22 36 20 32 12 17 18 18
7
0
30 43 31 22 41 34 30 29 20 30 32 41 51 38 34 26 38 29 29 31
8
0
148 165 133 161 172 218 141 161 161 135 139 152 148 148 175 132 199 169 148 125
9
0
66 66 106 68 58 83 58 73 99 68 97 66 86 58 87 88 90 90 64 72
10
0
31 54 43 49 32 50 47 29 41 37 36 42 33 31 31 34 34 52 33 31
11
0
69 61 60 61 63 68 64 49 86 70 60 110 69 81 56 80 66 81 49 65
12
0
18 14 35 29 17 16 12 21 17 17 24 34 22 25 24 17 31 15 16 19
13
0
72 50 59 43 55 52 59 52 71 47 70 87 54 59 52 64 53 43 67 56
14
0
23 13 16 11 13 11 21 21 14 19 12 15 26 22 12 11 18 16 18 12
15
0
30 31 20 24 19 20 38 30 13 19 19 23 17 22 20 22 21 30 27 20
16
0
10 13 9 15 11 10 7 12 9 12 9 13 10 8 8 11 15 13 7 10
17
0
28 45 50 39 41 39 34 53 29 26 24 29 59 28 51 28 37 30 40 37
18
0
12 19 11 23 19 21 17 10 18 14 12 13 21 20 22 18 21 20 28 17
19
0
16 15 23 14 13 17 12 18 17 23 10 15 17 30 15 12 27 29 17 18
20
0
233 301 226 249 274 275 204 237 268 237 250 323 257 311 201 232 244 247 233 223
21
0
57 61 57 57 45 59 44 74 71 60 57 61 67 67 65 73 59 52 54 60
22
0
103 94 99 110 112 93 87 83 62 92 89 78 75 89 107 80 147 94 75 105
23
0
43 30 30 62 25 32 26 25 36 34 43 33 46 29 34 35 36 37 36 34
24
0
64 91 93 75 75 85 77 42 99 100 74 77 113 85 65 78 59 101 51 82
25
0
123 109 121 135 129 92 98 129 104 86 116 102 94 85 132 150 95 116 152 107
26
0
23 40 43 24 31 43 22 34 41 46 52 31 33 36 25 43 45 21 29 27
27
0
11 7 7 13 14 8 12 12 7 9 22 14 16 12 10 7 9 15 6 16
28
0
121 122 97 76 87 92 104 72 139 107 142 96 94 91 101 124 111 80 67 93
29
0
59 55 40 47 42 56 47 37 53 34 51 33 30 47 43 38 36 51 41 39
