30
10
3376
0
0
63 77 75 57 78 99 92 113 56 78
1
0
1 1 1 1 1 1 1 1 1 2
2
0
10 17 27 13 17 15 16 17 8 11
3
0
81 68 71 73 76 86 69 70 127 103
4
0
21 19 15 14 12 27 23 27 18 26
5
0
20 10 20 14 18 27 27 23 14 22
6
0
10 3 5 4 7 8 9 10 8 9
7
0
31 28 41 41 33 34 31 35 37 55
8
0
20 15 19 16 13 24 26 20 19 23
9
0
21 27 11 12 15 13 21 19 20 18
10
0
32 45 26 27 24 26 28 26 30 33
11
0
91 63 79 64 67 53 85 77 69 59
12
0
57 51 67 54 45 72 58 83 48 51
13
0
150 150 200 170 137 148 137 123 159 138
14
0
139 157 135 127 153 142 125 150 160 137
15
0
27 24 25 28 29 39 24 27 46 18
16
0
4 10 6 5 6 4 12 8 8 4
17
0
18 13 8 8 23 12 13 15 11 16
18
0
14 10 9 8 10 11 8 12 8 10
19
0
20 18 27 17 28 33 34 19 24 23
20
0
13 13 30 15 12 35 21 13 31 11
21
0
61 83 68 80 85 56 80 67 87 92
22
0
56 65 55 93 81 69 90 49 74 66
23
0
7 5 7 7 12 9 9 11 5 13
24
0
17 19 23 12 23 16 21 27 24 26
25
0
22 17 12 21 28 12 17 17 15 14
26
0
29 14 29 23 21 21 25 24 14 17
27
0
112 74 85 80 75 82 136 101 59 116
28
0
12 9 7 9 12 12 7 15 9 7
29
0
13 8 21 8 8 9 7 14 5 5
