10
20
864666
0
0
54 44 9 189 19 21 110 16 60 110 64 14 81 59 40 54 13 34 4 16
1
0
72 33 13 161 17 19 99 16 30 120 50 23 85 58 31 80 16 37 5 16
2
0
55 32 8 156 17 15 98 11 19 96 54 21 102 44 42 64 16 35 5 10
3
0
54 44 7 158 16 19 118 9 31 93 42 21 101 47 44 74 24 40 4 14
4
0
73 33 15 121 37 31 78 7 35 98 62 19 94 52 42 73 22 41 6 23
5
0
76 33 13 150 12 26 131 13 29 98 81 16 79 54 30 81 22 33 4 13
6
0
56 32 13 182 23 14 108 12 38 94 52 18 120 53 40 97 14 44 3 15
7
0
68 31 7 165 16 19 90 12 50 121 73 22 101 43 32 92 27 46 5 19
8
0
66 33 12 160 27 14 81 11 39 78 53 14 121 60 38 78 22 25 3 11
9
0
75 31 9 164 16 22 120 9 40 90 58 16 91 55 36 74 18 28 5 11
