100
5
37686
0
0
15 7 23 32 1
1
0
135 75 1 3 67
2
0
6 46 1 55 153
3
0
103 33 56 38 54
4
0
40 38 138 79 106
5
0
6 73 37 23 31
6
0
8 21 76 195 160
7
0
11 10 10 86 48
8
0
6 101 79 0 19
9
0
137 74 3 124 55
10
0
26 47 38 11 209
11
0
115 15 26 82 5
12
0
60 2 89 5 25
13
0
81 28 2 1 68
14
0
47 47 15 13 25
15
0
13 85 11 29 107
16
0
1 35 75 163 19
17
0
63 37 15 24 4
18
0
72 40 46 247 21
19
0
100 61 11 63 57
20
0
129 84 43 77 84
21
0
11 19 81 40 143
22
0
15 40 113 57 85
23
0
78 5 35 22 71
24
0
35 17 10 3 33
25
0
15 19 1 61 187
26
0
152 9 20 32 43
27
0
82 7 98 34 58
28
0
61 26 3 97 32
29
0
29 166 174 85 25
30
0
123 13 19 30 15
31
0
15 100 64 4 10
32
0
6 6 51 51 75
33
0
12 35 13 96 122
34
0
59 12 53 77 1
35
0
54 77 66 33 50
36
0
5 35 8 34 5
37
0
50 16 47 57 53
38
0
180 23 21 57 240
39
0
83 15 17 22 0
40
0
4 236 19 56 16
41
0
13 18 25 45 30
42
0
27 71 1 0 51
43
0
28 110 24 174 92
44
0
17 10 8 73 42
45
0
8 15 74 228 135
46
0
10 26 27 88 118
47
0
3 37 8 74 96
48
0
108 5 27 178 16
49
0
91 76 12 55 83
50
0
52 47 53 52 112
51
0
33 4 26 130 58
52
0
4 54 9 165 2
53
0
10 189 7 81 35
54
0
78 131 8 9 11
55
0
131 60 12 21 22
56
0
2 26 18 14 79
57
0
85 2 14 34 58
58
0
17 83 18 9 93
59
0
61 9 4 15 13
60
0
45 1 42 3 127
61
0
67 130 100 116 108
62
0
37 123 50 141 9
63
0
11 1 44 38 48
64
0
47 29 22 76 6
65
0
88 8 13 42 18
66
0
22 185 9 72 75
67
0
49 6 5 61 51
68
0
24 102 2 72 1
69
0
13 125 26 28 64
70
0
98 5 4 18 135
71
0
21 46 21 82 3
72
0
78 29 120 73 33
73
0
5 113 3 81 81
74
0
92 28 34 49 88
75
0
15 67 84 2 21
76
0
78 31 113 121 64
77
0
26 40 30 54 14
78
0
41 72 53 19 31
79
0
64 84 10 88 5
80
0
38 23 70 19 39
81
0
19 38 66 33 22
82
0
69 31 24 74 7
83
0
31 109 83 98 63
84
0
53 83 25 40 65
85
0
31 57 39 33 71
86
0
9 28 12 2 125
87
0
95 26 79 17 12
88
0
11 6 46 76 14
89
0
2 11 5 30 51
90
0
83 324 19 5 117
91
0
1 183 64 156 12
92
0
29 7 64 15 120
93
0
29 127 130 8 5
94
0
85 37 23 76 28
95
0
40 62 15 11 42
96
0
68 30 3 148 18
97
0
6 27 31 29 2
98
0
28 17 46 164 50
99
0
17 149 27 217 105
