100
5
633534
0
0
23 22 16 17 20
1
0
155 159 134 148 166
2
0
41 69 60 38 46
3
0
26 39 29 45 36
4
0
2 3 2 2 2
5
0
26 19 14 28 19
6
0
88 94 116 69 108
7
0
18 23 16 14 15
8
0
41 47 33 47 44
9
0
87 83 91 115 122
10
0
41 44 47 61 46
11
0
17 15 14 13 14
12
0
16 25 22 18 20
13
0
84 100 77 124 96
14
0
81 84 82 88 116
15
0
51 23 28 36 28
16
0
9 5 6 5 4
17
0
47 57 58 68 63
18
0
28 50 51 38 37
19
0
21 24 13 16 15
20
0
27 28 33 39 28
21
0
4 4 5 2 3
22
0
14 31 19 10 36
23
0
49 54 56 30 51
24
0
50 41 50 58 33
25
0
14 7 19 12 9
26
0
55 43 57 67 51
27
0
20 22 23 24 8
28
0
28 25 23 39 23
29
0
56 62 49 56 54
30
0
60 52 54 68 52
31
0
53 49 50 45 40
32
0
31 43 45 32 51
33
0
183 173 172 148 197
34
0
74 74 65 73 56
35
0
27 36 20 23 33
36
0
19 51 29 35 43
37
0
47 30 50 25 36
38
0
19 16 17 12 15
39
0
110 119 138 134 100
40
0
32 28 24 37 27
41
0
78 102 93 63 83
42
0
9 13 5 9 7
43
0
74 57 63 58 87
44
0
276 312 303 281 301
45
0
15 6 10 15 9
46
0
49 52 58 74 60
47
0
19 10 12 20 23
48
0
112 75 70 71 52
49
0
44 69 61 63 56
50
0
30 46 51 42 41
51
0
16 7 16 24 29
52
0
9 9 17 17 16
53
0
30 31 37 31 36
54
0
89 87 66 79 84
55
0
64 62 59 59 73
56
0
36 43 53 44 64
57
0
37 50 39 41 35
58
0
22 24 17 16 20
59
0
24 35 36 16 23
60
0
60 62 77 57 66
61
0
7 3 7 2 5
62
0
4 2 6 5 3
63
0
128 102 137 133 102
64
0
74 70 96 118 92
65
0
71 68 58 53 77
66
0
31 10 16 17 11
67
0
52 51 42 51 72
68
0
23 24 25 27 14
69
0
43 38 40 48 65
70
0
51 40 52 43 50
71
0
16 20 25 24 17
72
0
33 44 48 39 56
73
0
57 35 77 36 69
74
0
30 17 30 31 16
75
0
208 250 251 189 197
76
0
16 38 33 24 31
77
0
20 28 41 39 39
78
0
72 96 87 89 117
79
0
17 36 30 27 33
80
0
47 47 29 31 48
81
0
86 71 76 37 64
82
0
48 32 40 30 40
83
0
19 26 16 19 22
84
0
68 92 58 102 76
85
0
28 18 23 22 25
86
0
8 11 10 6 11
87
0
48 35 96 72 35
88
0
36 39 33 24 29
89
0
11 8 6 9 8
90
0
39 54 39 47 32
91
0
104 71 120 108 69
92
0
17 15 12 11 16
93
0
16 31 22 22 19
94
0
18 19 14 14 13
95
0
11 13 22 10 7
96
0
69 48 65 90 72
97
0
22 23 27 19 37
98
0
28 19 29 32 19
99
0
22 23 46 27 42
