30
10
1557622939
0
0
13 27 42 14 27 83 49 56 77 55
1
0
1 7 56 50 24 13 116 6 2 14
2
0
13 24 19 33 10 40 77 26 21 42
3
0
21 39 28 36 41 84 38 16 19 28
4
0
22 2 2 29 34 179 64 43 17 3
5
0
75 71 7 36 62 51 73 45 5 29
6
0
13 52 159 20 32 23 3 78 19 26
7
0
30 65 33 11 41 17 21 71 68 53
8
0
52 41 34 105 221 37 48 84 83 58
9
0
78 11 18 64 46 30 8 18 158 48
10
0
9 68 166 2 5 19 67 40 162 41
11
0
34 6 67 14 49 81 48 20 44 25
12
0
47 13 135 53 35 55 43 19 9 55
13
0
4 65 29 10 72 49 18 47 81 47
14
0
28 24 13 136 18 93 18 42 57 38
15
0
144 36 19 22 99 78 18 57 88 28
16
0
7 35 23 134 8 45 42 16 46 6
17
0
44 3 44 4 77 41 28 41 14 66
18
0
5 48 104 69 4 14 121 81 24 43
19
0
102 31 29 91 19 52 11 25 38 18
20
0
10 79 44 25 36 4 10 64 33 5
21
0
1 129 127 60 79 12 58 34 28 11
22
0
13 90 35 42 83 51 111 3 71 9
23
0
67 63 3 9 3 49 135 17 18 47
24
0
84 2 41 11 15 16 10 3 11 12
25
0
18 50 25 233 60 30 44 8 27 7
26
0
4 84 23 1 1 67 145 38 97 1
27
0
34 21 59 65 113 10 25 3 43 5
28
0
86 3 2 105 3 39 37 19 49 51
29
0
7 50 10 27 4 4 14 63 2 84
