50
5
909441
0
0
138 17 3 20 39
1
0
107 17 2 30 57
2
0
119 12 3 21 27
3
0
112 15 6 22 51
4
0
101 20 2 21 46
5
0
101 13 7 44 56
6
0
132 24 4 37 35
7
0
117 16 7 30 35
8
0
102 14 3 38 49
9
0
111 19 4 16 50
10
0
115 16 2 46 38
11
0
136 23 6 16 51
12
0
104 15 5 18 49
13
0
102 17 6 31 50
14
0
130 21 3 30 46
15
0
86 17 6 35 56
16
0
120 28 4 28 45
17
0
128 19 2 21 29
18
0
132 18 4 20 45
19
0
119 17 4 32 40
20
0
83 19 4 25 35
21
0
130 28 3 39 53
22
0
88 19 4 21 61
23
0
96 14 3 25 33
24
0
122 15 6 32 35
25
0
106 23 3 40 40
26
0
127 15 4 28 46
27
0
109 27 3 25 38
28
0
107 15 4 32 37
29
0
141 17 3 42 53
30
0
115 21 6 32 63
31
0
116 13 3 30 47
32
0
80 18 4 32 37
33
0
116 13 4 19 42
34
0
123 14 5 35 41
35
0
119 19 2 38 21
36
0
141 12 3 31 52
37
0
103 10 2 22 56
38
0
140 10 3 21 42
39
0
117 14 3 31 32
40
0
101 15 1 38 42
41
0
145 27 4 24 56
42
0
150 22 3 21 34
43
0
136 20 3 44 35
44
0
94 6 5 31 41
45
0
103 15 4 30 35
46
0
138 16 2 18 44
47
0
96 22 2 33 43
48
0
124 12 4 37 39
49
0
99 21 3 29 49
