30
20
9590
0
0
41 24 48 42 30 43 35 27 22 36 34 32 35 32 20 31 26 34 31 33
1
0
1 2 2 2 2 2 1 1 1 1 2 2 1 2 1 1 1 3 2 1
2
0
29 24 31 24 32 32 19 38 26 26 29 44 33 19 34 26 17 22 44 37
3
0
25 23 31 16 23 26 17 24 25 29 24 19 23 29 15 37 16 25 16 27
4
0
19 27 24 18 29 30 21 28 22 24 29 17 20 28 36 23 28 14 19 31
5
0
4 5 3 5 5 3 4 4 5 5 6 5 5 5 5 4 3 7 3 5
6
0
56 51 61 47 53 56 62 55 73 50 69 96 65 72 37 56 77 55 75 71
7
0
281 184 298 227 266 231 276 291 250 259 200 252 191 218 254 245 246 258 216 244
8
0
116 94 103 99 79 98 88 76 78 107 50 87 96 71 104 100 65 77 87 78
9
0
5 6 10 22 8 5 6 5 8 8 10 7 10 12 7 6 8 5 9 13
10
0
74 79 116 86 82 111 93 102 136 107 84 115 103 128 73 86 94 128 96 77
11
0
14 6 6 5 8 16 10 13 10 11 12 9 12 11 7 11 6 9 11 16
12
0
13 20 19 20 23 10 16 19 19 19 26 19 22 14 18 15 19 12 37 23
13
0
15 11 13 10 15 10 24 21 12 18 11 18 11 17 14 12 10 16 8 15
14
0
37 67 37 46 29 37 40 29 34 31 32 28 40 46 44 35 39 38 49 30
15
0
54 40 29 53 50 49 42 51 47 51 38 30 42 44 39 50 36 41 33 39
16
0
59 73 79 83 66 54 77 61 72 85 64 53 66 67 83 87 62 93 68 83
17
0
19 21 18 14 26 10 20 12 19 30 21 15 13 12 9 16 26 30 13 19
18
0
16 10 19 21 17 15 18 16 10 14 14 8 19 24 13 13 17 22 19 14
19
0
186 127 155 153 140 116 132 215 143 148 144 196 181 169 153 151 157 150 193 126
20
0
80 96 80 74 126 105 92 117 80 99 82 81 79 94 82 131 92 51 70 90
21
0
29 62 44 31 42 31 33 34 37 28 29 47 40 28 30 31 33 48 32 33
22
0
9 4 8 6 6 9 7 9 4 4 4 7 3 8 6 6 8 4 4 7
23
0
199 231 241 287 232 272 249 211 278 207 270 339 301 258 250 218 236 259 236 234
24
0
19 10 17 33 28 20 22 23 21 18 21 35 22 34 30 23 33 36 14 47
25
0
72 50 39 40 44 51 50 47 55 59 58 45 60 65 49 55 53 60 55 67
26
0
11 6 12 21 20 17 9 11 13 10 8 7 10 5 12 11 10 9 11 14
27
0
61 54 46 30 53 51 53 48 47 32 37 45 51 47 65 27 53 43 33 43
28
0
3 5 6 6 7 4 3 3 4 2 6 4 4 4 5 4 5 4 3 4
29
0
43 47 33 38 35 26 43 48 41 38 50 38 42 31 35 37 40 28 49 38
