50
5
901370
0
0
40 114 78 5 10
1
0
50 6 47 63 93
2
0
14 35 108 30 15
3
0
63 87 57 4 11
4
0
56 3 15 35 12
5
0
88 25 3 26 22
6
0
3 92 23 113 53
7
0
22 70 125 76 41
8
0
19 7 41 11 9
9
0
221 16 75 24 70
10
0
42 19 49 27 4
11
0
191 69 27 3 24
12
0
234 1 8 5 4
13
0
96 55 76 24 59
14
0
48 84 17 33 115
15
0
11 132 88 92 173
16
0
12 70 69 7 108
17
0
124 32 55 21 64
18
0
146 20 7 56 159
19
0
12 20 115 164 16
20
0
31 32 78 57 24
21
0
4 34 58 63 6
22
0
5 19 59 29 44
23
0
13 34 8 11 36
24
0
7 4 67 28 105
25
0
12 19 56 52 78
26
0
127 0 35 102 52
27
0
18 54 47 2 138
28
0
24 73 27 64 72
29
0
29 49 28 64 25
30
0
138 28 84 22 13
31
0
155 70 219 82 110
32
0
1 7 4 28 87
33
0
10 12 33 12 34
34
0
26 51 46 27 80
35
0
45 15 5 76 23
36
0
61 34 10 32 21
37
0
165 18 67 26 18
38
0
17 22 5 98 301
39
0
59 66 111 71 20
40
0
136 59 131 82 20
41
0
27 145 46 9 40
42
0
130 104 30 37 39
43
0
128 38 10 87 31
44
0
24 10 2 15 47
45
0
14 36 67 5 4
46
0
30 65 15 15 73
47
0
6 55 58 266 5
48
0
6 45 60 14 122
49
0
67 54 43 21 49
