200
10
789868
0
0
5 16 6 85 113 5 4 167 83 30
1
0
50 16 26 66 61 128 24 10 14 97
2
0
25 50 61 29 42 108 76 19 2 29
3
0
24 38 17 39 126 167 111 12 183 122
4
0
53 3 35 46 23 15 7 47 23 5
5
0
47 91 1 9 125 40 72 140 85 7
6
0
186 29 82 55 21 1 3 14 39 88
7
0
38 10 97 19 20 25 53 56 187 40
8
0
20 137 82 12 123 23 415 12 59 30
9
0
47 17 124 20 44 78 66 87 19 153
10
0
119 178 21 9 87 28 10 17 112 34
11
0
31 14 5 149 4 2 62 22 49 74
12
0
26 32 24 28 29 69 8 27 9 13
13
0
47 0 108 3 56 11 6 158 5 71
14
0
205 30 46 102 137 16 103 13 11 36
15
0
21 76 92 3 23 54 93 107 7 94
16
0
24 0 9 1 97 15 3 167 15 47
17
0
62 21 57 102 35 1 138 7 65 7
18
0
41 190 60 47 12 59 4 17 83 117
19
0
5 11 59 92 137 10 48 49 26 65
20
0
39 35 87 79 75 21 8 25 6 14
21
0
58 143 41 152 39 11 18 57 65 78
22
0
20 82 71 4 9 39 7 23 29 48
23
0
13 21 4 42 216 103 130 22 16 29
24
0
99 70 98 12 2 25 144 86 49 28
25
0
33 6 202 32 184 172 94 24 88 18
26
0
6 6 4 8 36 5 42 60 114 159
27
0
39 29 235 51 36 23 6 34 64 68
28
0
64 48 8 78 135 77 19 38 47 7
29
0
21 1 30 46 106 123 13 70 2 145
30
0
12 20 15 41 15 0 15 11 14 3
31
0
24 27 43 107 10 10 5 150 3 29
32
0
16 8 46 305 8 74 9 84 26 21
33
0
5 174 22 14 20 56 67 23 30 73
34
0
9 51 8 3 16 95 69 6 65 15
35
0
33 58 3 175 3 32 96 31 27 87
36
0
67 1 15 25 43 46 29 10 6 78
37
0
4 112 3 20 47 28 13 0 109 84
38
0
1 15 21 106 3 8 166 75 2 26
39
0
11 2 5 19 14 20 33 12 169 121
40
0
103 16 7 78 26 24 5 185 56 99
41
0
57 1 20 9 21 6 149 169 66 77
42
0
4 232 70 80 38 128 20 9 9 79
43
0
48 9 17 1 4 11 11 55 93 13
44
0
22 91 4 42 69 26 7 11 41 89
45
0
14 29 43 19 27 79 26 0 64 12
46
0
16 5 30 111 37 13 64 234 39 15
47
0
32 36 93 6 80 7 25 42 36 95
48
0
49 31 39 88 36 30 117 87 26 108
49
0
88 46 30 8 156 9 21 45 30 38
50
0
18 51 45 4 55 39 73 1 47 47
51
0
60 15 29 135 34 80 27 2 35 66
52
0
22 3 136 45 11 15 39 17 34 16
53
0
40 4 68 106 40 35 112 21 25 4
54
0
13 22 13 6 11 123 49 56 46 24
55
0
72 41 14 135 59 67 4 60 66 134
56
0
15 30 9 52 58 85 14 83 126 47
57
0
60 89 10 5 71 3 130 34 21 26
58
0
12 52 29 25 42 0 12 26 53 42
59
0
6 47 89 36 14 22 11 11 44 86
60
0
46 1 150 23 49 44 3 14 44 52
61
0
141 17 66 57 10 4 3 11 33 95
62
0
50 148 54 30 8 5 4 6 4 144
63
0
79 74 5 29 167 159 80 152 60 3
64
0
175 31 50 28 48 105 75 44 76 73
65
0
39 56 120 52 6 43 13 50 2 78
66
0
146 27 54 80 7 15 91 1 10 50
67
0
23 30 6 36 1 78 91 74 0 15
68
0
106 87 32 27 54 39 21 181 38 19
69
0
139 23 5 68 119 5 34 13 67 212
70
0
43 38 20 69 42 86 51 12 124 30
71
0
24 164 57 11 11 156 39 105 124 15
72
0
32 9 28 67 139 35 66 7 60 15
73
0
64 21 7 24 12 20 105 17 216 6
74
0
8 60 16 125 8 183 135 125 69 39
75
0
2 6 24 164 29 72 17 9 90 124
76
0
79 2 66 66 120 189 52 80 77 63
77
0
68 245 65 56 56 40 38 8 7 6
78
0
23 42 91 61 40 143 55 20 39 2
79
0
9 11 16 21 52 49 72 11 26 138
80
0
60 2 61 123 84 23 40 126 3 5
81
0
20 4 9 21 151 41 5 15 31 55
82
0
39 41 143 116 60 42 64 80 21 3
83
0
5 95 2 15 10 2 64 16 7 2
84
0
65 28 56 154 33 168 56 72 29 49
85
0
68 22 51 19 211 157 5 37 9 31
86
0
31 23 83 44 4 13 5 116 67 44
87
0
67 36 34 2 9 28 39 7 47 118
88
0
12 68 12 15 7 22 37 159 14 21
89
0
2 5 108 26 66 6 22 71 13 0
90
0
5 54 60 45 37 41 42 5 65 75
91
0
16 182 102 6 47 8 67 55 161 80
92
0
32 1 24 70 6 18 59 30 63 42
93
0
1 8 14 38 37 68 26 85 24 28
94
0
83 47 11 62 9 27 63 12 3 20
95
0
10 9 219 80 49 256 13 11 0 12
96
0
10 132 12 36 19 23 22 30 34 80
97
0
23 142 16 20 54 65 14 4 15 131
98
0
46 27 44 11 17 87 149 28 29 25
99
0
171 97 88 69 10 35 43 25 5 117
100
0
31 52 3 6 83 30 72 6 10 42
101
0
48 5 37 27 71 183 48 19 33 33
102
0
37 75 24 35 162 126 11 49 124 27
103
0
119 67 32 83 58 9 60 135 19 15
104
0
35 0 42 121 21 7 11 23 10 12
105
0
32 24 28 10 32 7 67 41 10 39
106
0
10 81 90 37 71 4 53 30 61 2
107
0
174 33 66 7 5 9 43 2 15 22
108
0
11 126 126 15 3 66 19 17 24 77
109
0
104 4 113 19 37 21 86 8 94 6
110
0
24 86 91 11 291 58 62 28 137 55
111
0
21 27 18 127 30 76 0 20 57 4
112
0
50 28 53 103 2 1 74 43 10 14
113
0
4 11 98 42 41 26 12 16 29 3
114
0
7 46 3 37 76 36 162 16 45 87
115
0
31 61 1 81 42 28 46 96 4 84
116
0
35 1 34 32 35 35 18 65 4 2
117
0
12 38 4 61 16 11 16 11 20 50
118
0
2 37 91 76 15 13 60 144 93 21
119
0
23 32 13 35 5 23 63 19 4 104
120
0
27 31 68 13 28 229 43 152 102 266
121
0
120 9 2 104 100 121 7 35 89 11
122
0
83 23 59 65 111 19 134 122 28 147
123
0
22 99 26 38 57 21 9 64 9 43
124
0
3 10 13 77 20 32 61 133 45 17
125
0
29 58 172 14 162 59 24 61 189 19
126
0
44 30 9 30 14 9 46 12 42 31
127
0
106 53 10 77 19 4 131 38 19 97
128
0
119 150 3 142 22 47 21 45 74 14
129
0
18 32 5 80 24 32 14 67 105 0
130
0
21 2 35 62 13 39 39 150 118 37
131
0
18 3 17 51 39 53 103 49 30 4
132
0
134 58 11 27 0 16 3 20 103 103
133
0
46 1 12 40 24 36 8 6 21 127
134
0
3 28 6 12 92 60 108 120 0 26
135
0
36 2 40 50 54 18 26 18 184 3
136
0
107 14 14 47 68 34 67 41 29 5
137
0
64 54 19 21 17 1 143 89 25 2
138
0
87 97 33 60 137 55 32 13 67 13
139
0
64 13 1 10 17 42 57 6 97 0
140
0
92 0 114 107 22 22 31 58 4 151
141
0
105 270 23 12 12 7 43 55 76 118
142
0
47 49 9 10 1 51 12 145 13 106
143
0
71 81 21 1 61 10 139 203 125 23
144
0
84 109 117 14 27 41 56 39 94 175
145
0
35 2 130 210 214 9 101 28 40 38
146
0
180 37 123 58 49 80 19 8 33 132
147
0
67 32 3 10 51 14 36 79 6 12
148
0
34 91 6 7 40 66 28 31 0 86
149
0
3 120 18 0 30 35 22 41 93 69
150
0
151 109 42 36 12 28 20 82 69 134
151
0
39 17 39 78 16 52 31 88 10 14
152
0
133 58 7 6 17 81 133 6 45 34
153
0
10 182 28 41 6 121 13 14 55 1
154
0
55 29 40 2 13 2 174 39 18 5
155
0
95 98 45 83 27 3 21 200 20 31
156
0
24 2 18 125 3 93 150 12 3 13
157
0
6 1 48 45 36 12 40 34 93 62
158
0
69 124 109 59 20 0 114 82 21 34
159
0
119 27 45 20 76 135 52 106 22 64
160
0
49 58 5 13 22 162 103 32 60 13
161
0
8 0 19 69 23 4 9 27 8 29
162
0
41 38 68 68 3 10 41 4 78 74
163
0
9 51 16 44 24 14 19 88 4 4
164
0
78 74 77 30 50 45 25 206 29 34
165
0
21 10 125 70 9 56 7 39 14 48
166
0
0 35 78 43 2 82 24 101 35 15
167
0
126 25 202 5 22 10 209 17 4 110
168
0
29 76 5 9 23 17 29 27 36 145
169
0
35 31 12 59 15 36 34 44 20 25
170
0
5 53 7 17 67 72 6 78 33 8
171
0
88 100 22 43 50 3 114 83 1 21
172
0
40 17 34 69 37 59 123 16 1 83
173
0
44 54 39 29 63 118 15 64 8 116
174
0
18 33 7 4 25 7 11 82 6 3
175
0
7 28 60 75 45 44 68 69 45 29
176
0
4 28 33 19 150 21 36 21 34 39
177
0
194 4 48 32 47 48 70 29 18 4
178
0
92 3 7 23 36 72 9 39 39 28
179
0
103 127 18 143 53 132 9 76 25 94
180
0
201 123 35 15 58 232 23 36 14 34
181
0
52 12 203 57 93 3 94 47 21 7
182
0
25 193 65 6 68 14 15 27 76 21
183
0
21 8 10 85 60 5 151 11 19 9
184
0
89 30 26 39 12 47 81 186 87 2
185
0
145 42 123 148 14 46 112 30 37 55
186
0
38 63 0 11 61 46 31 51 43 23
187
0
20 98 6 92 35 52 78 7 2 16
188
0
19 2 24 6 46 104 35 74 86 4
189
0
20 117 4 74 82 11 4 18 38 154
190
0
47 124 4 26 19 97 10 6 79 22
191
0
4 48 101 57 10 46 64 112 131 3
192
0
90 71 12 5 14 2 37 0 63 22
193
0
9 54 58 6 38 22 28 62 32 49
194
0
139 61 126 30 29 26 24 55 17 63
195
0
16 22 22 332 249 53 123 42 2 19
196
0
32 9 108 20 45 7 1 20 1 127
197
0
60 32 47 30 47 32 3 74 62 13
198
0
10 30 81 41 321 138 29 39 11 97
199
0
1 35 45 39 3 10 0 7 52 7
