30
10
228502
0
0
137 81 186 13 116 40 30 13 16 1
1
0
76 11 60 3 18 49 15 6 2 7
2
0
11 55 80 26 103 71 60 40 4 3
3
0
44 59 49 62 137 17 13 25 184 36
4
0
41 20 33 23 53 102 166 21 53 36
5
0
30 9 9 30 2 43 49 62 40 16
6
0
17 138 2 64 47 22 62 53 75 8
7
0
118 43 28 25 12 79 53 67 7 88
8
0
5 19 10 22 73 11 115 18 37 73
9
0
10 118 15 20 106 40 92 100 66 32
10
0
2 54 6 206 51 35 4 10 78 98
11
0
41 80 55 118 125 59 129 75 17 61
12
0
12 124 51 40 45 62 5 5 52 35
13
0
21 86 58 58 57 16 0 14 303 6
14
0
151 11 47 22 37 111 206 182 49 84
15
0
43 35 19 7 18 18 68 38 73 31
16
0
84 37 64 91 322 18 74 57 49 7
17
0
31 126 30 4 176 29 3 52 27 57
18
0
20 85 112 93 142 197 135 97 111 14
19
0
30 20 54 83 8 25 13 27 25 27
20
0
87 61 17 30 83 110 17 65 94 70
21
0
18 113 5 52 46 37 29 35 161 13
22
0
31 28 29 15 7 43 22 51 334 78
23
0
19 96 56 16 13 8 4 11 14 36
24
0
161 29 14 9 59 114 36 22 0 10
25
0
2 6 25 10 0 6 4 23 348 8
26
0
103 241 42 14 151 38 50 18 30 8
27
0
33 19 41 136 69 8 31 159 14 6
28
0
38 81 28 56 2 55 75 58 3 51
29
0
16 33 44 11 2 39 54 23 133 14
