100
10
831844
0
0
50 20 49 11 56 104 64 95 3 167
1
0
39 36 60 62 33 16 74 12 23 160
2
0
25 84 46 6 12 38 23 13 7 27
3
0
59 13 10 38 18 88 72 39 6 15
4
0
9 37 70 3 0 30 135 12 7 42
5
0
3 130 13 4 55 15 1 7 12 5
6
0
38 5 39 1 62 3 18 136 147 126
7
0
4 2 11 14 30 15 99 83 31 8
8
0
90 171 48 31 53 81 55 110 51 31
9
0
7 17 23 70 0 64 65 17 40 30
10
0
46 74 11 0 6 32 3 190 43 143
11
0
120 109 3 82 9 47 100 60 68 43
12
0
68 0 87 9 114 15 120 9 5 34
13
0
28 11 7 8 1 88 43 60 8 30
14
0
86 0 11 22 43 5 21 67 16 142
15
0
29 5 51 41 34 58 64 110 31 41
16
0
39 15 2 43 27 78 32 120 5 91
17
0
17 48 70 81 32 92 19 13 87 212
18
0
33 27 37 81 5 70 50 236 55 77
19
0
35 19 16 47 79 18 0 56 134 111
20
0
113 89 0 183 2 57 7 18 55 16
21
0
6 177 0 200 40 25 56 22 86 13
22
0
119 217 24 94 63 8 12 30 162 12
23
0
2 24 109 57 79 29 39 22 70 35
24
0
80 45 202 6 95 10 89 36 4 25
25
0
15 135 57 52 6 140 5 58 48 11
26
0
30 15 25 64 84 13 95 72 57 41
27
0
4 1 71 27 57 19 68 19 13 4
28
0
24 18 21 51 73 6 64 70 2 23
29
0
21 60 187 23 124 13 4 53 48 13
30
0
78 13 23 30 75 28 3 11 7 204
31
0
13 4 61 11 45 9 39 1 37 6
32
0
51 26 19 36 25 43 78 11 9 34
33
0
246 19 80 4 38 29 44 61 14 5
34
0
44 50 170 31 28 31 57 23 60 56
35
0
57 37 9 32 93 56 16 36 64 17
36
0
103 154 53 17 28 3 248 31 24 89
37
0
16 51 61 150 8 88 6 25 125 128
38
0
20 33 66 56 52 59 22 52 21 21
39
0
59 20 33 147 63 121 120 30 36 5
40
0
6 64 11 28 62 53 63 286 27 13
41
0
13 71 67 27 154 26 2 88 89 25
42
0
44 273 3 10 89 35 14 13 31 3
43
0
37 186 12 23 25 16 24 127 4 30
44
0
33 9 50 66 47 10 43 32 6 23
45
0
61 51 15 81 45 19 49 180 1 35
46
0
184 14 41 29 70 22 26 89 35 39
47
0
48 13 22 85 138 38 91 29 82 12
48
0
15 8 22 3 113 44 91 7 56 3
49
0
58 31 1 27 41 32 30 88 61 74
50
0
19 19 14 47 13 124 17 23 63 138
51
0
77 3 27 47 12 6 30 60 10 50
52
0
151 54 45 108 52 3 38 246 23 4
53
0
2 29 58 9 72 70 22 156 6 42
54
0
19 45 59 24 30 4 130 83 1 9
55
0
115 2 6 205 34 75 118 44 89 51
56
0
80 7 24 14 44 280 84 56 29 55
57
0
32 34 32 19 241 24 113 132 19 79
58
0
48 113 35 6 17 19 109 37 2 13
59
0
18 65 96 16 4 25 3 9 54 16
60
0
5 41 89 32 45 73 261 63 53 33
61
0
12 47 29 16 46 15 138 53 67 71
62
0
52 22 23 42 120 83 170 97 14 24
63
0
44 35 30 21 38 11 14 96 43 26
64
0
131 130 127 16 14 30 76 36 45 11
65
0
104 62 2 78 29 77 137 51 91 107
66
0
52 5 81 45 18 58 119 40 14 62
67
0
37 32 116 71 36 17 60 17 6 66
68
0
8 64 24 76 78 72 30 113 9 97
69
0
75 89 8 3 157 14 74 79 14 35
70
0
17 138 4 41 42 31 9 4 24 13
71
0
19 32 34 26 18 36 2 24 13 27
72
0
64 157 15 51 146 22 8 106 44 72
73
0
28 26 168 5 7 31 64 60 6 37
74
0
4 126 6 28 125 8 21 5 114 5
75
0
55 120 20 5 231 29 12 23 68 156
76
0
77 106 54 146 8 56 106 7 109 64
77
0
17 39 11 16 6 106 134 71 132 238
78
0
47 78 88 2 106 180 116 50 27 91
79
0
114 5 16 48 10 62 138 169 83 10
80
0
2 34 92 126 133 21 48 6 57 20
81
0
75 40 14 33 18 40 36 15 22 2
82
0
18 69 56 13 101 1 11 27 16 18
83
0
4 32 27 17 76 94 147 100 140 11
84
0
28 15 21 99 8 18 107 29 61 6
85
0
34 197 45 98 20 10 111 61 44 25
86
0
32 147 49 164 39 2 8 34 17 52
87
0
3 171 88 48 93 46 74 11 5 1
88
0
125 62 72 62 45 32 60 19 72 20
89
0
89 23 17 12 4 26 221 19 15 56
90
0
70 40 15 1 6 165 80 33 62 24
91
0
20 20 42 98 25 168 4 63 83 1
92
0
32 40 74 11 70 65 21 36 17 18
93
0
55 24 67 24 110 89 138 111 12 52
94
0
14 36 119 15 162 0 11 9 66 36
95
0
68 11 29 5 42 19 8 50 1 80
96
0
9 6 10 54 11 12 11 36 67 12
97
0
19 2 23 10 7 113 3 14 37 51
98
0
50 1 16 96 2 24 83 42 99 7
99
0
88 126 29 12 53 31 26 107 102 39
