50
20
439889
0
0
4 4 2 1 3 2 3 4 3 4 4 4 2 7 3 4 4 3 2 3
1
0
5 5 12 13 9 12 8 12 10 21 18 17 7 8 14 14 6 11 11 12
2
0
10 17 12 9 13 18 11 11 16 12 20 26 21 10 11 27 28 9 14 16
3
0
36 43 39 47 35 35 29 34 46 36 23 28 37 43 33 41 40 26 47 37
4
0
30 23 23 25 24 45 28 22 24 25 37 25 34 24 23 19 21 44 16 35
5
0
12 9 13 14 13 19 22 14 16 10 14 9 17 8 12 15 18 14 11 24
6
0
43 21 29 19 33 31 35 40 43 25 33 32 41 33 41 36 43 25 20 30
7
0
96 97 71 71 92 95 97 92 103 100 77 109 106 98 66 114 116 76 93 79
8
0
87 78 60 71 74 87 84 99 74 113 84 72 100 82 70 60 75 78 70 96
9
0
50 89 75 70 77 77 81 70 72 40 68 46 57 69 55 65 64 65 78 39
10
0
19 12 22 19 16 21 23 24 17 17 18 12 22 10 8 20 18 16 20 16
11
0
19 14 12 32 17 14 14 25 11 19 17 14 21 12 21 18 28 27 13 22
12
0
4 5 7 3 5 8 6 8 4 3 8 5 7 9 10 10 7 8 5 5
13
0
42 48 45 22 21 26 48 57 37 45 28 45 49 36 20 25 35 18 21 32
14
0
70 76 98 84 66 80 74 82 72 59 47 60 76 66 65 74 43 64 90 57
15
0
25 24 21 12 10 20 15 22 13 19 9 13 29 14 23 13 18 9 23 13
16
0
30 23 18 29 28 24 23 18 26 46 25 16 24 28 24 19 28 22 19 30
17
0
2 3 4 6 2 3 3 3 4 5 5 6 4 3 5 6 3 4 4 4
18
0
12 10 18 26 14 12 14 20 21 14 15 13 13 13 11 17 20 26 29 29
19
0
44 43 31 34 58 52 32 21 33 32 28 46 65 36 43 39 45 53 36 53
20
0
43 30 31 43 28 40 43 46 23 40 22 39 34 50 33 45 31 33 50 36
21
0
65 61 59 57 58 63 53 55 65 53 61 52 67 77 58 52 39 76 51 67
22
0
78 91 109 57 80 88 74 91 94 64 97 88 110 91 98 104 75 91 83 95
23
0
62 73 74 47 59 53 74 93 98 71 91 85 74 65 85 97 56 54 72 91
24
0
92 85 84 57 93 82 80 90 82 43 70 80 93 91 89 106 108 77 102 76
25
0
34 29 37 50 30 26 48 45 39 23 44 40 30 41 34 38 19 30 20 25
26
0
4 3 4 4 4 2 3 2 4 2 3 2 3 3 3 4 5 2 3 4
27
0
56 51 63 54 54 85 59 69 76 68 61 54 78 59 63 61 68 64 81 56
28
0
28 40 46 30 29 36 27 31 24 35 26 35 31 32 32 46 28 37 56 31
29
0
192 194 198 240 236 227 267 244 257 222 208 223 197 234 216 268 230 229 183 231
30
0
69 83 64 58 53 33 53 45 99 67 77 59 98 78 83 53 55 55 69 40
31
0
116 139 129 123 115 107 85 110 116 101 104 116 114 149 141 139 107 96 112 113
32
0
91 85 94 73 88 86 75 107 83 97 104 81 112 102 89 88 74 123 102 84
33
0
107 108 108 121 156 126 155 118 147 95 180 135 113 113 142 99 131 128 123 130
34
0
242 215 173 236 198 216 233 200 223 216 254 253 216 180 211 200 204 219 154 199
35
0
7 4 6 6 4 5 4 5 4 2 7 6 8 4 3 8 7 4 4 4
36
0
38 24 30 23 38 36 24 35 20 27 60 33 24 19 54 43 31 28 28 40
37
0
29 34 35 21 30 37 25 34 26 42 37 25 30 21 29 39 25 39 39 33
38
0
26 29 30 20 30 33 22 26 21 37 22 26 34 28 39 28 24 24 27 27
39
0
90 92 63 116 89 74 116 110 83 137 83 106 94 70 80 88 102 108 68 102
40
0
105 122 101 120 157 139 91 136 99 98 142 110 97 104 148 84 132 132 116 106
41
0
39 27 20 39 34 53 40 41 45 32 37 37 35 28 34 31 30 40 33 30
42
0
5 4 5 9 8 7 4 9 6 6 5 6 8 4 5 9 3 5 7 4
43
0
36 45 40 51 34 44 41 39 49 49 58 42 56 56 54 57 57 47 46 61
44
0
33 44 42 41 28 38 39 37 20 30 44 26 25 24 26 29 30 29 33 26
45
0
15 15 13 12 25 12 20 15 5 8 12 15 17 9 10 12 14 8 9 12
46
0
150 160 211 149 122 161 188 168 229 160 173 155 177 123 165 160 141 153 163 218
47
0
25 25 16 15 27 28 20 29 16 19 15 18 25 25 20 27 22 18 20 14
48
0
55 71 65 85 70 59 74 88 77 56 77 80 55 69 59 59 71 60 93 53
49
0
33 40 44 29 43 41 30 51 47 33 45 45 43 46 34 31 27 31 29 32
