200
5
130820
0
0
22 38 25 44 47
1
0
29 27 25 58 45
2
0
28 25 26 32 73
3
0
28 29 21 49 61
4
0
22 45 20 32 40
5
0
22 21 23 42 28
6
0
22 36 28 56 64
7
0
30 25 25 55 72
8
0
22 47 31 48 44
9
0
38 20 18 22 49
10
0
17 24 35 41 55
11
0
27 35 19 43 62
12
0
21 24 20 54 47
13
0
34 40 20 41 46
14
0
25 32 29 37 63
15
0
15 29 28 41 50
16
0
24 22 30 38 57
17
0
23 25 30 31 66
18
0
27 30 25 48 46
19
0
23 32 25 40 44
20
0
35 21 18 31 41
21
0
18 27 20 29 60
22
0
38 30 21 44 37
23
0
25 29 25 31 37
24
0
23 30 22 66 85
25
0
29 26 24 35 66
26
0
19 33 24 34 75
27
0
28 29 19 45 68
28
0
19 24 24 35 45
29
0
20 25 14 41 82
30
0
21 40 22 62 55
31
0
36 30 14 46 45
32
0
34 31 29 46 58
33
0
35 28 22 42 58
34
0
26 29 16 26 84
35
0
28 34 38 56 57
36
0
40 45 25 30 74
37
0
17 36 29 41 52
38
0
18 36 31 30 29
39
0
32 27 19 50 50
40
0
30 51 17 36 62
41
0
25 29 22 48 46
42
0
32 43 25 39 42
43
0
22 35 20 51 60
44
0
29 35 25 26 42
45
0
23 49 18 62 51
46
0
34 26 23 57 41
47
0
34 32 20 42 55
48
0
13 20 19 48 56
49
0
26 40 28 49 55
50
0
20 45 16 35 63
51
0
21 32 26 42 48
52
0
19 22 29 35 43
53
0
19 34 19 30 66
54
0
22 37 31 44 51
55
0
22 28 13 46 51
56
0
30 25 18 36 35
57
0
21 33 23 57 69
58
0
18 23 22 48 79
59
0
16 20 25 44 60
60
0
26 45 23 42 54
61
0
20 28 12 27 53
62
0
15 30 27 51 66
63
0
25 17 22 37 42
64
0
21 40 17 44 52
65
0
32 27 21 39 57
66
0
23 24 22 44 78
67
0
18 31 34 33 63
68
0
25 27 23 54 49
69
0
26 39 21 42 67
70
0
11 17 28 29 68
71
0
30 21 12 43 64
72
0
34 36 24 39 62
73
0
29 21 22 52 48
74
0
16 12 21 55 64
75
0
36 43 24 56 41
76
0
24 26 29 35 60
77
0
25 35 18 40 51
78
0
27 22 17 41 48
79
0
28 34 23 39 59
80
0
25 33 20 57 58
81
0
24 21 21 48 60
82
0
26 38 18 36 76
83
0
23 28 22 39 61
84
0
23 45 21 28 66
85
0
23 33 19 37 57
86
0
25 49 18 35 52
87
0
28 17 18 41 69
88
0
16 23 27 54 43
89
0
33 27 15 37 71
90
0
38 25 25 30 51
91
0
24 39 25 55 50
92
0
24 41 24 33 60
93
0
23 33 21 50 56
94
0
20 27 21 43 72
95
0
22 44 21 44 50
96
0
22 36 18 24 77
97
0
19 22 31 56 49
98
0
32 22 33 40 60
99
0
22 33 11 32 56
100
0
28 24 22 37 70
101
0
22 22 28 47 42
102
0
23 17 15 51 40
103
0
25 30 11 44 51
104
0
22 32 34 23 40
105
0
25 35 17 44 67
106
0
15 35 14 29 56
107
0
21 30 36 37 51
108
0
36 28 21 41 41
109
0
42 22 26 39 47
110
0
23 23 35 37 47
111
0
25 33 18 37 56
112
0
22 26 30 34 44
113
0
17 54 23 42 39
114
0
14 32 24 45 55
115
0
17 25 26 57 69
116
0
16 33 19 52 68
117
0
23 33 40 39 42
118
0
20 44 22 43 70
119
0
20 24 18 43 43
120
0
31 30 15 41 54
121
0
26 28 25 45 45
122
0
20 23 17 46 45
123
0
29 40 22 34 64
124
0
32 35 24 35 41
125
0
23 31 26 31 63
126
0
14 38 26 25 44
127
0
17 17 38 40 62
128
0
24 21 24 64 56
129
0
25 37 29 43 73
130
0
28 34 29 44 55
131
0
31 42 30 37 46
132
0
22 30 21 45 61
133
0
27 30 37 36 53
134
0
25 43 17 35 30
135
0
27 14 23 37 60
136
0
22 19 14 54 62
137
0
19 45 31 33 40
138
0
29 34 24 35 32
139
0
21 37 16 48 83
140
0
19 25 12 33 67
141
0
13 44 31 37 47
142
0
23 42 26 40 31
143
0
25 27 27 23 57
144
0
28 31 24 59 42
145
0
17 22 27 32 60
146
0
14 38 16 38 54
147
0
29 31 31 39 46
148
0
27 27 26 40 44
149
0
27 36 16 30 33
150
0
19 22 23 45 39
151
0
24 29 13 43 50
152
0
22 30 29 34 52
153
0
16 31 11 59 70
154
0
32 38 30 42 74
155
0
27 35 31 26 69
156
0
23 30 17 52 63
157
0
11 26 24 46 62
158
0
19 23 18 37 70
159
0
15 21 19 29 49
160
0
25 27 21 35 76
161
0
22 24 21 55 63
162
0
31 33 26 53 66
163
0
21 39 28 48 54
164
0
33 36 25 30 50
165
0
15 22 20 61 47
166
0
25 20 24 55 64
167
0
26 36 37 44 52
168
0
33 29 19 28 62
169
0
17 30 21 36 52
170
0
30 47 19 40 49
171
0
28 31 22 41 36
172
0
23 31 18 35 65
173
0
27 26 33 47 47
174
0
24 23 31 60 49
175
0
22 33 37 32 51
176
0
39 16 16 40 67
177
0
23 38 20 42 61
178
0
25 40 20 51 68
179
0
11 46 32 32 49
180
0
28 28 14 51 43
181
0
25 21 16 54 71
182
0
23 24 19 44 41
183
0
22 19 18 38 35
184
0
22 22 14 34 48
185
0
21 37 13 28 54
186
0
34 36 20 38 70
187
0
14 33 22 40 57
188
0
24 30 28 42 58
189
0
17 26 28 30 47
190
0
28 29 28 51 57
191
0
24 29 27 49 70
192
0
13 27 31 52 51
193
0
25 31 33 41 34
194
0
38 16 14 55 40
195
0
21 28 26 62 75
196
0
27 41 8 64 53
197
0
28 25 29 27 65
198
0
19 27 17 50 57
199
0
20 25 23 31 67
