10
20
724272
0
0
31 23 20 28 28 29 17 17 18 29 26 18 12 26 24 16 26 19 17 26
1
0
7 8 5 4 6 5 5 7 7 5 4 3 4 4 2 7 4 5 6 5
2
0
258 273 346 346 260 302 287 289 309 257 287 268 217 315 315 289 259 288 313 273
3
0
32 39 29 33 33 37 39 30 23 18 29 20 37 36 24 25 33 20 28 56
4
0
52 44 49 44 47 57 34 80 59 83 75 57 61 59 50 60 69 69 48 39
5
0
113 132 137 202 114 148 211 155 124 127 162 146 145 118 143 158 129 108 111 168
6
0
99 59 57 66 78 80 52 71 78 72 70 78 81 58 92 66 37 67 45 76
7
0
112 142 128 92 117 114 137 129 143 95 101 113 104 113 81 105 123 147 119 133
8
0
33 43 32 48 34 47 37 36 61 35 23 36 35 26 46 27 36 42 27 35
9
0
5 5 5 5 4 2 6 13 2 4 4 5 4 7 4 4 3 5 4 6
