30
20
107571
0
0
19 11 32 46 15 67 138 112 1 69 3 40 2 190 8 8 19 8 64 124
1
0
16 22 29 54 23 58 141 165 1 57 3 59 2 202 7 8 37 11 59 121
2
0
9 17 25 53 27 48 161 135 1 56 2 58 2 123 6 7 17 16 70 124
3
0
20 10 19 65 25 58 125 129 1 74 4 67 2 207 6 9 15 9 72 128
4
0
16 25 27 59 17 63 135 163 1 84 3 62 1 201 11 4 22 9 67 80
5
0
9 15 22 64 19 64 156 97 1 70 4 68 3 167 7 4 17 7 46 125
6
0
13 24 19 72 22 61 134 116 1 84 2 79 1 138 12 3 18 13 74 75
7
0
13 16 21 66 22 47 146 130 1 85 1 40 3 170 12 9 23 12 60 109
8
0
22 16 30 79 22 73 150 154 1 51 1 50 1 145 5 6 31 7 51 113
9
0
12 15 34 78 26 66 144 173 1 59 2 49 2 185 6 4 24 6 57 99
10
0
22 12 21 57 12 46 121 124 2 95 3 57 3 191 7 15 31 10 57 143
11
0
15 16 25 58 24 63 139 157 1 47 2 44 3 166 7 4 14 7 69 106
12
0
11 14 29 43 15 49 123 131 1 91 2 49 2 120 6 7 15 10 51 100
13
0
9 12 43 59 27 62 139 159 1 85 3 56 2 187 8 8 15 8 78 75
14
0
13 15 50 69 24 64 136 140 1 56 3 48 1 169 10 12 15 17 57 82
15
0
19 16 30 51 15 69 110 155 1 70 3 56 1 184 8 12 17 6 64 115
16
0
13 22 32 45 28 67 114 126 1 40 3 45 3 184 8 7 15 15 68 86
17
0
10 14 31 75 26 62 118 130 1 39 2 55 3 160 11 4 16 7 52 103
18
0
10 24 18 68 16 64 148 100 1 55 4 60 2 134 6 5 22 9 80 91
19
0
16 13 19 84 28 66 147 146 1 74 1 64 2 152 5 7 24 6 57 114
20
0
11 21 21 72 15 53 139 139 1 71 3 38 2 128 7 6 20 6 49 94
21
0
15 11 25 56 14 70 163 139 1 66 4 42 1 185 6 5 32 11 56 98
22
0
14 15 20 81 24 57 144 121 1 97 3 47 2 137 10 7 18 9 73 148
23
0
7 15 36 64 22 52 149 126 1 67 4 48 1 173 7 6 29 12 60 127
24
0
16 26 24 54 19 63 164 135 1 69 3 49 2 162 5 9 30 10 72 142
25
0
13 21 22 80 13 64 160 179 1 63 2 47 2 180 7 4 19 8 46 102
26
0
14 11 17 62 11 73 107 160 1 45 5 56 4 175 8 7 14 15 49 108
27
0
17 14 22 52 24 48 122 125 1 52 2 53 1 232 4 9 16 10 73 96
28
0
18 10 36 59 9 68 134 110 1 59 3 47 3 193 10 12 18 6 47 88
29
0
14 18 15 64 29 63 175 143 1 47 2 66 1 148 8 3 15 6 84 97
