100
20
486438
0
0
7 56 41 1 11 19 19 8 25 240 63 9 9 5 31 5 25 35 141 3
1
0
76 41 58 18 14 2 25 17 40 18 39 24 19 76 79 45 43 16 6 54
2
0
25 23 14 3 66 1 15 35 29 38 163 63 47 56 123 114 222 19 47 53
3
0
28 35 50 6 36 63 54 1 4 42 36 34 29 22 144 3 34 117 31 0
4
0
39 7 21 50 50 0 12 11 30 67 7 12 49 38 13 5 36 16 58 7
5
0
39 8 15 96 4 55 32 42 23 25 35 22 59 46 2 39 1 3 104 7
6
0
20 66 30 33 73 6 11 41 251 9 10 3 23 46 17 57 10 112 61 1
7
0
75 46 17 76 63 5 4 64 91 116 11 38 31 23 8 10 23 13 24 7
8
0
77 21 58 19 81 126 23 169 30 33 40 88 41 27 39 354 4 59 7 73
9
0
106 27 20 4 28 13 17 93 17 15 106 48 52 41 17 146 61 16 169 77
10
0
86 23 55 24 124 10 29 68 9 79 196 31 87 108 52 56 18 20 35 0
11
0
40 61 21 50 29 2 71 87 34 3 100 44 73 71 35 7 38 7 131 7
12
0
19 12 24 34 32 198 91 169 96 41 34 79 16 66 34 84 32 24 16 9
13
0
23 32 5 24 1 3 29 13 13 6 72 21 7 80 77 79 97 24 2 9
14
0
30 35 55 224 50 13 190 92 5 37 35 105 10 63 198 61 69 56 47 136
15
0
89 9 28 36 36 30 86 19 122 6 13 24 5 56 71 18 109 36 33 95
16
0
102 47 34 41 27 24 6 86 47 67 51 46 23 18 13 21 24 15 99 86
17
0
95 121 46 105 172 20 16 19 34 25 9 15 75 8 1 79 244 4 6 42
18
0
48 10 12 40 108 6 23 2 59 13 3 25 14 64 53 74 8 26 46 3
19
0
8 52 55 77 10 5 56 61 34 21 72 183 67 24 35 20 64 310 0 4
20
0
70 77 5 45 31 5 13 37 165 75 15 20 4 74 63 55 27 21 54 11
21
0
10 0 106 42 53 37 39 41 18 13 116 30 13 22 82 39 84 151 80 257
22
0
11 28 44 8 15 27 18 6 89 18 50 1 249 51 83 25 24 112 84 52
23
0
28 30 39 15 209 6 79 13 42 75 10 55 5 40 87 12 54 31 20 25
24
0
5 11 20 4 14 23 37 3 109 6 93 60 28 38 112 111 1 28 172 9
25
0
92 10 32 14 38 104 15 80 19 108 74 23 92 48 71 5 77 64 6 21
26
0
16 0 50 22 24 90 15 21 19 68 36 10 22 73 66 15 41 10 26 13
27
0
37 16 25 26 66 33 137 19 153 20 62 43 82 34 13 183 19 9 1 6
28
0
23 45 37 54 128 67 200 42 45 35 34 32 3 26 150 4 70 7 120 26
29
0
13 19 1 18 51 60 29 3 6 10 210 23 84 11 32 103 71 53 84 31
30
0
51 18 38 16 25 34 88 0 173 19 39 30 69 40 39 63 14 13 1 74
31
0
138 123 10 12 62 35 13 14 27 32 285 58 2 90 4 22 42 45 125 235
32
0
51 104 38 189 2 122 227 22 22 22 20 32 3 55 24 73 58 12 28 66
33
0
25 43 64 53 210 27 30 58 37 13 108 29 42 26 90 6 33 17 21 121
34
0
3 6 9 49 97 195 11 72 21 1 32 127 99 11 48 72 38 17 33 236
35
0
32 119 30 83 3 61 1 19 12 160 43 34 61 28 5 106 29 111 53 30
36
0
38 42 46 85 214 75 12 120 54 22 8 137 20 28 0 34 25 103 46 19
37
0
5 72 72 10 81 1 116 23 13 30 59 109 42 33 53 27 24 90 43 105
38
0
128 33 94 114 11 11 130 219 46 59 2 38 11 17 55 24 18 11 22 66
39
0
51 58 49 119 84 42 42 71 39 27 67 36 50 74 0 1 4 14 15 14
40
0
35 23 59 29 43 0 70 102 53 33 23 44 16 10 21 38 29 100 140 13
41
0
12 59 81 7 73 30 27 11 1 157 6 64 46 29 23 12 287 57 66 21
42
0
16 4 62 34 36 54 8 17 63 23 50 15 52 37 41 9 4 18 57 40
43
0
92 3 69 74 46 54 7 46 110 22 16 123 172 29 16 108 5 8 22 111
44
0
130 16 4 4 56 108 120 24 1 51 4 6 40 0 141 38 45 44 11 94
45
0
135 65 88 63 63 26 61 2 12 25 37 10 78 3 252 83 16 12 7 114
46
0
67 157 33 7 48 8 10 58 112 77 38 181 54 86 10 64 35 19 65 29
47
0
230 0 6 5 96 42 99 23 44 22 49 0 10 80 161 170 6 194 47 21
48
0
11 36 70 40 49 26 69 6 23 6 7 15 34 30 21 10 12 42 65 27
49
0
87 61 18 69 15 122 9 31 32 7 62 75 85 29 34 220 17 1 72 41
50
0
26 51 58 74 71 31 53 1 19 27 64 19 5 36 51 30 15 67 40 9
51
0
2 61 0 30 72 12 10 22 14 5 5 11 12 157 69 16 16 22 18 3
52
0
136 48 8 23 17 21 54 20 283 4 17 8 114 60 25 1 94 28 75 41
53
0
10 33 19 3 155 25 62 19 149 63 85 26 71 25 64 106 6 30 5 81
54
0
118 65 51 47 8 78 32 41 80 208 18 17 11 6 67 7 19 55 29 4
55
0
92 85 77 153 19 17 3 19 29 23 27 56 103 87 57 29 48 4 16 82
56
0
195 19 5 23 84 3 15 6 79 4 17 51 8 122 53 89 183 79 51 39
57
0
83 6 38 20 96 38 187 58 101 6 46 1 26 98 328 46 39 590 43 42
58
0
114 53 15 152 77 41 5 10 38 161 16 26 111 23 1 11 71 3 96 61
59
0
5 20 22 154 108 60 32 2 40 84 17 4 29 5 50 17 15 35 2 93
60
0
37 139 40 12 14 26 51 11 3 8 105 7 145 8 29 5 25 93 40 10
61
0
76 61 86 110 12 10 28 16 41 26 48 27 2 4 74 239 61 317 0 258
62
0
15 6 88 85 18 32 42 117 2 1 79 47 73 22 28 49 97 43 70 87
63
0
14 64 8 50 90 39 0 100 62 84 19 47 35 12 57 83 18 49 66 128
64
0
19 14 27 106 74 116 22 46 80 33 103 4 40 18 6 5 190 13 71 152
65
0
149 23 5 8 58 31 9 3 3 9 19 74 30 24 69 1 159 4 33 28
66
0
13 84 30 3 38 22 5 34 61 80 343 123 50 21 99 0 60 24 5 24
67
0
6 10 155 54 112 15 15 14 31 54 39 146 100 138 90 1 11 8 14 33
68
0
94 70 12 9 0 139 15 68 22 88 32 91 49 29 60 13 17 40 12 63
69
0
13 20 5 21 38 1 3 192 81 43 56 8 33 6 77 36 126 36 18 6
70
0
10 60 12 74 23 34 1 88 27 81 5 20 115 44 7 36 35 147 4 11
71
0
20 61 12 2 25 19 20 107 22 181 94 1 10 10 10 19 13 25 65 36
72
0
10 21 26 13 22 10 3 7 51 39 0 3 60 23 17 83 137 128 167 155
73
0
0 45 55 14 32 11 92 229 191 64 2 6 6 1 104 65 1 0 0 134
74
0
134 30 82 72 12 6 72 153 21 77 13 33 73 27 15 0 56 8 66 35
75
0
30 22 20 51 183 35 108 17 58 34 26 75 19 63 5 60 73 6 205 11
76
0
13 66 29 63 51 12 25 9 17 10 35 21 46 120 79 56 149 30 7 20
77
0
31 63 24 81 25 56 77 27 45 147 26 43 7 24 25 9 113 133 19 3
78
0
85 178 37 7 14 95 39 55 39 9 31 44 53 38 233 44 19 25 17 12
79
0
67 32 23 58 65 19 53 34 40 99 65 48 6 10 3 68 10 41 39 5
80
0
17 26 49 70 20 23 37 2 108 52 243 63 48 95 65 13 24 15 13 14
81
0
53 14 468 41 117 56 43 71 117 27 54 40 36 2 22 16 74 10 25 0
82
0
11 78 161 94 35 51 45 6 224 29 186 11 11 57 28 28 20 18 75 85
83
0
32 14 3 16 26 64 3 237 51 39 81 54 31 20 5 36 23 35 18 1
84
0
39 42 171 200 68 5 86 25 127 91 1 16 96 13 19 1 27 147 58 37
85
0
28 60 24 26 33 71 48 74 33 78 0 5 6 48 88 54 3 45 5 49
86
0
36 25 78 61 116 20 50 0 1 82 30 37 31 148 67 114 83 44 14 23
87
0
37 0 97 79 1 6 19 28 6 18 46 16 64 16 36 90 52 0 15 95
88
0
0 8 21 0 7 31 81 35 85 20 12 14 38 26 26 81 77 224 193 35
89
0
34 14 32 10 10 104 36 23 51 3 14 20 32 90 119 16 91 43 56 64
90
0
6 51 6 40 75 28 24 18 3 7 55 24 39 52 67 84 54 10 9 13
91
0
77 29 9 22 55 300 72 9 42 9 57 26 55 103 10 98 26 40 16 86
92
0
29 6 20 16 7 107 177 30 58 22 85 26 108 40 33 109 180 10 13 16
93
0
9 31 67 14 181 131 19 2 32 26 15 39 62 60 42 133 28 29 29 22
94
0
5 26 89 42 5 23 27 8 7 16 25 45 58 62 28 4 2 36 95 12
95
0
105 65 12 109 4 1 0 168 20 207 9 20 47 44 12 90 56 90 123 20
96
0
40 4 97 4 31 5 169 55 26 40 25 9 11 67 14 8 7 50 1 126
97
0
161 76 41 65 13 15 33 147 5 13 146 23 55 26 20 51 21 24 45 41
98
0
52 115 97 113 15 11 43 73 101 33 33 74 5 18 117 50 41 77 3 4
99
0
12 11 60 48 82 47 96 41 95 8 8 66 7 52 225 114 76 24 12 5
