100
10
115634
0
0
25 36 31 39 19 24 22 23 28 24
1
0
7 11 17 12 16 12 12 9 7 10
2
0
46 51 58 44 56 45 58 34 50 60
3
0
45 47 31 40 46 66 48 57 42 38
4
0
272 277 208 244 266 227 223 170 257 235
5
0
51 67 89 61 84 55 64 40 92 58
6
0
12 8 11 15 11 13 12 10 14 10
7
0
49 74 60 61 63 64 46 53 51 68
8
0
24 17 26 19 18 34 21 16 24 34
9
0
21 18 14 6 17 15 13 16 16 10
10
0
15 26 26 18 32 18 34 30 31 26
11
0
22 50 35 43 48 45 27 31 31 40
12
0
7 8 4 7 7 6 6 5 3 5
13
0
51 57 49 39 41 45 54 45 45 61
14
0
17 8 13 8 9 9 5 8 7 6
15
0
48 29 36 33 41 34 44 25 39 31
16
0
17 20 32 27 14 37 27 14 28 39
17
0
56 55 42 53 66 49 44 53 62 59
18
0
71 67 69 74 41 70 40 68 64 72
19
0
78 76 64 114 88 58 86 76 68 76
20
0
14 6 9 8 9 4 5 6 18 9
21
0
27 13 19 27 46 29 23 27 13 24
22
0
3 4 2 2 1 2 2 3 1 2
23
0
65 64 54 40 57 36 100 61 73 60
24
0
16 22 16 23 31 25 26 38 22 23
25
0
109 124 110 104 108 85 140 112 155 91
26
0
63 69 45 49 34 70 49 59 46 35
27
0
6 18 11 14 20 16 14 8 14 21
28
0
202 145 171 136 183 192 180 127 223 160
29
0
2 2 2 2 2 3 8 2 2 2
30
0
20 15 21 31 32 28 23 28 28 37
31
0
47 36 44 43 68 59 57 57 49 53
32
0
46 44 27 42 33 44 42 36 27 18
33
0
13 10 6 14 10 11 10 8 14 9
34
0
4 9 4 11 5 5 9 9 4 5
35
0
128 119 122 146 183 129 131 115 167 143
36
0
87 94 84 92 89 86 88 76 99 97
37
0
118 115 170 145 169 121 108 160 119 163
38
0
16 18 23 11 12 20 14 20 23 15
39
0
16 22 15 18 14 12 23 25 39 16
40
0
1 1 1 1 1 1 1 1 1 1
41
0
143 182 156 190 157 124 202 205 150 236
42
0
8 6 7 6 9 8 8 13 17 9
43
0
61 53 82 62 71 46 66 44 76 77
44
0
2 4 4 6 7 4 4 6 7 9
45
0
19 24 28 42 31 25 40 37 34 29
46
0
74 92 70 88 91 123 111 82 74 83
47
0
35 58 60 57 47 50 32 39 42 58
48
0
86 42 57 66 63 79 51 43 48 52
49
0
36 9 21 19 17 25 9 24 22 24
50
0
54 37 42 34 29 38 36 37 31 44
51
0
103 105 84 114 95 58 84 84 110 88
52
0
125 147 128 132 130 141 130 138 191 131
53
0
69 62 56 80 67 52 57 65 57 60
54
0
32 26 38 26 40 49 40 26 38 27
55
0
17 18 23 11 20 11 26 26 12 16
56
0
76 57 42 71 81 62 48 60 44 55
57
0
13 18 25 20 14 24 25 24 28 18
58
0
25 23 34 24 31 37 27 47 42 29
59
0
41 57 46 41 44 57 50 62 50 39
60
0
66 60 75 67 85 79 88 88 46 72
61
0
6 9 8 5 7 8 7 5 5 9
62
0
45 28 55 57 56 48 25 40 51 35
63
0
75 75 80 87 94 66 69 86 105 63
64
0
12 8 13 13 10 5 11 11 12 8
65
0
122 122 135 102 85 129 153 86 77 115
66
0
56 50 65 25 38 40 50 63 50 49
67
0
67 71 63 60 51 40 71 49 67 48
68
0
36 37 48 40 49 45 42 52 47 41
69
0
2 3 3 5 3 3 2 6 4 1
70
0
57 52 52 50 57 76 72 71 61 56
71
0
12 13 16 11 13 9 8 8 10 9
72
0
9 5 4 7 7 7 7 11 4 7
73
0
91 88 79 111 83 76 79 64 90 96
74
0
128 128 106 99 167 93 151 158 118 159
75
0
23 27 29 27 15 32 28 25 25 18
76
0
22 7 19 14 12 8 12 16 12 15
77
0
2 4 3 1 5 2 2 4 3 3
78
0
8 3 2 3 5 5 4 2 3 3
79
0
41 37 43 36 44 26 40 44 33 57
80
0
19 12 17 17 24 12 17 17 20 12
81
0
23 24 20 18 16 34 32 17 20 24
82
0
10 11 13 10 17 13 11 11 10 12
83
0
174 138 154 175 183 131 126 139 177 161
84
0
37 45 22 44 21 42 38 17 45 34
85
0
31 16 20 25 28 18 20 33 19 29
86
0
95 53 75 79 109 93 82 67 96 84
87
0
4 4 6 4 4 5 4 4 6 5
88
0
38 49 16 38 44 35 19 22 22 21
89
0
87 93 87 80 92 67 83 78 72 85
90
0
98 72 96 94 87 94 76 79 98 81
91
0
8 8 8 11 5 9 10 8 13 10
92
0
147 99 123 132 136 112 152 127 104 90
93
0
87 91 103 119 101 148 87 96 118 80
94
0
19 10 10 10 23 14 20 22 20 12
95
0
56 44 37 31 51 54 44 43 59 30
96
0
23 30 26 15 20 35 29 23 29 40
97
0
20 30 21 37 23 28 34 26 33 46
98
0
105 64 88 85 73 77 86 84 61 91
99
0
159 162 161 186 147 183 180 188 135 200
