200
5
745496
0
0
45 71 24 231 24
1
0
28 24 34 136 8
2
0
2 78 8 25 16
3
0
154 9 128 15 26
4
0
165 6 17 97 69
5
0
133 25 134 51 30
6
0
22 63 5 64 23
7
0
44 15 16 35 57
8
0
0 23 63 29 23
9
0
2 65 48 27 12
10
0
35 47 20 20 102
11
0
15 31 26 36 1
12
0
8 20 12 15 59
13
0
75 24 20 47 76
14
0
0 50 12 3 35
15
0
32 58 81 84 97
16
0
9 17 84 40 475
17
0
25 79 53 50 7
18
0
64 28 3 27 43
19
0
61 41 31 32 17
20
0
47 49 156 119 68
21
0
89 7 31 71 16
22
0
119 30 242 71 37
23
0
51 80 113 53 39
24
0
49 61 10 69 5
25
0
49 15 2 87 388
26
0
9 96 103 22 9
27
0
103 5 25 110 65
28
0
97 9 30 4 62
29
0
25 38 5 1 61
30
0
41 42 45 39 97
31
0
92 0 4 113 21
32
0
42 16 77 19 91
33
0
35 1 22 95 23
34
0
261 24 5 31 8
35
0
9 53 7 4 27
36
0
13 79 28 23 13
37
0
30 318 26 204 28
38
0
1 28 9 34 84
39
0
51 62 33 55 10
40
0
60 1 14 55 26
41
0
19 88 31 5 122
42
0
33 115 91 12 46
43
0
10 14 29 19 9
44
0
21 71 75 62 58
45
0
275 5 44 2 27
46
0
87 120 4 16 16
47
0
21 10 67 55 20
48
0
11 30 13 17 132
49
0
26 44 3 6 99
50
0
7 41 344 2 0
51
0
1 13 82 35 8
52
0
21 95 71 102 54
53
0
4 4 5 31 108
54
0
109 29 22 20 8
55
0
6 14 39 27 1
56
0
21 1 39 73 1
57
0
37 62 68 21 21
58
0
73 49 11 73 13
59
0
103 2 53 5 27
60
0
1 29 42 5 87
61
0
56 44 70 25 14
62
0
41 135 20 40 17
63
0
104 337 76 0 19
64
0
53 0 166 23 50
65
0
22 0 80 83 99
66
0
82 34 4 41 121
67
0
105 28 30 31 198
68
0
26 26 166 43 130
69
0
41 185 27 69 89
70
0
2 11 40 21 56
71
0
14 223 140 17 36
72
0
34 147 31 12 10
73
0
119 51 25 8 139
74
0
33 123 47 3 28
75
0
29 24 244 19 40
76
0
32 35 34 15 67
77
0
67 11 30 181 2
78
0
6 34 34 14 19
79
0
25 24 29 58 10
80
0
80 1 12 5 111
81
0
63 8 8 9 160
82
0
28 15 69 57 19
83
0
13 55 40 23 9
84
0
78 102 5 19 166
85
0
39 11 209 63 85
86
0
27 90 49 47 31
87
0
47 31 39 100 9
88
0
38 9 14 198 4
89
0
37 55 120 37 37
90
0
3 102 5 85 74
91
0
97 56 142 62 10
92
0
57 77 18 11 290
93
0
12 36 96 21 50
94
0
67 6 37 8 11
95
0
38 61 122 88 20
96
0
91 42 32 63 8
97
0
8 16 28 47 13
98
0
7 15 36 15 55
99
0
11 25 17 46 64
100
0
22 5 6 5 151
101
0
55 13 15 23 51
102
0
10 19 8 31 97
103
0
44 4 43 14 74
104
0
29 51 16 46 7
105
0
56 252 117 46 37
106
0
87 23 147 99 103
107
0
42 6 2 53 66
108
0
0 47 0 53 80
109
0
9 29 4 79 21
110
0
32 115 75 17 79
111
0
8 141 20 27 23
112
0
4 3 12 6 230
113
0
24 66 69 16 6
114
0
28 29 11 69 100
115
0
38 128 94 73 32
116
0
119 58 130 21 40
117
0
92 89 6 228 29
118
0
78 21 30 145 45
119
0
60 35 46 14 99
120
0
16 9 98 191 17
121
0
11 18 21 118 6
122
0
59 7 48 21 60
123
0
15 17 48 77 61
124
0
42 8 15 17 60
125
0
6 175 27 3 23
126
0
178 96 33 9 18
127
0
9 90 80 27 24
128
0
10 121 96 3 16
129
0
28 61 47 15 196
130
0
77 55 23 55 18
131
0
29 44 58 74 2
132
0
39 51 102 2 8
133
0
2 234 63 41 92
134
0
19 53 83 50 184
135
0
50 59 6 31 32
136
0
25 30 23 11 54
137
0
54 163 195 28 35
138
0
36 7 6 99 96
139
0
58 15 4 9 10
140
0
134 53 27 13 1
141
0
14 12 44 95 41
142
0
145 24 97 26 21
143
0
91 106 123 3 35
144
0
23 25 119 15 44
145
0
60 18 35 58 33
146
0
43 14 13 13 56
147
0
104 86 97 14 24
148
0
13 52 23 64 98
149
0
39 80 20 35 53
150
0
35 6 8 22 21
151
0
15 48 7 29 25
152
0
165 1 24 32 0
153
0
164 55 30 110 1
154
0
112 14 5 42 47
155
0
104 35 11 118 21
156
0
63 43 6 4 2
157
0
29 20 14 155 41
158
0
8 49 24 33 11
159
0
97 13 42 2 17
160
0
18 49 32 70 4
161
0
37 44 273 7 21
162
0
26 1 36 82 77
163
0
8 41 43 47 48
164
0
78 22 116 10 56
165
0
112 3 14 16 134
166
0
16 222 9 51 66
167
0
94 38 70 93 21
168
0
73 41 1 96 72
169
0
22 4 44 30 81
170
0
50 8 39 46 21
171
0
105 49 137 5 32
172
0
1 20 22 44 7
173
0
4 73 9 32 82
174
0
276 4 6 24 53
175
0
46 63 17 19 71
176
0
172 52 21 14 66
177
0
116 130 73 11 44
178
0
78 53 47 6 90
179
0
189 55 68 8 87
180
0
52 16 6 7 14
181
0
8 21 15 15 95
182
0
26 36 104 116 219
183
0
64 2 33 40 24
184
0
4 52 3 4 8
185
0
50 10 32 58 75
186
0
47 37 11 297 3
187
0
15 77 54 16 36
188
0
12 110 9 27 19
189
0
52 54 1 23 79
190
0
6 66 4 7 148
191
0
63 62 19 22 12
192
0
105 13 52 24 30
193
0
41 6 158 98 16
194
0
99 126 21 44 17
195
0
12 118 25 22 19
196
0
137 5 15 88 41
197
0
4 34 134 4 38
198
0
27 86 27 20 115
199
0
27 10 6 80 48
