100
5
844970
0
0
6 100 36 65 37
1
0
6 116 49 56 54
2
0
15 104 46 76 30
3
0
7 111 39 56 37
4
0
10 106 36 95 46
5
0
6 115 27 63 59
6
0
12 69 57 63 52
7
0
7 88 31 67 38
8
0
12 94 39 88 37
9
0
9 122 45 68 68
10
0
5 122 39 86 50
11
0
9 109 36 81 47
12
0
7 114 55 55 70
13
0
11 127 27 55 48
14
0
11 113 36 74 31
15
0
4 127 35 100 54
16
0
8 136 29 76 53
17
0
10 98 30 64 36
18
0
7 131 56 60 32
19
0
11 128 35 76 63
20
0
4 101 46 74 49
21
0
5 119 35 71 47
22
0
7 83 19 72 50
23
0
8 114 43 85 35
24
0
10 87 56 65 45
25
0
6 100 28 52 31
26
0
10 122 32 77 39
27
0
8 138 38 84 65
28
0
7 109 30 67 40
29
0
9 95 48 55 47
30
0
8 111 43 55 68
31
0
14 98 31 68 54
32
0
9 121 20 92 44
33
0
6 94 34 62 66
34
0
9 119 67 81 45
35
0
9 91 33 79 54
36
0
8 121 31 75 44
37
0
14 98 34 55 69
38
0
11 123 34 67 39
39
0
6 118 29 83 50
40
0
9 119 21 78 53
41
0
11 119 43 88 45
42
0
7 123 48 71 34
43
0
6 152 26 53 45
44
0
6 102 37 58 41
45
0
10 97 43 75 32
46
0
5 98 49 90 69
47
0
10 91 47 56 46
48
0
10 113 31 66 38
49
0
8 136 52 58 32
50
0
19 116 37 52 47
51
0
11 104 44 71 47
52
0
6 96 45 60 63
53
0
8 83 59 61 52
54
0
7 104 37 98 53
55
0
9 142 43 66 53
56
0
9 128 38 70 44
57
0
7 118 29 61 56
58
0
5 124 35 59 41
59
0
4 96 43 68 36
60
0
11 121 21 65 46
61
0
10 90 43 70 46
62
0
7 101 27 101 60
63
0
9 116 35 75 51
64
0
8 97 26 73 46
65
0
7 123 44 84 36
66
0
6 116 67 45 31
67
0
5 112 44 74 71
68
0
7 114 45 82 55
69
0
6 121 51 77 55
70
0
3 130 42 65 32
71
0
9 112 39 83 69
72
0
11 97 31 56 55
73
0
12 107 28 91 51
74
0
11 98 19 96 45
75
0
8 136 44 61 50
76
0
8 132 37 84 45
77
0
9 127 54 53 44
78
0
8 119 31 65 38
79
0
10 149 34 60 41
80
0
9 107 40 68 42
81
0
4 131 48 45 50
82
0
8 109 33 47 58
83
0
8 110 48 69 33
84
0
7 96 40 78 50
85
0
5 103 29 82 51
86
0
11 98 39 74 29
87
0
6 112 48 63 53
88
0
6 126 40 51 33
89
0
10 77 45 62 45
90
0
13 71 42 58 36
91
0
7 79 63 49 52
92
0
10 104 37 56 44
93
0
13 124 49 66 47
94
0
11 89 23 57 54
95
0
4 112 39 64 41
96
0
8 158 34 62 41
97
0
10 60 55 81 35
98
0
13 101 28 48 28
99
0
7 104 41 71 44
