100
20
772798
0
0
44 21 23 34 40 20 38 29 30 27 23 27 38 44 28 30 30 30 23 41
1
0
26 23 22 19 14 15 24 19 17 26 25 21 18 24 13 20 28 20 23 22
2
0
75 53 49 63 100 59 59 77 50 83 59 78 78 85 61 76 61 55 68 50
3
0
26 20 24 23 20 36 30 25 27 19 33 32 18 21 20 19 14 17 20 16
4
0
3 2 1 2 3 3 2 2 3 2 2 4 3 2 1 2 2 3 5 1
5
0
67 92 91 62 91 91 67 82 81 91 50 102 69 78 69 59 72 72 58 53
6
0
39 28 53 51 66 42 59 35 49 53 49 54 39 47 43 38 46 35 44 73
7
0
21 22 19 23 32 32 23 19 20 25 14 29 16 20 24 19 20 23 19 11
8
0
14 22 24 22 21 18 26 12 19 14 23 14 18 17 19 19 26 15 22 26
9
0
213 198 181 150 145 222 188 235 119 175 228 202 177 201 165 193 179 197 186 180
10
0
4 6 5 5 12 7 6 5 7 4 3 7 9 4 5 9 5 4 4 3
11
0
40 47 26 24 35 27 36 23 28 38 35 29 24 34 21 30 41 29 26 38
12
0
22 27 23 21 24 28 26 14 21 19 14 17 32 18 22 22 21 28 16 30
13
0
8 6 11 11 15 8 10 10 9 12 8 11 13 8 18 11 9 8 15 10
14
0
47 44 27 28 33 47 32 23 28 39 34 24 34 44 52 42 43 24 31 25
15
0
23 14 20 19 21 20 17 24 18 13 17 23 16 11 21 15 25 23 26 13
16
0
1 1 1 1 2 1 1 1 1 1 1 1 2 3 1 1 1 1 2 1
17
0
13 10 15 11 8 11 11 9 11 13 8 19 16 6 14 20 10 10 20 10
18
0
64 56 57 63 56 63 71 68 79 62 77 64 75 79 79 82 60 88 57 60
19
0
5 1 1 3 3 3 2 2 2 2 2 1 4 1 2 1 2 3 1 2
20
0
33 31 25 33 60 44 41 45 23 23 33 23 40 55 42 50 21 27 62 34
21
0
30 62 34 56 20 44 54 38 35 36 27 37 37 29 49 32 32 29 29 39
22
0
78 72 76 72 76 60 73 81 85 67 94 84 91 87 84 56 103 124 78 98
23
0
85 80 78 83 90 116 77 122 89 105 85 87 98 85 89 125 81 65 80 80
24
0
5 4 4 6 5 2 5 5 5 4 4 3 7 5 10 4 4 7 6 4
25
0
74 57 70 74 43 47 63 62 47 81 64 69 84 67 68 48 63 48 59 60
26
0
281 221 266 230 234 252 215 241 263 259 228 197 257 281 238 204 254 252 230 249
27
0
18 21 8 15 16 21 28 15 14 14 15 15 20 18 17 13 9 22 22 20
28
0
24 23 31 27 36 26 29 21 17 22 24 27 22 24 19 21 32 46 14 25
29
0
46 46 48 55 36 48 61 54 47 53 58 67 50 45 46 35 40 58 34 44
30
0
6 7 6 7 6 7 6 4 12 9 6 10 5 8 6 4 6 10 5 4
31
0
27 19 25 34 32 21 29 19 24 21 20 19 46 30 27 19 34 26 20 17
32
0
33 40 29 42 57 39 34 27 25 42 61 33 36 40 44 52 39 50 38 30
33
0
54 34 23 51 25 39 31 40 23 33 20 35 35 23 27 24 21 47 28 20
34
0
48 52 39 52 59 48 61 47 39 43 60 61 44 56 61 38 55 38 56 50
35
0
17 21 22 11 16 12 13 10 11 15 14 13 13 7 16 18 17 10 16 20
36
0
32 44 46 25 35 33 29 23 19 24 38 19 37 45 43 40 37 30 35 23
37
0
6 11 4 5 5 7 5 6 6 6 7 4 5 8 7 7 7 3 6 6
38
0
8 7 5 14 21 9 13 8 14 10 7 10 8 9 9 10 8 7 9 10
39
0
11 12 9 7 14 13 18 10 6 8 11 12 11 15 13 15 8 10 8 14
40
0
4 3 3 3 3 4 3 3 7 5 5 4 3 2 3 7 4 3 2 5
41
0
88 83 105 121 102 119 124 129 86 115 133 99 102 99 98 103 116 102 88 122
42
0
58 51 37 58 46 33 50 50 43 38 51 61 75 40 42 52 41 61 41 44
43
0
28 26 35 21 22 21 27 27 22 24 21 18 20 32 25 28 23 22 24 14
44
0
61 65 41 39 67 59 45 61 49 62 67 61 44 53 48 54 48 73 57 70
45
0
62 47 67 57 100 76 93 49 96 81 84 68 79 89 88 58 100 76 100 86
46
0
99 90 88 114 135 83 107 127 85 114 134 127 102 91 90 120 123 139 79 115
47
0
19 24 16 23 20 26 27 21 25 16 29 26 31 36 25 31 19 36 22 18
48
0
4 7 6 7 8 5 11 8 3 7 10 10 8 8 10 10 5 10 3 8
49
0
126 140 111 108 105 111 101 115 121 145 153 77 128 151 107 127 110 112 102 125
50
0
12 13 14 24 16 10 23 17 10 24 14 15 23 15 23 19 20 17 9 8
51
0
120 121 132 124 104 108 89 107 115 96 105 178 119 82 130 90 148 132 117 176
52
0
30 18 27 31 39 20 15 34 28 35 28 31 41 24 32 30 36 33 24 35
53
0
155 112 149 126 149 171 124 133 131 116 164 117 133 144 116 181 115 130 132 158
54
0
20 12 26 20 32 16 16 29 17 29 25 28 23 14 21 16 17 19 17 12
55
0
30 38 41 39 40 40 53 31 37 38 31 33 49 58 46 33 36 25 48 31
56
0
2 2 1 2 1 1 1 1 2 1 2 1 2 2 2 1 2 1 2 3
57
0
61 66 46 64 70 84 55 45 56 61 68 36 46 61 58 72 67 48 50 51
58
0
43 61 62 32 52 45 41 53 40 38 35 54 43 41 35 55 47 32 48 40
59
0
26 13 15 28 29 33 25 19 19 11 28 25 20 15 23 24 20 19 19 29
60
0
126 101 106 89 130 96 76 87 109 123 91 105 94 123 92 130 81 109 117 86
61
0
59 79 85 71 73 94 78 109 59 94 66 62 64 72 66 64 78 62 66 98
62
0
25 30 44 37 36 40 33 51 20 20 34 26 39 49 36 45 29 33 32 45
63
0
142 111 138 119 110 103 116 115 97 112 100 123 114 102 120 128 117 108 137 116
64
0
55 39 42 34 36 44 49 38 42 35 37 47 34 25 31 57 45 59 41 38
65
0
3 2 4 3 2 2 2 3 2 2 2 2 2 2 2 3 3 2 2 3
66
0
78 105 116 85 84 114 105 71 94 95 93 115 110 67 112 97 79 89 89 100
67
0
91 103 119 113 105 95 112 100 143 105 127 108 113 127 109 115 116 117 140 127
68
0
63 56 48 65 69 61 53 60 47 54 40 66 68 49 59 49 51 50 41 59
69
0
83 93 66 143 79 98 90 111 74 86 104 94 99 106 80 113 98 94 89 91
70
0
92 103 85 50 76 80 82 84 78 94 67 91 75 97 92 108 70 79 70 90
71
0
38 39 29 26 39 40 34 32 47 30 35 32 26 38 31 36 28 34 35 31
72
0
107 87 83 103 81 123 99 97 82 74 102 95 98 79 91 85 101 76 87 77
73
0
171 148 156 171 153 127 170 159 160 151 149 143 150 185 180 117 180 146 162 136
74
0
7 22 5 13 13 9 7 8 14 12 12 14 9 5 10 13 11 15 15 8
75
0
21 16 19 18 27 15 18 17 21 19 28 18 25 16 26 17 19 14 20 13
76
0
77 74 24 37 45 46 44 48 64 45 48 37 43 55 42 39 42 52 40 52
77
0
35 52 38 46 28 29 45 44 60 42 46 46 30 56 43 40 54 43 34 37
78
0
158 134 144 178 162 190 129 109 115 95 155 164 160 163 191 144 126 110 135 123
79
0
38 53 58 46 44 51 65 55 46 54 37 55 38 50 49 34 53 38 66 44
80
0
35 16 28 27 34 24 18 32 31 16 21 32 24 22 22 28 25 28 26 13
81
0
2 2 2 2 3 3 3 4 4 3 1 2 3 4 3 2 2 3 3 4
82
0
10 6 6 4 4 7 5 6 9 5 8 5 5 5 7 10 6 5 5 6
83
0
101 98 78 114 98 94 100 113 109 96 112 125 67 130 104 100 94 83 98 139
84
0
32 32 41 34 23 29 44 31 27 34 45 29 29 34 32 40 31 24 23 46
85
0
26 27 27 33 30 26 27 34 29 40 22 41 41 27 34 22 34 21 31 37
86
0
65 70 116 95 97 127 106 114 117 118 111 104 94 93 86 104 97 97 116 78
87
0
1 2 1 1 1 2 1 1 3 2 1 2 1 2 1 1 2 3 1 1
88
0
75 56 51 45 56 74 44 61 58 45 44 66 48 74 53 70 49 48 55 58
89
0
1 1 1 1 1 1 1 1 1 1 1 1 1 1 1 1 1 1 1 1
90
0
19 52 28 21 41 19 31 26 36 30 20 21 33 23 34 31 37 35 47 26
91
0
165 124 118 123 154 108 142 110 96 118 164 111 121 128 128 107 124 124 111 144
92
0
26 14 19 13 16 16 23 13 20 13 13 18 33 23 16 24 17 20 19 16
93
0
122 132 130 121 151 133 136 134 117 110 109 122 117 119 121 159 131 113 140 132
94
0
59 54 79 78 40 87 61 68 63 52 67 87 68 55 71 62 75 41 43 58
95
0
35 16 10 26 22 25 33 29 18 19 15 21 18 31 24 17 28 32 16 9
96
0
75 84 98 105 77 75 112 66 48 101 81 95 124 89 73 136 87 75 113 114
97
0
109 75 100 104 87 110 104 106 104 105 105 93 100 113 94 85 90 115 65 133
98
0
15 14 12 7 9 12 9 15 8 10 8 11 12 7 11 10 6 8 8 10
99
0
15 10 12 16 18 16 14 14 13 21 20 12 13 20 15 8 22 14 22 14
