30
10
510608
0
0
14 12 25 18 11 19 15 15 17 12
1
0
67 83 87 80 69 85 65 68 84 77
2
0
45 23 49 34 42 40 46 40 34 53
3
0
13 23 22 13 17 25 22 15 29 18
4
0
66 85 89 69 89 79 94 74 66 85
5
0
100 124 110 106 118 139 74 83 108 83
6
0
34 51 33 28 19 22 32 17 27 18
7
0
55 58 45 54 46 42 38 60 52 60
8
0
65 75 63 73 54 72 55 66 70 57
9
0
35 16 19 33 26 16 29 24 24 16
10
0
78 76 86 100 51 72 80 67 66 93
11
0
4 2 2 4 5 4 6 3 5 3
12
0
28 45 34 42 23 35 32 40 32 31
13
0
1 2 1 1 1 1 1 1 1 1
14
0
65 63 43 50 63 72 61 44 56 43
15
0
13 24 16 14 9 18 18 11 19 17
16
0
16 21 20 14 14 13 24 10 17 37
17
0
1 1 1 1 1 2 1 1 2 1
18
0
114 108 108 81 117 87 106 104 87 106
19
0
14 15 26 15 11 18 14 10 9 11
20
0
75 88 62 82 66 68 70 76 73 88
21
0
15 21 10 29 25 34 21 13 24 24
22
0
53 76 65 52 59 62 58 61 62 54
23
0
26 22 25 23 26 25 26 26 29 23
24
0
11 14 28 24 15 24 10 18 15 8
25
0
50 46 75 44 45 54 50 58 46 59
26
0
6 5 8 8 7 5 5 6 6 5
27
0
60 56 76 59 80 55 74 32 64 75
28
0
119 135 158 108 135 146 132 124 154 117
29
0
95 81 94 102 76 95 110 82 92 85
