30
20
9590
0
0
13 11 23 8 187 77 14 19 14 15 63 29 26 166 25 77 13 36 29 24
1
0
7 13 21 4 175 107 16 32 22 23 47 23 17 222 54 98 6 27 25 17
2
0
17 5 28 5 197 72 23 27 20 15 35 30 29 206 38 62 11 37 21 19
3
0
14 10 15 8 168 87 44 37 22 22 62 31 33 194 26 111 24 41 12 17
4
0
9 7 21 10 180 108 20 16 25 19 58 41 28 177 37 97 20 30 24 20
5
0
14 5 23 6 187 102 13 20 12 16 57 43 25 174 26 94 14 34 23 16
6
0
11 9 15 8 200 103 16 23 18 13 50 28 28 181 28 107 15 32 24 20
7
0
8 15 22 3 185 110 14 37 21 21 59 47 26 173 29 79 16 38 22 19
8
0
6 15 23 5 221 86 21 24 20 11 54 31 17 220 32 77 15 34 21 16
9
0
11 9 27 8 173 102 19 17 21 20 59 41 22 146 23 101 12 43 13 17
10
0
10 11 22 5 214 127 23 29 29 18 45 34 23 161 25 78 15 31 15 23
11
0
10 8 17 6 267 104 19 14 21 37 36 36 14 185 41 96 26 20 20 25
12
0
11 12 21 4 205 113 23 15 24 19 49 32 30 162 34 102 15 32 24 17
13
0
10 9 27 6 220 109 27 13 15 24 52 26 36 152 24 130 25 50 21 20
14
0
5 12 13 6 144 88 18 18 20 13 45 44 22 230 25 97 22 49 32 18
15
0
9 12 34 4 186 107 16 33 17 19 58 20 21 200 26 121 17 42 10 13
16
0
7 6 14 5 229 98 19 22 21 20 43 36 27 179 29 107 24 25 25 23
17
0
11 15 23 5 184 84 14 27 14 14 48 22 35 217 42 85 26 31 19 27
18
0
9 9 14 6 226 87 22 21 40 16 40 34 29 161 27 125 9 34 13 22
19
0
10 9 24 6 217 117 30 24 25 15 45 50 23 190 28 83 35 28 19 20
20
0
7 11 17 8 243 57 15 25 22 15 42 36 40 165 38 120 27 23 13 28
21
0
11 19 24 6 155 96 16 20 17 13 53 27 20 163 21 164 16 21 22 20
22
0
11 13 21 6 258 106 30 25 19 20 58 24 29 160 34 139 12 30 25 22
23
0
13 7 16 6 194 79 19 24 16 24 60 23 28 183 27 112 12 18 24 16
24
0
11 13 25 6 230 114 17 16 21 23 47 18 24 164 29 108 14 32 28 18
25
0
10 10 27 5 198 110 28 25 15 17 37 29 17 237 38 89 17 31 17 19
26
0
5 5 18 4 239 73 21 15 33 20 56 43 22 179 33 99 17 30 12 21
27
0
9 8 24 8 252 85 25 21 29 19 43 50 51 114 39 113 15 26 12 14
28
0
4 18 19 4 215 96 38 24 18 26 52 25 25 145 23 100 19 31 19 27
29
0
6 15 21 6 223 87 26 33 25 14 63 33 26 176 22 98 20 38 11 20
