20
10
361623
0
0
6 69 32 50 18 28 30 74 11 185
1
0
14 113 19 59 9 29 40 54 8 237
2
0
10 97 15 86 25 27 24 76 12 220
3
0
7 101 25 58 20 26 32 82 13 244
4
0
9 86 17 49 17 29 30 70 13 277
5
0
11 89 19 71 15 27 31 37 17 223
6
0
9 64 26 42 9 28 27 86 5 263
7
0
15 93 25 37 24 15 26 54 7 229
8
0
12 87 26 52 22 29 26 68 12 285
9
0
14 90 20 52 23 14 26 40 12 241
10
0
7 72 17 78 19 16 21 92 5 248
11
0
9 96 27 55 11 23 22 89 8 263
12
0
14 86 21 58 13 27 14 52 8 231
13
0
5 108 24 68 16 32 25 69 12 248
14
0
15 65 32 59 11 22 15 81 13 220
15
0
19 80 28 56 9 31 31 49 5 237
16
0
8 83 24 47 16 30 15 79 12 220
17
0
11 124 17 32 16 25 22 86 13 284
18
0
16 86 14 59 16 22 11 61 14 256
19
0
13 87 22 44 16 20 12 75 12 234
