100
20
479782
0
0
16 33 141 10 53 137 87 232 69 17 4 10 80 49 11 2 12 29 100 96
1
0
28 18 157 39 99 35 17 95 54 11 103 83 3 89 4 158 36 4 162 251
2
0
91 79 51 14 8 65 19 25 4 36 77 60 11 56 13 23 32 15 25 19
3
0
3 28 19 14 60 8 145 48 31 126 128 23 123 33 198 111 9 32 20 16
4
0
68 9 228 63 1 60 26 7 8 252 23 13 139 49 7 2 4 54 10 19
5
0
8 39 1 12 34 69 3 12 102 2 7 21 10 34 151 38 51 3 59 10
6
0
0 34 108 3 46 6 13 53 8 12 29 78 34 9 18 53 22 14 46 22
7
0
26 17 79 85 6 25 132 1 2 15 29 70 23 5 72 46 10 100 60 12
8
0
31 4 9 21 6 76 51 22 19 63 162 11 21 200 101 12 7 88 41 46
9
0
71 48 36 3 17 125 12 3 33 26 24 4 64 214 13 5 24 43 10 61
10
0
85 77 78 108 43 9 20 96 28 27 14 144 4 33 4 47 55 20 3 32
11
0
7 8 27 2 22 30 2 164 67 7 26 56 30 22 19 19 116 67 17 5
12
0
17 42 17 44 33 16 27 24 53 19 31 136 235 74 86 70 158 44 17 10
13
0
19 179 35 53 39 3 1 27 89 71 27 73 42 6 10 64 69 58 17 7
14
0
82 22 86 1 15 90 113 41 28 90 67 28 2 73 21 177 27 11 15 3
15
0
16 45 3 59 234 20 24 9 6 137 98 142 0 26 67 18 31 105 72 20
16
0
154 195 91 170 75 40 22 15 186 87 95 30 6 60 13 2 21 129 47 194
17
0
3 56 20 12 15 78 100 96 58 27 2 2 41 20 58 181 30 17 105 31
18
0
16 78 30 20 51 64 59 8 35 11 116 54 9 14 17 46 54 6 3 133
19
0
73 65 28 13 7 102 69 7 29 71 23 51 88 31 53 100 19 101 5 6
20
0
161 198 10 69 90 3 44 15 122 20 14 21 19 18 85 8 74 20 26 1
21
0
71 2 61 1 48 3 41 30 9 6 35 9 83 103 30 59 53 64 6 115
22
0
110 41 101 42 105 25 35 148 2 131 14 10 20 4 28 6 33 19 6 101
23
0
43 32 246 165 8 43 25 7 54 16 54 50 3 63 25 40 36 34 53 48
24
0
81 5 148 12 29 18 52 22 70 18 7 5 24 13 24 33 41 52 42 44
25
0
87 59 4 39 57 16 23 9 18 4 26 218 45 47 61 40 39 29 52 7
26
0
64 4 10 16 55 3 61 75 26 70 52 14 81 32 49 7 31 41 32 38
27
0
61 40 17 31 30 264 140 49 24 27 73 175 1 15 23 3 38 41 34 39
28
0
4 59 17 69 20 30 71 29 3 60 15 227 22 9 41 57 52 18 51 11
29
0
12 62 150 154 210 7 6 18 32 6 53 106 23 3 132 30 18 55 34 4
30
0
5 1 204 42 40 50 2 176 25 10 75 48 21 49 7 20 107 77 6 40
31
0
49 5 19 10 46 4 11 16 27 13 13 45 30 108 2 49 8 6 83 190
32
0
6 28 177 2 32 39 52 3 69 6 2 85 3 4 93 63 31 71 101 52
33
0
137 42 163 2 27 69 30 3 30 96 0 36 19 99 83 130 15 47 75 43
34
0
11 45 236 51 52 58 53 20 45 21 32 134 33 32 70 15 156 4 43 37
35
0
36 25 158 51 6 104 52 27 41 4 29 52 7 30 32 2 4 75 13 358
36
0
15 7 3 8 42 16 0 46 36 113 138 5 4 30 153 0 23 52 0 89
37
0
65 26 74 8 21 2 44 11 18 151 1 52 1 16 26 10 29 81 104 10
38
0
66 26 85 21 68 34 77 29 99 81 29 27 44 18 45 72 16 25 120 87
39
0
121 56 86 81 82 6 37 85 23 4 15 117 77 35 6 3 8 1 51 82
40
0
21 29 82 44 23 8 16 9 32 174 99 10 52 46 136 11 20 0 28 75
41
0
90 13 37 16 5 94 4 107 10 18 24 15 40 58 2 91 12 67 45 8
42
0
3 41 42 190 84 74 190 14 42 13 2 1 34 7 35 7 3 51 46 8
43
0
76 79 28 0 45 11 44 8 51 13 14 29 1 66 52 55 46 121 91 15
44
0
37 187 26 21 14 66 58 43 6 3 55 35 63 119 1 13 37 24 37 41
45
0
7 43 66 13 11 19 0 77 157 77 80 85 21 19 115 226 16 115 6 10
46
0
32 148 52 46 150 101 23 21 7 56 113 48 12 8 10 27 62 83 118 5
47
0
111 54 14 65 41 37 23 38 34 37 142 22 22 31 64 159 6 51 43 14
48
0
104 7 55 14 17 103 34 75 1 53 37 62 28 10 30 32 19 8 35 79
49
0
15 114 11 26 58 152 8 218 70 29 7 37 25 77 23 24 83 7 11 35
50
0
77 28 82 127 14 8 5 27 20 5 123 39 33 20 78 167 57 1 41 19
51
0
79 7 4 1 44 100 26 79 22 8 3 3 39 21 30 112 17 326 88 66
52
0
24 16 26 8 72 48 42 3 27 31 77 92 58 51 57 58 23 71 81 57
53
0
42 36 178 9 18 176 59 33 48 6 48 40 20 25 39 75 42 106 93 132
54
0
42 77 8 15 7 57 72 63 107 4 83 34 1 12 18 16 25 102 104 23
55
0
13 10 37 113 39 24 249 28 32 12 0 17 3 38 7 81 45 126 19 101
56
0
85 12 89 85 102 47 37 36 29 153 41 88 13 162 89 17 13 19 28 86
57
0
15 34 21 8 16 88 25 59 66 61 1 26 4 124 17 165 23 4 141 42
58
0
302 91 22 129 54 14 10 42 22 79 71 57 51 32 2 2 75 3 6 53
59
0
92 67 9 406 77 10 11 17 37 45 60 14 179 11 43 161 30 38 32 41
60
0
56 35 9 8 114 15 20 75 20 47 83 15 22 49 10 25 39 58 45 109
61
0
164 18 120 16 36 62 179 28 155 24 1 4 306 110 73 22 80 40 45 164
62
0
49 3 27 39 20 79 2 51 45 49 74 58 9 29 33 93 105 290 3 22
63
0
81 90 147 6 77 7 16 23 4 10 23 5 57 120 22 30 2 24 125 18
64
0
1 63 79 187 32 78 118 16 25 37 26 22 21 399 25 34 6 12 37 147
65
0
55 4 98 3 27 37 48 139 14 17 23 4 8 3 59 67 77 80 14 64
66
0
82 62 33 37 56 134 81 31 2 10 32 26 27 4 169 115 2 25 65 19
67
0
128 18 20 88 6 17 98 10 75 25 7 293 64 6 8 18 23 13 0 7
68
0
65 34 9 64 24 33 0 20 100 49 25 34 56 90 95 43 47 12 58 21
69
0
36 63 27 39 58 11 3 26 14 38 82 30 1 69 43 177 1 79 134 14
70
0
4 5 29 8 77 64 0 128 80 165 26 104 14 132 17 27 46 56 30 13
71
0
64 48 73 31 114 84 3 52 11 90 10 11 3 1 20 63 45 44 67 285
72
0
26 12 39 37 71 12 28 18 26 3 117 70 3 51 23 77 99 19 83 5
73
0
68 7 60 14 7 71 1 60 192 30 29 138 124 34 72 116 100 22 27 133
74
0
18 60 36 96 89 8 6 9 10 101 30 101 165 14 62 12 10 100 181 82
75
0
18 32 63 76 23 103 14 13 20 0 21 27 97 29 44 19 101 119 19 55
76
0
425 5 113 77 4 91 4 165 8 19 82 30 34 16 68 3 85 23 66 49
77
0
81 40 32 67 98 37 51 32 180 28 43 88 15 75 29 2 55 105 10 77
78
0
47 31 48 120 32 21 158 68 17 107 78 14 23 55 48 29 55 168 2 81
79
0
58 3 34 70 1 60 45 2 78 6 1 109 33 56 44 29 24 77 40 25
80
0
40 0 149 19 99 36 12 72 37 16 27 17 50 26 43 0 60 16 22 39
81
0
69 15 18 15 35 86 162 40 1 114 15 18 10 52 38 104 20 54 16 32
82
0
17 12 29 80 50 47 81 87 24 25 98 80 162 6 65 8 16 6 26 58
83
0
17 28 245 2 71 76 1 13 107 24 143 10 21 31 7 5 13 42 42 95
84
0
10 40 41 3 142 40 5 74 19 20 6 13 77 75 46 19 106 16 21 66
85
0
169 46 1 28 59 20 55 18 12 30 12 7 48 84 90 39 92 21 94 11
86
0
118 136 83 78 22 44 189 50 18 9 7 29 77 47 32 201 114 19 143 27
87
0
32 19 90 148 11 144 2 99 7 78 34 146 111 1 32 21 23 33 39 6
88
0
38 16 56 11 98 5 11 4 124 7 21 39 9 120 121 51 7 170 276 85
89
0
21 89 28 43 48 22 1 22 3 13 23 137 24 89 10 92 8 29 52 13
90
0
22 12 14 26 19 87 49 2 27 58 28 15 20 6 63 84 15 22 41 1
91
0
33 96 32 16 21 15 18 4 18 197 102 9 82 44 68 50 41 88 165 64
92
0
24 97 2 93 99 1 1 47 67 77 91 15 122 33 23 61 2 7 19 19
93
0
78 83 78 40 35 24 46 53 23 57 70 115 68 23 2 16 15 52 6 30
94
0
9 292 47 186 30 87 1 27 8 29 9 45 44 114 54 33 135 45 81 4
95
0
32 42 93 3 27 32 83 36 24 1 74 12 17 68 29 32 39 24 29 10
96
0
10 228 1 28 24 3 39 49 24 102 10 17 48 14 77 55 0 5 27 2
97
0
28 1 148 70 0 32 203 156 23 3 6 12 23 36 6 12 30 1 78 49
98
0
10 5 13 13 35 41 31 60 193 26 12 39 0 17 57 59 151 89 77 106
99
0
37 59 80 5 11 10 16 131 105 133 55 25 16 48 152 58 51 64 205 20
