200
5
855129
0
0
43 39 31 37 27
1
0
5 7 5 7 5
2
0
39 49 40 42 46
3
0
10 4 18 16 12
4
0
59 61 58 46 49
5
0
1 3 1 1 3
6
0
193 156 170 132 168
7
0
12 11 8 6 17
8
0
44 41 30 25 36
9
0
40 32 30 44 49
10
0
249 259 235 205 283
11
0
4 5 2 8 8
12
0
40 46 35 34 50
13
0
17 7 11 14 6
14
0
5 5 3 7 6
15
0
186 151 177 181 137
16
0
166 130 132 123 182
17
0
1 2 2 3 1
18
0
20 30 41 35 43
19
0
6 8 11 15 12
20
0
14 19 13 13 14
21
0
134 142 170 138 141
22
0
35 30 44 29 46
23
0
8 7 8 9 7
24
0
38 40 37 41 60
25
0
35 67 57 76 60
26
0
8 13 13 9 10
27
0
73 84 55 47 50
28
0
159 150 127 147 124
29
0
195 206 225 216 214
30
0
23 86 41 40 49
31
0
263 239 265 274 253
32
0
74 76 54 60 57
33
0
6 7 3 2 4
34
0
94 135 69 125 84
35
0
79 49 79 57 72
36
0
108 60 90 85 87
37
0
19 15 27 16 20
38
0
22 27 45 24 23
39
0
53 70 36 55 56
40
0
137 98 81 102 104
41
0
93 68 99 80 66
42
0
69 76 43 64 65
43
0
49 45 41 42 38
44
0
118 128 132 109 88
45
0
13 20 23 16 23
46
0
21 15 23 8 9
47
0
15 11 8 9 12
48
0
49 67 58 48 57
49
0
16 6 7 9 9
50
0
8 12 4 8 14
51
0
51 52 48 42 52
52
0
60 42 66 68 90
53
0
405 377 370 397 359
54
0
19 11 15 17 18
55
0
23 25 27 29 33
56
0
5 7 6 3 7
57
0
1 1 1 1 1
58
0
20 65 30 30 35
59
0
64 69 65 49 104
60
0
25 36 23 26 31
61
0
43 41 43 41 47
62
0
9 13 6 11 5
63
0
47 36 62 55 37
64
0
13 5 9 5 13
65
0
36 30 33 28 22
66
0
71 85 62 78 76
67
0
94 58 99 98 92
68
0
9 8 9 7 6
69
0
114 206 113 115 142
70
0
69 44 60 62 70
71
0
47 59 45 42 56
72
0
12 25 41 31 18
73
0
22 39 55 39 37
74
0
42 24 52 45 33
75
0
16 12 10 14 8
76
0
6 11 4 7 5
77
0
35 37 20 13 21
78
0
185 164 201 201 144
79
0
15 8 8 15 16
80
0
27 26 44 25 27
81
0
11 10 7 4 22
82
0
26 36 28 25 37
83
0
7 9 8 5 9
84
0
31 23 30 34 41
85
0
128 106 99 104 97
86
0
5 2 5 7 7
87
0
65 22 40 44 41
88
0
26 16 29 18 16
89
0
59 59 43 53 72
90
0
9 9 6 7 12
91
0
61 64 46 57 58
92
0
15 12 14 14 11
93
0
33 29 33 31 51
94
0
16 10 11 11 12
95
0
57 59 77 64 82
96
0
56 59 72 43 80
97
0
11 16 4 16 10
98
0
129 105 97 120 99
99
0
74 79 106 87 85
100
0
73 71 72 73 70
101
0
1 1 2 1 2
102
0
22 36 14 27 37
103
0
31 40 49 46 45
104
0
5 7 6 11 8
105
0
131 132 137 170 143
106
0
11 8 6 10 10
107
0
94 101 98 98 123
108
0
31 44 33 38 42
109
0
103 119 137 146 127
110
0
76 58 77 76 63
111
0
15 20 16 15 17
112
0
32 34 31 39 48
113
0
102 116 118 93 114
114
0
7 8 11 12 9
115
0
16 29 20 26 25
116
0
16 16 18 28 9
117
0
9 9 4 6 11
118
0
92 94 88 66 90
119
0
2 1 2 2 1
120
0
131 97 108 152 116
121
0
178 173 170 191 158
122
0
74 71 71 64 64
123
0
134 152 104 158 136
124
0
3 2 2 5 4
125
0
19 21 30 27 27
126
0
21 26 28 30 25
127
0
138 154 134 144 142
128
0
10 12 8 10 11
129
0
10 14 19 21 19
130
0
54 27 50 52 24
131
0
13 10 10 15 9
132
0
133 134 92 130 89
133
0
39 23 35 48 29
134
0
29 27 33 20 26
135
0
19 32 19 19 17
136
0
17 20 19 15 21
137
0
55 51 59 42 38
138
0
47 49 40 48 32
139
0
73 100 90 78 57
140
0
95 85 77 94 65
141
0
88 98 104 91 123
142
0
16 25 26 29 29
143
0
45 55 65 49 30
144
0
80 142 116 130 97
145
0
92 94 96 98 87
146
0
11 11 22 13 16
147
0
8 14 13 29 12
148
0
64 71 72 61 41
149
0
102 108 136 101 79
150
0
32 45 34 49 43
151
0
14 8 9 13 22
152
0
52 71 83 71 86
153
0
99 62 99 91 83
154
0
14 23 13 23 17
155
0
38 30 29 31 28
156
0
11 8 12 31 19
157
0
18 28 26 17 20
158
0
4 5 2 3 3
159
0
34 38 49 32 45
160
0
53 82 41 64 81
161
0
70 38 53 63 44
162
0
73 50 50 56 72
163
0
8 3 6 3 8
164
0
96 57 63 100 46
165
0
39 45 64 46 33
166
0
69 122 86 114 84
167
0
37 30 28 53 28
168
0
6 6 5 7 8
169
0
12 16 19 11 13
170
0
10 10 8 5 13
171
0
67 48 66 61 62
172
0
95 104 96 103 105
173
0
7 16 11 16 14
174
0
16 32 21 23 26
175
0
24 19 13 17 25
176
0
9 10 9 6 19
177
0
64 70 67 86 58
178
0
7 15 12 8 11
179
0
78 58 56 55 67
180
0
30 22 33 36 35
181
0
4 3 12 8 12
182
0
116 142 160 123 100
183
0
112 135 97 127 110
184
0
30 23 32 24 35
185
0
139 128 96 95 109
186
0
46 79 55 45 59
187
0
11 24 22 17 10
188
0
40 45 47 34 42
189
0
37 39 64 54 45
190
0
81 83 78 85 92
191
0
46 77 55 28 42
192
0
11 8 7 13 13
193
0
14 14 9 10 10
194
0
134 128 141 131 95
195
0
23 25 30 29 27
196
0
34 45 27 42 42
197
0
71 64 64 40 54
198
0
81 91 93 61 89
199
0
1 1 1 1 2
