200
5
694123
0
0
20 12 57 3 21
1
0
15 15 57 1 31
2
0
9 6 64 1 26
3
0
29 12 57 1 21
4
0
21 11 70 1 22
5
0
23 12 55 1 15
6
0
13 15 60 1 14
7
0
12 10 59 2 23
8
0
23 13 83 1 27
9
0
11 14 59 1 25
10
0
16 10 73 1 21
11
0
24 11 58 2 21
12
0
27 15 68 2 14
13
0
31 9 62 2 36
14
0
18 8 67 1 29
15
0
16 8 55 1 28
16
0
14 13 65 1 20
17
0
17 13 40 1 16
18
0
23 13 71 1 14
19
0
15 16 40 1 10
20
0
18 13 45 2 18
21
0
18 7 46 1 25
22
0
18 13 56 2 17
23
0
19 13 60 1 22
24
0
21 8 47 1 21
25
0
17 15 62 2 19
26
0
17 12 48 2 30
27
0
19 10 42 3 23
28
0
19 14 51 1 27
29
0
13 11 65 2 16
30
0
22 18 54 1 22
31
0
20 10 69 2 30
32
0
13 9 43 1 19
33
0
32 12 61 2 14
34
0
16 6 57 1 20
35
0
13 18 54 1 18
36
0
26 6 52 1 16
37
0
28 15 60 2 20
38
0
24 12 68 1 14
39
0
15 12 65 1 22
40
0
27 13 48 1 21
41
0
22 13 54 2 17
42
0
19 12 55 1 15
43
0
23 12 46 3 13
44
0
13 11 61 2 20
45
0
16 12 57 2 19
46
0
22 19 79 1 15
47
0
13 14 61 1 23
48
0
24 13 41 2 24
49
0
20 15 53 2 17
50
0
22 9 49 1 25
51
0
14 5 63 1 22
52
0
22 8 52 1 24
53
0
12 13 37 1 22
54
0
10 17 64 1 32
55
0
27 19 59 3 23
56
0
19 13 50 1 19
57
0
14 8 66 2 17
58
0
22 13 64 1 34
59
0
26 13 36 1 28
60
0
11 13 86 1 19
61
0
16 10 63 1 28
62
0
37 9 68 1 20
63
0
18 12 65 1 41
64
0
27 7 85 1 27
65
0
23 12 39 2 14
66
0
19 18 66 1 17
67
0
14 15 60 2 15
68
0
14 12 68 1 27
69
0
21 15 41 1 18
70
0
11 10 57 1 15
71
0
23 12 43 1 23
72
0
11 8 54 1 20
73
0
11 14 41 1 20
74
0
13 17 59 1 17
75
0
15 14 57 2 16
76
0
15 18 47 1 21
77
0
14 16 52 1 19
78
0
8 9 67 1 24
79
0
15 14 62 1 29
80
0
15 16 59 1 27
81
0
14 9 38 1 18
82
0
17 11 53 1 15
83
0
20 8 50 1 33
84
0
23 7 60 2 30
85
0
10 10 56 1 24
86
0
16 9 47 1 15
87
0
23 9 70 1 21
88
0
13 11 69 1 22
89
0
9 20 50 2 16
90
0
13 12 47 1 29
91
0
14 12 63 2 30
92
0
18 17 47 1 18
93
0
19 11 67 2 15
94
0
18 10 37 1 16
95
0
33 11 76 2 28
96
0
12 16 50 1 35
97
0
20 12 65 1 22
98
0
15 14 53 1 17
99
0
27 9 75 1 22
100
0
15 8 52 2 29
101
0
24 13 78 1 27
102
0
16 12 70 1 24
103
0
27 7 55 2 22
104
0
16 8 49 2 17
105
0
15 15 83 1 21
106
0
10 17 57 2 27
107
0
24 12 62 1 20
108
0
17 20 59 1 14
109
0
21 9 69 2 17
110
0
28 18 87 1 23
111
0
19 9 51 1 15
112
0
11 8 78 2 14
113
0
14 10 54 1 28
114
0
24 13 65 1 25
115
0
20 10 63 1 20
116
0
15 12 62 1 19
117
0
18 12 78 1 24
118
0
18 22 47 1 25
119
0
19 17 73 1 19
120
0
11 7 48 2 31
121
0
38 6 61 2 15
122
0
16 9 54 1 26
123
0
26 11 45 2 18
124
0
12 21 69 1 12
125
0
8 11 58 1 25
126
0
13 12 65 1 16
127
0
24 12 89 2 33
128
0
17 6 39 1 18
129
0
15 14 69 2 13
130
0
17 14 48 2 16
131
0
28 8 83 2 22
132
0
22 15 53 1 27
133
0
23 8 62 1 21
134
0
15 7 59 1 22
135
0
18 10 90 1 21
136
0
24 8 80 1 23
137
0
11 13 37 2 16
138
0
17 6 67 1 19
139
0
20 10 48 1 18
140
0
25 15 47 1 18
141
0
24 12 63 1 23
142
0
10 13 55 1 22
143
0
8 15 54 2 23
144
0
12 9 54 1 23
145
0
24 7 67 2 24
146
0
23 12 74 1 13
147
0
14 13 59 1 16
148
0
15 7 60 1 30
149
0
22 18 50 1 23
150
0
22 15 62 2 20
151
0
30 10 49 2 23
152
0
21 17 76 2 18
153
0
15 13 54 1 20
154
0
18 23 47 1 19
155
0
20 8 71 2 24
156
0
25 10 73 1 28
157
0
22 10 45 1 20
158
0
17 16 67 1 14
159
0
15 14 61 1 22
160
0
12 20 38 1 29
161
0
20 13 57 1 29
162
0
18 26 72 1 27
163
0
12 6 56 1 20
164
0
17 12 44 1 14
165
0
24 11 54 1 23
166
0
29 14 47 1 31
167
0
25 9 74 2 24
168
0
12 7 48 3 26
169
0
17 10 62 1 22
170
0
15 10 79 1 34
171
0
21 8 47 1 22
172
0
13 11 76 1 24
173
0
34 17 60 2 23
174
0
9 12 68 1 20
175
0
15 9 41 1 32
176
0
14 5 68 2 20
177
0
16 13 50 2 16
178
0
16 11 48 2 35
179
0
31 6 49 2 21
180
0
10 11 53 1 24
181
0
17 6 60 1 26
182
0
17 6 60 1 14
183
0
18 6 51 1 19
184
0
16 11 71 2 18
185
0
20 12 61 1 22
186
0
19 14 48 2 21
187
0
17 17 48 2 28
188
0
14 12 50 1 18
189
0
21 11 33 1 14
190
0
14 16 74 1 19
191
0
13 15 45 2 27
192
0
20 13 56 1 19
193
0
15 12 43 1 21
194
0
19 14 51 1 17
195
0
14 15 77 2 22
196
0
12 13 50 1 19
197
0
12 16 75 2 20
198
0
23 6 52 1 17
199
0
20 10 56 2 19
