100
5
199123
0
0
49 54 64 69 58
1
0
25 29 25 29 27
2
0
52 72 50 48 47
3
0
71 61 70 76 85
4
0
5 5 5 3 8
5
0
109 97 160 107 126
6
0
9 13 13 6 9
7
0
214 164 103 229 164
8
0
150 178 192 181 164
9
0
34 31 21 30 24
10
0
4 5 9 2 8
11
0
25 15 13 18 22
12
0
28 31 35 37 26
13
0
1 2 2 1 1
14
0
32 25 24 34 42
15
0
10 4 3 6 5
16
0
42 46 31 75 46
17
0
12 7 11 9 11
18
0
1 1 1 1 1
19
0
2 3 3 4 4
20
0
127 109 122 141 122
21
0
52 84 89 118 82
22
0
26 30 30 40 17
23
0
141 128 89 103 110
24
0
47 44 44 42 43
25
0
24 23 29 29 32
26
0
11 11 11 12 9
27
0
247 215 200 223 234
28
0
29 21 20 20 26
29
0
12 16 14 23 28
30
0
213 170 219 167 186
31
0
5 6 2 5 6
32
0
4 8 2 5 4
33
0
36 53 39 36 26
34
0
10 20 17 17 10
35
0
15 20 19 16 28
36
0
5 11 8 15 12
37
0
40 25 31 50 30
38
0
41 46 32 27 37
39
0
83 76 59 78 42
40
0
101 80 63 103 76
41
0
45 60 64 45 54
42
0
33 61 40 31 43
43
0
20 17 14 27 15
44
0
116 172 119 110 139
45
0
40 43 46 48 59
46
0
73 94 106 120 108
47
0
5 3 6 4 3
48
0
18 20 18 18 31
49
0
71 109 70 82 66
50
0
23 26 22 17 17
51
0
111 142 143 136 131
52
0
44 33 45 43 35
53
0
110 91 123 118 117
54
0
24 29 53 33 38
55
0
12 19 17 18 12
56
0
5 5 7 3 3
57
0
34 50 38 30 45
58
0
8 8 19 14 11
59
0
40 65 53 53 70
60
0
6 14 11 11 13
61
0
11 35 31 19 19
62
0
25 27 26 14 10
63
0
23 24 23 12 27
64
0
37 23 31 22 28
65
0
17 10 10 18 15
66
0
122 104 130 121 112
67
0
35 28 44 52 40
68
0
32 21 22 31 27
69
0
74 92 99 64 95
70
0
133 134 154 134 108
71
0
135 174 203 108 195
72
0
27 24 21 17 34
73
0
18 8 25 29 23
74
0
44 53 59 48 76
75
0
42 36 63 30 22
76
0
173 142 119 188 124
77
0
17 11 12 10 12
78
0
79 104 86 99 102
79
0
36 18 16 19 28
80
0
88 66 56 81 85
81
0
21 26 13 13 12
82
0
18 23 17 25 23
83
0
140 147 129 119 106
84
0
36 47 47 47 40
85
0
21 44 47 65 26
86
0
65 83 90 78 101
87
0
12 10 8 3 5
88
0
35 28 35 40 28
89
0
8 8 12 11 10
90
0
70 92 82 88 85
91
0
23 18 30 16 24
92
0
100 118 133 113 121
93
0
68 81 62 66 62
94
0
57 42 48 43 51
95
0
2 1 2 2 2
96
0
58 62 49 66 41
97
0
59 50 61 65 63
98
0
4 3 3 3 2
99
0
58 57 50 43 50
