20
20
451419
0
0
2 1 2 1 4 2 3 2 2 3 2 2 3 2 2 3 4 3 3 3
1
0
22 14 26 20 39 29 22 25 27 24 24 14 37 24 17 30 31 31 25 18
2
0
78 59 69 70 82 67 84 67 67 50 75 75 77 59 77 79 62 55 80 89
3
0
2 2 2 2 3 3 2 4 4 3 3 1 3 2 3 3 2 1 2 4
4
0
40 35 23 40 25 47 28 35 33 40 35 44 57 59 57 38 48 25 44 27
5
0
27 26 35 31 53 34 25 28 42 38 37 41 16 49 33 49 44 30 44 44
6
0
24 18 17 29 17 29 27 30 25 34 21 41 21 24 24 27 17 19 15 17
7
0
179 232 195 170 193 223 188 209 199 185 210 236 216 188 195 243 270 203 210 248
8
0
36 46 48 47 48 39 58 28 60 61 63 54 51 51 44 38 40 40 52 55
9
0
61 24 70 45 57 58 56 57 60 42 56 73 61 54 36 49 47 41 49 77
10
0
14 17 25 13 16 15 14 17 23 14 16 13 13 11 27 18 15 21 21 18
11
0
74 106 92 98 97 81 100 96 76 83 101 82 69 78 97 61 81 81 106 71
12
0
39 38 60 39 73 67 52 49 42 41 44 77 42 48 52 45 39 56 51 48
13
0
68 45 67 72 67 83 88 79 103 55 97 94 51 82 77 56 70 104 50 77
14
0
199 174 178 222 221 178 184 251 160 202 193 216 175 177 241 169 191 244 200 222
15
0
37 60 44 63 45 54 36 57 36 50 56 56 47 59 61 68 49 55 42 60
16
0
28 22 21 16 27 15 24 19 18 23 33 20 24 31 29 17 25 22 29 21
17
0
3 3 3 6 3 3 4 6 3 2 4 3 2 5 4 3 4 2 4 4
18
0
76 77 67 64 68 71 88 92 81 71 51 73 96 63 67 84 84 83 61 72
19
0
102 89 74 72 60 48 68 61 77 74 56 71 92 98 52 58 66 66 64 72
