50
5
353444
0
0
65 76 78 80 69
1
0
11 9 11 10 12
2
0
114 96 108 125 97
3
0
16 14 8 12 13
4
0
28 25 13 9 18
5
0
10 8 8 7 17
6
0
51 25 54 38 50
7
0
46 54 38 31 26
8
0
33 25 36 22 26
9
0
34 29 37 33 42
10
0
5 20 8 16 12
11
0
19 34 36 42 35
12
0
137 110 111 118 113
13
0
29 50 20 41 14
14
0
69 82 88 53 74
15
0
55 41 48 58 32
16
0
8 8 6 6 7
17
0
163 154 130 206 168
18
0
32 18 39 32 20
19
0
150 172 188 187 186
20
0
30 42 29 38 22
21
0
73 109 89 98 84
22
0
170 131 160 138 101
23
0
43 27 48 46 22
24
0
61 61 74 61 46
25
0
159 160 138 248 149
26
0
7 4 7 2 6
27
0
7 9 14 12 10
28
0
54 101 73 79 77
29
0
21 18 23 14 12
30
0
24 25 39 30 21
31
0
43 49 28 33 39
32
0
46 53 32 34 34
33
0
49 52 49 67 53
34
0
21 12 13 23 16
35
0
25 20 34 27 26
36
0
62 48 42 46 35
37
0
174 180 177 165 176
38
0
1 2 2 3 3
39
0
43 42 85 47 44
40
0
10 11 22 9 7
41
0
30 38 16 25 18
42
0
58 44 54 39 43
43
0
42 28 40 33 52
44
0
13 18 16 23 25
45
0
14 11 21 12 13
46
0
29 18 18 28 26
47
0
57 51 43 55 41
48
0
9 8 8 9 10
49
0
13 28 13 15 20
