200
5
980192
0
0
32 14 111 24 69
1
0
28 76 263 1 13
2
0
32 46 13 21 51
3
0
6 53 5 18 90
4
0
42 133 156 7 35
5
0
133 33 125 11 11
6
0
96 9 42 50 24
7
0
30 6 28 18 168
8
0
1 8 10 125 8
9
0
18 60 26 60 125
10
0
57 249 24 15 78
11
0
3 30 86 5 0
12
0
3 72 85 1 1
13
0
33 23 5 64 106
14
0
40 106 52 21 11
15
0
65 69 49 25 22
16
0
58 84 54 31 39
17
0
12 67 6 8 81
18
0
84 60 3 25 67
19
0
4 110 29 1 89
20
0
111 120 11 18 41
21
0
81 8 210 28 39
22
0
2 85 49 7 7
23
0
15 176 5 12 11
24
0
14 52 27 70 7
25
0
21 28 17 61 0
26
0
3 58 2 72 107
27
0
49 61 26 46 9
28
0
48 117 127 39 112
29
0
7 39 10 28 39
30
0
26 19 25 39 61
31
0
48 47 13 257 11
32
0
59 75 51 52 6
33
0
12 5 17 46 22
34
0
25 5 53 6 36
35
0
4 46 124 85 88
36
0
61 6 46 24 65
37
0
47 111 79 24 5
38
0
1 19 34 26 7
39
0
55 186 93 37 13
40
0
1 3 73 44 48
41
0
25 89 40 57 147
42
0
80 43 24 4 23
43
0
51 5 81 7 40
44
0
72 6 10 3 61
45
0
49 25 66 2 17
46
0
48 11 36 54 18
47
0
33 22 64 64 43
48
0
57 31 58 21 3
49
0
36 76 16 86 42
50
0
29 49 103 23 0
51
0
21 33 116 78 36
52
0
54 46 225 11 54
53
0
41 74 43 23 43
54
0
2 129 96 33 19
55
0
42 67 4 5 12
56
0
17 151 2 113 34
57
0
1 19 4 2 73
58
0
21 86 45 92 20
59
0
29 21 23 7 89
60
0
42 89 3 2 47
61
0
78 13 3 74 30
62
0
182 4 11 20 80
63
0
10 22 68 11 423
64
0
31 12 23 55 3
65
0
38 24 75 32 6
66
0
65 24 202 25 69
67
0
22 8 55 9 63
68
0
0 33 48 11 60
69
0
31 113 10 29 28
70
0
51 14 1 53 34
71
0
19 45 51 32 86
72
0
27 3 15 18 15
73
0
81 85 11 78 11
74
0
143 65 10 38 30
75
0
37 73 3 129 49
76
0
74 44 9 4 78
77
0
82 37 17 16 7
78
0
8 11 2 67 1
79
0
4 65 18 9 109
80
0
37 14 58 55 72
81
0
32 37 191 0 49
82
0
15 15 19 87 46
83
0
111 138 59 17 55
84
0
11 70 38 86 25
85
0
127 78 43 127 16
86
0
13 66 33 43 35
87
0
101 46 32 13 7
88
0
232 4 128 13 125
89
0
135 131 2 21 21
90
0
11 27 33 32 28
91
0
45 24 26 43 113
92
0
35 216 48 155 34
93
0
30 4 1 7 48
94
0
37 61 6 14 63
95
0
19 10 29 85 128
96
0
2 198 52 18 20
97
0
4 66 29 30 19
98
0
71 3 24 31 67
99
0
46 5 74 11 34
100
0
122 36 93 69 13
101
0
24 64 28 92 33
102
0
19 97 36 64 68
103
0
86 3 44 0 57
104
0
4 67 26 68 0
105
0
77 48 87 50 125
106
0
17 6 103 24 89
107
0
20 133 63 81 102
108
0
63 62 30 32 204
109
0
208 31 39 2 27
110
0
1 1 12 18 41
111
0
44 27 35 29 15
112
0
78 25 31 26 25
113
0
45 33 25 75 55
114
0
47 12 64 14 43
115
0
3 74 90 44 16
116
0
13 55 31 104 17
117
0
142 44 5 3 27
118
0
57 20 68 27 87
119
0
66 139 19 104 7
120
0
55 46 33 104 84
121
0
81 37 184 65 70
122
0
5 1 55 57 9
123
0
109 40 109 8 54
124
0
7 5 2 69 46
125
0
100 96 78 6 43
126
0
38 49 3 11 3
127
0
143 90 100 34 56
128
0
16 35 5 118 3
129
0
2 42 18 61 41
130
0
102 83 47 7 14
131
0
8 59 173 28 11
132
0
270 31 57 3 39
133
0
21 130 148 49 9
134
0
38 82 53 15 55
135
0
33 89 33 29 150
136
0
11 16 69 60 30
137
0
5 61 56 11 36
138
0
16 89 37 55 5
139
0
28 11 9 157 71
140
0
6 18 41 38 179
141
0
41 7 99 5 5
142
0
34 36 9 163 25
143
0
12 13 65 141 14
144
0
46 54 15 5 63
145
0
24 9 71 96 63
146
0
133 150 3 13 7
147
0
0 103 3 4 74
148
0
17 118 39 174 43
149
0
13 128 29 1 34
150
0
142 89 31 123 125
151
0
74 25 12 68 66
152
0
8 16 22 18 69
153
0
53 69 24 169 46
154
0
145 4 35 39 13
155
0
144 123 142 196 107
156
0
1 45 30 73 19
157
0
22 14 86 17 22
158
0
16 114 96 32 154
159
0
61 131 90 57 28
160
0
85 16 8 23 84
161
0
34 6 0 5 57
162
0
31 26 57 21 29
163
0
3 63 26 14 5
164
0
17 24 67 5 53
165
0
20 47 43 53 44
166
0
43 11 53 106 59
167
0
39 14 130 14 62
168
0
18 4 49 9 52
169
0
19 71 17 65 9
170
0
19 50 26 54 40
171
0
97 6 3 75 42
172
0
36 96 115 67 4
173
0
98 74 22 13 81
174
0
26 30 11 7 78
175
0
14 87 105 190 51
176
0
27 43 1 45 7
177
0
7 10 26 21 4
178
0
28 0 13 127 117
179
0
7 79 103 42 10
180
0
16 13 30 7 50
181
0
6 22 28 101 16
182
0
43 49 24 21 121
183
0
5 139 5 9 12
184
0
51 9 43 34 3
185
0
1 67 19 82 168
186
0
3 34 123 57 92
187
0
25 62 6 23 21
188
0
40 46 17 17 81
189
0
20 207 28 144 147
190
0
0 18 44 76 61
191
0
4 12 250 64 49
192
0
38 28 31 117 20
193
0
4 70 25 35 75
194
0
42 57 4 31 82
195
0
24 96 44 200 36
196
0
43 7 75 54 29
197
0
319 51 5 84 43
198
0
44 82 96 89 4
199
0
23 34 98 4 7
