50
5
771023
0
0
7 1 37 62 87
1
0
54 117 78 50 13
2
0
130 67 73 58 47
3
0
27 13 39 35 26
4
0
1 291 24 15 51
5
0
87 12 34 19 24
6
0
22 9 2 35 49
7
0
15 51 55 41 12
8
0
149 1 91 76 38
9
0
62 7 25 92 26
10
0
1 30 16 48 67
11
0
88 83 34 69 6
12
0
0 11 14 34 30
13
0
17 62 11 1 60
14
0
180 65 33 98 59
15
0
41 1 193 19 40
16
0
15 20 7 69 47
17
0
117 57 97 11 41
18
0
4 26 105 82 191
19
0
54 175 33 82 0
20
0
16 53 146 14 34
21
0
10 4 56 34 3
22
0
35 24 33 13 2
23
0
5 170 139 44 39
24
0
102 73 20 62 84
25
0
49 38 43 19 43
26
0
4 12 59 1 8
27
0
72 73 3 53 16
28
0
1 150 14 22 95
29
0
34 2 226 18 3
30
0
133 18 5 3 80
31
0
23 114 57 44 39
32
0
17 23 54 98 3
33
0
47 7 28 3 18
34
0
18 17 132 57 49
35
0
43 1 113 184 26
36
0
9 80 55 6 14
37
0
64 2 44 16 13
38
0
3 81 39 45 115
39
0
14 20 74 3 68
40
0
2 3 64 73 23
41
0
3 52 84 117 44
42
0
20 175 71 83 43
43
0
19 63 28 40 17
44
0
74 23 27 1 2
45
0
2 4 68 97 36
46
0
9 149 52 117 144
47
0
25 26 41 56 18
48
0
17 100 47 8 71
49
0
23 24 109 123 11
