100
10
282057
0
0
8 4 161 47 97 184 24 55 4 149
1
0
7 5 136 34 94 182 17 39 3 105
2
0
4 4 114 49 92 182 28 46 5 96
3
0
4 6 122 44 85 199 22 34 6 101
4
0
5 4 112 71 104 231 18 31 4 160
5
0
5 5 99 44 99 159 27 44 9 125
6
0
7 5 153 65 92 214 20 55 8 108
7
0
9 3 134 33 101 196 24 35 6 149
8
0
6 5 120 62 116 186 19 44 5 123
9
0
7 6 139 43 117 208 53 27 6 152
10
0
5 5 155 47 88 178 24 41 3 119
11
0
6 4 125 71 95 215 28 50 2 168
12
0
5 6 107 52 105 167 31 25 2 137
13
0
4 4 175 33 84 192 45 31 6 136
14
0
4 5 168 48 108 233 25 46 3 143
15
0
7 5 110 35 106 171 37 19 5 132
16
0
9 3 74 56 113 248 31 50 4 110
17
0
4 5 150 59 111 180 28 57 4 130
18
0
8 2 156 44 135 183 28 41 7 117
19
0
7 3 106 52 100 221 27 34 4 114
20
0
4 2 120 64 124 180 22 42 7 106
21
0
3 3 137 62 100 230 31 29 6 96
22
0
8 6 159 37 77 207 26 30 7 141
23
0
8 5 140 93 100 201 18 41 4 122
24
0
9 7 139 49 93 173 26 48 4 134
25
0
9 6 129 60 79 238 18 53 6 165
26
0
4 12 125 51 89 173 30 45 6 113
27
0
4 5 154 47 90 195 34 45 10 150
28
0
6 4 133 70 103 217 25 30 7 92
29
0
3 5 118 44 93 190 20 46 4 117
30
0
7 5 148 31 115 177 29 41 4 104
31
0
4 4 118 61 110 189 26 25 2 119
32
0
5 4 125 51 88 186 32 49 4 128
33
0
7 2 115 49 80 232 35 30 6 148
34
0
4 8 148 61 96 211 52 44 9 142
35
0
7 4 121 56 70 270 31 33 3 124
36
0
9 7 133 51 96 215 20 45 3 91
37
0
5 5 108 56 69 138 29 27 5 127
38
0
7 4 150 75 96 198 20 30 2 101
39
0
3 3 160 41 75 191 16 51 4 121
40
0
9 3 129 45 125 180 23 41 4 153
41
0
2 3 152 43 80 197 34 38 4 115
42
0
6 9 130 34 109 202 16 34 6 155
43
0
7 4 112 52 85 205 29 32 3 143
44
0
6 6 168 44 100 226 27 36 5 125
45
0
7 4 145 35 88 236 31 49 7 129
46
0
4 7 112 44 93 202 29 41 4 164
47
0
5 4 144 57 99 212 42 44 3 102
48
0
5 5 145 52 87 218 41 29 7 137
49
0
7 2 146 58 59 204 35 38 4 115
50
0
3 5 100 42 82 251 15 39 2 130
51
0
4 4 145 50 79 208 32 45 4 118
52
0
5 8 125 46 108 196 27 55 4 114
53
0
5 5 109 41 93 189 26 42 5 132
54
0
10 3 114 51 93 245 36 32 5 113
55
0
9 3 140 69 116 190 33 43 9 137
56
0
3 3 155 41 88 174 26 47 5 151
57
0
5 3 137 46 91 223 27 35 2 131
58
0
6 4 128 50 96 172 27 50 8 145
59
0
10 3 115 41 81 231 20 45 2 183
60
0
5 4 120 28 96 204 25 51 5 140
61
0
8 2 119 43 90 197 21 57 5 124
62
0
8 5 117 49 88 196 25 45 5 128
63
0
8 5 139 67 67 217 28 28 4 144
64
0
8 6 127 58 72 191 16 52 4 113
65
0
6 3 144 65 82 209 39 39 4 158
66
0
4 3 156 63 72 199 32 33 4 94
67
0
4 5 128 55 83 176 34 19 4 112
68
0
8 3 90 48 79 228 32 31 4 120
69
0
4 7 127 30 102 156 23 36 4 129
70
0
5 7 144 35 127 184 35 27 4 147
71
0
8 6 121 48 111 222 44 31 4 136
72
0
3 5 133 43 82 208 24 34 5 137
73
0
5 5 112 67 90 182 22 32 2 134
74
0
5 6 147 48 96 203 36 41 4 145
75
0
4 4 132 55 117 199 33 43 5 114
76
0
7 5 87 59 80 175 16 39 4 185
77
0
5 3 143 43 104 202 33 30 3 115
78
0
4 8 146 48 91 222 14 54 5 98
79
0
5 5 103 65 90 188 20 33 6 142
80
0
6 5 154 35 110 207 19 38 6 108
81
0
6 5 127 59 99 177 31 43 3 172
82
0
6 4 127 41 101 216 25 33 5 146
83
0
6 4 145 45 83 146 28 41 6 132
84
0
5 6 114 44 79 243 33 29 8 124
85
0
5 6 141 37 93 267 26 31 4 139
86
0
6 9 128 53 96 174 29 35 6 119
87
0
6 8 159 68 78 231 23 54 4 112
88
0
7 4 127 40 93 215 31 54 3 130
89
0
3 5 117 41 116 194 39 26 5 126
90
0
9 5 95 38 138 165 40 32 6 135
91
0
7 2 131 69 83 165 20 46 8 156
92
0
3 3 118 56 83 204 24 22 4 163
93
0
7 3 140 44 90 188 41 46 4 159
94
0
10 3 159 52 78 231 21 33 4 134
95
0
5 4 129 46 83 281 31 53 7 114
96
0
3 6 106 59 130 163 21 68 8 137
97
0
6 4 107 51 59 189 44 31 5 144
98
0
8 5 135 44 74 213 21 40 7 182
99
0
6 4 101 35 94 220 30 34 6 124
