200
5
653317
0
0
10 6 13 6 5
1
0
17 15 13 25 15
2
0
17 24 40 28 26
3
0
30 48 44 37 32
4
0
60 61 87 73 57
5
0
41 40 27 19 32
6
0
18 22 9 15 15
7
0
29 39 46 38 38
8
0
82 76 63 76 73
9
0
221 178 242 250 185
10
0
8 16 8 21 20
11
0
33 25 24 30 20
12
0
1 3 3 2 2
13
0
14 15 11 15 9
14
0
29 28 40 25 27
15
0
195 188 192 137 151
16
0
16 13 21 23 19
17
0
30 32 25 20 17
18
0
5 5 7 4 3
19
0
29 24 25 31 38
20
0
20 18 37 29 32
21
0
39 48 31 41 24
22
0
29 24 19 13 20
23
0
36 26 18 14 29
24
0
28 35 38 30 22
25
0
72 85 100 76 82
26
0
46 58 53 46 54
27
0
7 19 16 28 21
28
0
94 98 112 93 92
29
0
29 25 22 33 20
30
0
1 2 1 1 1
31
0
51 37 48 55 59
32
0
4 7 6 9 3
33
0
71 72 91 76 49
34
0
121 121 122 159 161
35
0
6 7 6 8 18
36
0
81 77 89 85 110
37
0
13 7 13 19 17
38
0
4 2 4 5 7
39
0
91 110 110 90 94
40
0
63 44 58 55 76
41
0
134 113 99 81 115
42
0
14 9 10 17 12
43
0
15 22 17 13 15
44
0
42 40 42 23 30
45
0
46 55 53 39 57
46
0
48 38 48 41 25
47
0
69 87 68 107 63
48
0
5 3 2 2 3
49
0
32 24 26 22 27
50
0
1 1 1 1 1
51
0
288 372 350 346 386
52
0
42 24 39 37 24
53
0
226 229 216 192 225
54
0
23 26 24 22 23
55
0
44 24 50 28 40
56
0
11 18 15 26 14
57
0
68 101 73 62 64
58
0
50 56 67 48 61
59
0
42 49 79 47 52
60
0
5 2 6 8 4
61
0
158 248 214 150 205
62
0
42 45 59 60 42
63
0
2 2 2 2 2
64
0
34 15 26 26 16
65
0
53 53 61 54 59
66
0
297 331 229 253 265
67
0
14 17 19 15 10
68
0
44 47 63 57 47
69
0
10 11 8 7 8
70
0
21 14 21 33 18
71
0
61 32 35 52 36
72
0
1 2 2 2 1
73
0
35 19 37 33 25
74
0
157 185 140 146 167
75
0
20 13 13 15 17
76
0
139 124 176 113 133
77
0
202 183 228 191 170
78
0
53 86 55 80 55
79
0
11 30 15 19 20
80
0
34 31 28 30 33
81
0
12 11 6 11 15
82
0
16 31 22 25 26
83
0
12 9 13 9 8
84
0
186 211 204 237 234
85
0
146 120 147 129 136
86
0
28 33 29 42 33
87
0
2 2 3 4 3
88
0
8 10 10 8 9
89
0
48 74 47 59 58
90
0
15 15 16 23 15
91
0
23 19 11 19 13
92
0
8 9 5 7 13
93
0
29 31 21 27 36
94
0
27 19 14 15 13
95
0
11 8 10 9 6
96
0
34 23 21 22 22
97
0
112 98 137 83 77
98
0
3 5 10 8 10
99
0
29 32 32 35 31
100
0
19 12 10 13 10
101
0
25 51 50 51 75
102
0
55 60 38 34 45
103
0
68 43 39 60 49
104
0
63 59 40 64 40
105
0
19 39 25 15 23
106
0
6 9 3 4 3
107
0
37 63 66 49 47
108
0
25 36 24 19 17
109
0
32 34 22 33 27
110
0
157 123 125 113 147
111
0
3 8 3 6 7
112
0
39 35 30 34 62
113
0
5 5 11 10 9
114
0
17 17 10 20 10
115
0
35 33 36 20 20
116
0
21 21 26 15 13
117
0
60 79 83 46 64
118
0
55 41 44 43 54
119
0
132 151 175 125 131
120
0
1 3 1 1 1
121
0
63 111 99 94 92
122
0
32 42 32 44 67
123
0
38 33 25 19 27
124
0
94 118 88 108 86
125
0
52 59 67 43 50
126
0
3 8 5 6 3
127
0
15 16 33 18 14
128
0
27 28 11 17 24
129
0
25 14 38 20 23
130
0
24 21 23 41 42
131
0
91 100 80 78 76
132
0
39 58 45 29 24
133
0
36 55 30 42 35
134
0
119 158 145 116 106
135
0
70 86 76 82 93
136
0
27 36 44 38 32
137
0
86 44 60 58 36
138
0
68 60 48 65 94
139
0
7 2 6 2 2
140
0
40 39 41 40 54
141
0
202 159 172 151 142
142
0
20 24 31 25 22
143
0
28 35 26 41 22
144
0
12 7 13 12 9
145
0
34 24 32 29 19
146
0
54 44 67 31 51
147
0
119 91 79 94 90
148
0
21 20 29 24 17
149
0
22 17 29 26 27
150
0
18 21 31 27 23
151
0
16 13 20 13 13
152
0
24 19 11 9 18
153
0
14 16 13 10 7
154
0
140 100 126 67 110
155
0
16 17 26 20 20
156
0
13 7 5 9 7
157
0
59 33 50 44 43
158
0
11 3 12 11 6
159
0
34 18 22 26 49
160
0
36 28 31 39 48
161
0
60 42 48 79 51
162
0
43 71 55 73 62
163
0
43 68 69 52 81
164
0
41 56 54 75 54
165
0
45 35 36 31 24
166
0
63 54 46 62 72
167
0
2 2 2 3 2
168
0
121 92 78 107 91
169
0
221 165 169 179 209
170
0
8 11 14 6 8
171
0
121 102 135 131 119
172
0
2 4 2 4 2
173
0
103 99 75 103 80
174
0
4 7 3 7 6
175
0
13 12 19 21 20
176
0
5 2 6 4 4
177
0
19 9 27 8 11
178
0
27 28 19 14 18
179
0
5 4 9 5 5
180
0
86 92 98 103 96
181
0
118 123 90 123 106
182
0
109 114 116 146 133
183
0
34 31 35 34 21
184
0
17 13 20 13 24
185
0
18 21 16 19 20
186
0
31 52 55 53 50
187
0
74 79 106 79 74
188
0
97 131 102 74 97
189
0
63 55 61 70 61
190
0
80 54 89 80 75
191
0
8 7 8 11 6
192
0
26 38 53 40 33
193
0
36 30 31 27 28
194
0
30 37 48 53 45
195
0
20 32 24 22 34
196
0
19 20 17 18 26
197
0
40 37 40 22 43
198
0
25 16 20 16 20
199
0
52 50 64 56 66
