30
10
33528
0
0
235 112 10 159 19 395 58 42 226 18
1
0
234 102 32 139 30 414 86 42 200 23
2
0
199 129 13 130 27 367 72 51 249 17
3
0
191 102 17 164 36 446 66 29 158 28
4
0
221 128 21 160 25 377 81 46 209 16
5
0
206 109 20 151 37 409 92 41 214 17
6
0
199 108 18 134 23 387 77 39 208 25
7
0
226 101 20 159 36 417 86 44 204 28
8
0
212 94 19 152 19 480 76 27 185 16
9
0
177 131 18 141 29 409 72 40 190 14
10
0
229 107 15 146 18 378 99 48 164 27
11
0
307 130 28 141 25 424 89 44 217 25
12
0
255 102 27 114 12 491 76 53 204 28
13
0
205 155 18 147 28 388 69 49 239 17
14
0
251 101 15 151 26 404 77 37 259 30
15
0
238 159 16 107 12 432 80 36 207 18
16
0
192 93 15 131 16 364 91 59 245 19
17
0
244 113 25 123 24 441 82 36 172 16
18
0
226 92 20 128 23 314 98 37 226 18
19
0
202 133 24 124 26 471 109 70 216 13
20
0
260 107 18 140 12 475 115 43 174 27
21
0
205 106 23 136 18 356 81 33 233 26
22
0
172 134 22 136 17 419 90 50 229 25
23
0
203 127 18 110 17 412 84 36 164 20
24
0
240 102 15 137 23 364 70 43 200 20
25
0
221 97 29 132 18 484 77 51 198 32
26
0
283 85 26 159 20 345 83 27 169 21
27
0
202 136 22 142 22 380 89 40 220 23
28
0
226 114 22 119 26 398 91 32 246 23
29
0
250 113 21 155 19 382 107 50 224 21
