200
5
67352
0
0
143 31 56 0 56
1
0
30 42 62 17 42
2
0
89 8 4 56 12
3
0
80 8 185 42 6
4
0
21 54 32 17 8
5
0
13 43 49 90 49
6
0
85 33 49 29 6
7
0
10 20 26 45 0
8
0
132 59 23 15 67
9
0
48 26 48 5 48
10
0
16 22 10 97 4
11
0
32 70 15 42 48
12
0
68 110 112 5 19
13
0
41 0 2 54 85
14
0
93 7 3 62 0
15
0
68 7 67 16 1
16
0
28 17 1 22 130
17
0
60 86 7 47 8
18
0
2 43 42 1 59
19
0
3 19 58 201 70
20
0
12 4 66 53 9
21
0
15 31 3 14 8
22
0
57 15 129 26 52
23
0
11 28 25 47 21
24
0
81 191 17 88 36
25
0
14 12 9 18 60
26
0
97 90 15 60 14
27
0
10 62 13 19 19
28
0
69 11 50 87 90
29
0
35 9 56 17 154
30
0
5 191 61 15 103
31
0
24 59 108 62 178
32
0
39 8 38 349 65
33
0
28 96 164 117 29
34
0
20 90 87 140 55
35
0
53 22 19 97 109
36
0
39 16 42 25 48
37
0
29 100 23 9 1
38
0
162 15 48 100 72
39
0
13 52 31 28 21
40
0
64 12 38 8 117
41
0
37 27 93 0 19
42
0
2 35 86 29 24
43
0
5 2 171 18 1
44
0
4 73 41 5 108
45
0
13 21 50 82 20
46
0
63 103 11 29 22
47
0
124 84 111 57 16
48
0
94 200 70 8 101
49
0
73 123 33 5 11
50
0
9 88 12 140 23
51
0
15 19 50 11 87
52
0
227 3 2 71 42
53
0
55 124 23 101 50
54
0
25 26 4 118 1
55
0
30 19 104 22 48
56
0
33 69 8 82 83
57
0
69 2 7 14 20
58
0
12 21 42 26 64
59
0
4 55 28 46 128
60
0
50 13 161 25 153
61
0
21 11 33 89 45
62
0
244 0 84 135 32
63
0
132 100 70 77 32
64
0
173 23 24 72 34
65
0
124 23 30 80 11
66
0
64 73 87 133 100
67
0
115 42 37 30 8
68
0
98 5 75 146 35
69
0
30 165 28 17 20
70
0
19 49 29 21 55
71
0
43 9 20 67 17
72
0
16 3 183 9 24
73
0
46 62 17 1 4
74
0
14 0 74 26 89
75
0
70 25 34 23 32
76
0
25 14 66 73 39
77
0
61 19 17 32 4
78
0
2 13 130 0 6
79
0
100 1 0 31 35
80
0
38 27 29 100 38
81
0
32 55 25 80 38
82
0
7 16 29 45 10
83
0
1 103 58 29 40
84
0
40 49 19 16 0
85
0
13 17 1 54 12
86
0
50 16 4 49 75
87
0
40 43 54 23 15
88
0
188 165 57 20 23
89
0
55 39 29 12 25
90
0
20 56 13 79 157
91
0
32 132 81 34 28
92
0
116 75 17 77 34
93
0
10 21 115 31 56
94
0
68 28 7 100 47
95
0
0 21 14 0 150
96
0
8 25 61 180 81
97
0
89 19 66 76 1
98
0
1 76 19 27 57
99
0
92 21 31 225 12
100
0
22 30 18 21 35
101
0
81 115 7 34 36
102
0
7 64 132 7 3
103
0
69 25 30 103 53
104
0
19 9 38 11 64
105
0
80 194 39 1 18
106
0
4 52 31 10 38
107
0
108 11 83 79 12
108
0
14 34 7 4 3
109
0
28 8 50 15 126
110
0
220 81 74 10 106
111
0
105 28 34 17 23
112
0
49 27 26 122 59
113
0
17 64 44 32 131
114
0
57 266 76 21 41
115
0
100 36 9 7 11
116
0
1 52 29 63 29
117
0
20 0 95 18 67
118
0
14 120 147 53 7
119
0
237 53 108 19 63
120
0
67 61 12 20 28
121
0
92 7 9 58 114
122
0
136 9 15 2 24
123
0
58 116 94 66 216
124
0
4 25 13 58 23
125
0
73 15 58 14 74
126
0
68 57 3 48 54
127
0
37 110 14 10 61
128
0
25 54 26 56 70
129
0
5 80 7 72 19
130
0
12 38 9 23 17
131
0
87 1 71 140 149
132
0
5 103 22 19 55
133
0
15 88 44 1 8
134
0
45 113 37 90 8
135
0
73 20 91 5 17
136
0
24 9 87 50 89
137
0
201 14 10 60 2
138
0
26 0 29 15 16
139
0
5 46 150 11 125
140
0
117 51 3 50 6
141
0
13 17 31 54 99
142
0
33 30 22 119 9
143
0
19 31 71 9 15
144
0
84 21 45 168 140
145
0
51 0 93 94 28
146
0
13 122 4 62 5
147
0
7 99 149 26 269
148
0
6 31 123 96 16
149
0
44 18 29 89 42
150
0
87 29 38 213 21
151
0
11 13 33 28 104
152
0
9 158 79 44 19
153
0
12 60 31 36 15
154
0
41 202 17 3 22
155
0
4 71 61 154 22
156
0
0 21 19 28 100
157
0
121 9 24 47 61
158
0
52 27 1 26 28
159
0
6 42 7 30 33
160
0
18 17 47 4 92
161
0
56 5 206 19 310
162
0
130 145 91 97 70
163
0
46 27 4 3 78
164
0
9 3 11 25 13
165
0
105 129 21 35 36
166
0
14 92 32 25 50
167
0
54 31 1 38 90
168
0
101 50 2 94 34
169
0
58 26 53 42 23
170
0
97 19 27 38 4
171
0
6 5 24 77 1
172
0
183 33 54 64 19
173
0
12 116 37 23 8
174
0
135 108 74 11 22
175
0
59 48 34 67 75
176
0
65 16 14 5 17
177
0
93 31 15 11 5
178
0
115 13 39 20 77
179
0
14 47 33 145 176
180
0
7 131 26 52 1
181
0
22 79 15 100 384
182
0
17 34 76 16 71
183
0
35 106 30 20 1
184
0
18 13 39 50 14
185
0
9 30 53 30 4
186
0
32 22 18 5 150
187
0
30 8 21 117 16
188
0
89 20 57 26 81
189
0
28 46 20 35 46
190
0
47 7 83 11 6
191
0
155 50 88 28 5
192
0
6 58 56 10 119
193
0
50 34 17 40 17
194
0
47 68 68 94 0
195
0
72 4 15 20 25
196
0
31 21 22 59 7
197
0
24 26 13 8 348
198
0
64 61 23 106 51
199
0
52 1 4 121 24
