50
5
329195
0
0
95 13 87 4 60
1
0
10 52 59 2 10
2
0
55 64 31 2 104
3
0
37 80 70 2 4
4
0
17 150 21 114 6
5
0
35 32 35 123 25
6
0
4 6 6 26 50
7
0
62 68 3 19 8
8
0
40 94 26 139 19
9
0
12 25 57 2 13
10
0
9 57 8 5 13
11
0
88 71 52 2 7
12
0
54 19 36 47 59
13
0
92 86 26 45 164
14
0
26 149 34 2 0
15
0
123 0 18 3 30
16
0
8 153 125 40 36
17
0
20 45 19 123 6
18
0
31 4 28 34 311
19
0
15 118 144 86 79
20
0
22 17 40 81 103
21
0
10 4 19 90 54
22
0
43 1 2 4 222
23
0
0 17 15 46 139
24
0
178 66 95 50 14
25
0
7 122 39 12 112
26
0
8 6 73 19 27
27
0
44 37 4 6 48
28
0
53 61 11 50 67
29
0
25 127 39 29 17
30
0
7 20 45 143 15
31
0
54 91 94 10 82
32
0
27 2 46 38 60
33
0
5 27 11 103 78
34
0
20 5 37 13 15
35
0
147 21 304 11 22
36
0
24 8 66 43 11
37
0
78 51 10 117 37
38
0
52 211 37 84 13
39
0
83 200 7 76 50
40
0
48 55 108 40 7
41
0
206 80 3 102 42
42
0
10 79 267 84 71
43
0
47 1 73 10 30
44
0
5 40 76 31 100
45
0
20 23 42 17 10
46
0
48 16 1 61 68
47
0
179 37 2 141 56
48
0
37 3 18 103 62
49
0
89 55 37 82 35
