100
20
8675
0
0
123 89 94 124 137 122 120 102 101 99 100 122 89 122 131 130 81 117 137 114
1
0
143 107 149 121 132 118 132 142 120 128 138 103 138 96 103 148 101 172 119 134
2
0
6 4 3 2 5 5 4 4 9 6 2 4 4 4 4 3 3 3 4 3
3
0
33 32 31 28 26 31 28 31 30 22 44 19 24 29 25 30 27 21 32 29
4
0
28 26 25 41 30 31 42 32 40 30 19 28 39 35 34 36 40 41 45 45
5
0
9 11 9 11 11 10 7 8 5 12 9 19 8 5 9 10 10 10 8 14
6
0
49 59 52 39 43 45 48 42 38 33 50 65 38 37 28 39 43 36 61 45
7
0
50 15 26 23 26 13 15 30 29 34 24 39 30 27 40 31 42 29 38 17
8
0
37 45 65 32 54 39 32 49 49 22 33 58 40 56 44 40 36 47 48 34
9
0
9 4 10 10 10 7 7 6 10 4 11 9 8 10 14 5 9 14 9 7
10
0
12 10 12 14 9 17 7 11 14 12 12 9 13 18 10 13 17 14 14 10
11
0
63 70 85 62 98 77 76 69 58 42 84 70 81 74 61 81 64 70 71 69
12
0
193 162 161 179 200 190 138 163 172 213 194 238 185 143 156 167 183 206 184 124
13
0
56 54 80 79 61 65 99 64 89 68 86 68 79 85 76 80 85 85 71 92
14
0
21 24 13 12 15 33 14 12 15 23 14 11 14 18 26 9 18 17 15 12
15
0
55 59 64 57 65 56 42 79 38 88 65 95 52 59 71 78 108 91 82 92
16
0
60 39 52 43 38 44 45 57 62 37 37 66 54 38 47 49 41 66 55 38
17
0
28 20 23 18 48 21 22 30 27 18 31 22 13 21 26 21 13 31 31 18
18
0
49 71 65 78 83 67 45 69 80 62 77 70 71 104 72 55 81 81 84 79
19
0
32 37 22 30 25 28 43 22 30 21 45 25 31 32 25 21 35 31 41 35
20
0
25 23 31 30 30 22 18 28 20 24 21 19 21 28 25 35 23 30 22 12
21
0
19 14 13 16 21 15 13 20 20 17 24 18 28 19 15 25 25 19 22 9
22
0
25 25 30 18 26 32 32 29 24 19 31 36 23 29 36 22 27 28 26 20
23
0
130 107 136 117 133 106 90 124 123 101 117 100 116 88 119 107 83 134 181 124
24
0
5 15 13 8 10 13 9 10 9 5 13 8 8 12 5 6 6 10 9 13
25
0
47 16 26 39 33 32 32 24 42 31 30 34 25 21 43 52 45 21 24 35
26
0
74 67 56 56 76 75 66 63 90 65 70 71 64 56 57 68 78 72 53 76
27
0
27 25 18 29 24 22 30 27 39 19 22 32 22 30 19 35 28 18 21 30
28
0
65 67 60 66 60 67 102 62 71 62 47 86 51 60 87 70 61 84 55 66
29
0
41 20 37 31 29 26 18 17 25 27 31 21 32 21 16 22 32 39 43 21
30
0
136 105 139 114 128 138 107 114 142 66 125 108 107 99 131 128 129 124 142 101
31
0
58 44 66 69 67 56 91 49 71 79 64 66 52 55 60 74 69 61 67 55
32
0
4 8 8 3 7 2 3 3 8 5 3 7 3 3 2 3 8 5 6 4
33
0
16 15 27 17 23 15 29 16 23 14 19 22 12 21 27 21 14 23 38 18
34
0
19 14 9 8 17 9 8 18 17 15 10 13 17 10 16 9 17 20 16 15
35
0
39 40 25 49 23 45 38 33 44 37 34 40 25 37 49 44 38 36 33 56
36
0
33 35 28 21 34 21 29 30 37 30 28 30 36 44 49 36 47 21 31 46
37
0
68 73 67 84 50 54 71 75 69 53 68 59 38 74 50 44 41 64 79 41
38
0
200 212 183 123 209 191 206 150 151 187 165 219 141 161 141 175 171 204 152 196
39
0
10 5 5 8 12 5 12 10 10 14 8 7 7 5 9 8 5 5 5 8
40
0
22 28 18 22 37 20 13 25 20 23 20 28 13 19 34 29 18 27 23 15
41
0
4 3 4 6 6 6 3 2 3 3 3 2 4 4 7 5 3 4 5 4
42
0
6 10 6 4 7 12 7 9 6 12 6 7 10 9 9 7 8 5 8 9
43
0
7 10 7 12 12 6 8 10 5 9 4 5 6 9 5 8 17 6 9 8
44
0
28 27 17 18 10 23 25 20 16 15 21 18 23 20 20 23 32 28 20 16
45
0
241 247 198 213 197 215 182 222 198 211 227 258 192 215 251 234 187 157 199 199
46
0
71 66 56 99 73 57 73 55 56 80 60 87 72 45 53 68 74 55 43 84
47
0
18 22 24 23 23 17 25 23 18 20 12 23 24 12 18 33 30 30 20 24
48
0
17 17 16 24 11 14 23 13 8 11 11 9 12 8 9 13 12 15 17 16
49
0
1 1 1 1 1 1 1 1 1 1 1 1 1 1 1 1 1 1 1 1
50
0
32 29 36 31 50 43 38 55 26 55 49 51 33 35 28 31 32 40 62 37
51
0
32 33 38 55 45 30 32 59 41 34 53 30 41 29 40 39 24 43 58 36
52
0
32 40 51 34 39 46 39 40 58 49 40 36 23 36 37 64 52 42 34 40
53
0
151 109 107 105 116 78 124 108 121 109 104 103 113 117 141 118 146 111 122 100
54
0
9 8 15 12 8 14 11 14 6 6 12 4 10 22 4 11 8 6 7 8
55
0
23 31 19 32 25 27 20 22 21 30 26 34 17 17 20 32 21 34 20 27
56
0
117 140 127 137 92 127 132 133 108 98 114 149 126 134 153 108 148 108 135 135
57
0
12 14 18 18 12 7 15 18 12 13 18 13 14 12 12 12 13 11 11 12
58
0
10 8 13 8 8 5 8 9 12 8 7 16 12 7 7 6 9 13 9 10
59
0
2 2 4 3 3 3 5 3 6 3 3 2 5 3 3 7 5 9 2 4
60
0
5 8 8 8 10 11 8 6 7 5 7 8 7 11 12 9 10 5 8 13
61
0
20 19 16 28 22 22 18 21 19 27 22 23 32 21 27 30 25 21 19 18
62
0
64 80 71 74 67 88 49 69 86 68 94 61 83 88 70 58 68 61 58 55
63
0
56 50 59 49 88 39 55 57 45 59 62 39 41 59 59 47 57 62 58 55
64
0
28 27 22 20 24 25 18 32 11 16 31 23 35 19 29 22 23 29 26 12
65
0
66 59 60 45 60 40 60 48 85 41 49 47 38 37 75 53 48 41 46 60
66
0
13 20 28 21 19 20 17 19 27 20 22 19 14 20 17 28 13 15 12 17
67
0
6 4 5 3 6 5 4 4 2 1 2 3 2 3 4 1 3 3 3 3
68
0
52 71 60 74 69 57 46 70 63 54 49 81 56 84 61 68 71 83 73 65
69
0
57 76 52 56 88 61 79 48 64 65 62 58 61 50 64 60 56 51 57 30
70
0
25 10 14 12 14 20 8 9 9 16 11 16 11 19 12 12 20 26 17 11
71
0
65 80 65 59 69 92 91 95 77 73 89 74 84 83 80 102 70 112 103 61
72
0
25 21 11 13 17 10 13 27 12 18 19 7 15 15 13 17 8 19 21 14
73
0
81 51 72 48 77 94 61 75 58 61 63 73 82 65 70 78 75 93 70 58
74
0
34 37 48 32 42 59 35 35 29 30 41 38 39 39 43 38 32 51 33 34
75
0
98 82 73 77 121 113 112 94 68 90 79 91 130 123 73 87 121 81 66 66
76
0
254 282 275 201 205 248 226 219 223 210 309 193 229 212 225 206 204 248 198 204
77
0
10 12 16 9 16 18 14 9 11 17 16 7 13 23 10 10 10 17 12 17
78
0
88 62 95 119 110 115 84 103 76 87 105 124 60 105 55 75 82 95 77 85
79
0
46 32 78 67 51 59 52 82 46 54 38 61 41 52 41 43 42 64 60 55
80
0
30 32 17 24 13 27 17 22 27 26 31 19 25 14 12 26 19 22 24 31
81
0
36 35 30 29 28 29 36 62 49 35 32 48 56 30 34 37 37 31 27 23
82
0
31 29 35 35 37 32 46 25 35 25 28 38 29 43 57 38 29 45 41 34
83
0
106 74 71 110 81 72 72 63 61 71 71 83 73 60 56 69 72 79 55 88
84
0
2 2 1 2 3 2 2 3 3 4 3 3 2 3 3 3 4 4 3 4
85
0
52 44 67 52 68 76 60 38 66 49 48 51 41 54 58 52 64 43 56 65
86
0
38 37 20 36 38 28 27 32 34 34 51 27 30 37 33 41 52 35 38 50
87
0
46 59 77 77 70 35 60 75 56 47 67 87 58 53 72 68 48 55 58 47
88
0
10 14 11 9 15 16 11 16 14 10 17 10 12 7 8 10 14 7 8 7
89
0
173 107 166 148 128 144 141 130 124 131 183 164 198 186 142 136 143 173 151 191
90
0
64 63 54 65 66 64 90 47 61 55 67 71 82 57 66 49 60 73 51 53
91
0
55 64 40 33 48 44 32 55 53 35 40 51 31 38 44 49 51 49 39 45
92
0
5 6 3 6 4 5 11 4 7 8 5 3 5 8 5 5 10 9 7 5
93
0
49 40 57 39 28 40 33 59 49 65 40 57 51 34 43 38 63 52 48 46
94
0
16 12 12 19 22 13 14 13 16 8 17 20 27 14 15 18 8 12 9 8
95
0
7 6 7 4 10 6 4 8 6 7 6 3 8 7 5 6 7 5 9 7
96
0
67 61 81 58 74 62 65 38 91 57 50 86 71 62 68 87 55 87 49 73
97
0
167 114 130 122 140 101 119 162 154 191 177 164 119 125 145 166 137 128 164 143
98
0
100 98 80 98 101 118 114 119 97 103 82 96 107 95 133 81 94 132 94 77
99
0
3 4 5 2 4 4 2 6 4 4 6 9 4 3 6 3 6 6 5 2
