20
10
427619
0
0
34 85 7 53 113 55 9 24 155 50
1
0
53 47 9 10 40 23 5 31 79 95
2
0
74 8 35 30 160 46 68 85 55 5
3
0
6 3 3 22 44 53 17 142 14 55
4
0
81 43 88 32 89 69 13 86 6 1
5
0
4 29 113 25 70 25 43 9 32 20
6
0
50 8 54 5 9 12 7 30 6 69
7
0
99 31 14 3 111 61 9 8 19 5
8
0
40 71 61 40 62 89 98 11 54 26
9
0
133 7 77 30 160 14 34 87 13 150
10
0
10 28 9 62 15 42 35 1 46 20
11
0
1 7 67 13 35 61 92 16 10 14
12
0
26 81 1 228 4 22 27 33 53 80
13
0
0 25 51 20 39 6 15 65 47 133
14
0
193 126 11 7 38 34 29 2 2 133
15
0
13 1 50 12 40 20 103 16 63 206
16
0
32 48 22 119 157 60 56 30 102 18
17
0
5 6 12 73 21 114 44 33 73 27
18
0
26 12 2 28 10 5 40 121 49 7
19
0
9 20 18 5 60 20 8 38 2 4
