10
20
727887
0
0
85 116 91 74 81 95 80 104 79 64 62 89 89 97 80 80 103 43 86 62
1
0
27 33 21 29 22 17 25 23 15 20 32 29 29 21 21 32 36 19 32 29
2
0
86 155 82 85 95 84 108 123 132 125 107 83 95 119 98 104 92 75 100 115
3
0
15 12 12 15 19 13 12 8 8 15 16 9 10 17 14 13 11 11 6 14
4
0
38 27 44 31 27 39 38 53 45 31 34 41 45 34 35 46 44 60 36 54
5
0
73 45 63 52 62 41 72 53 50 51 68 71 70 56 61 69 54 60 58 73
6
0
49 44 51 59 52 43 53 52 41 35 42 38 54 30 52 62 48 58 46 47
7
0
13 15 16 12 24 15 17 18 21 15 16 10 25 23 25 23 17 16 11 24
8
0
71 55 37 67 52 56 51 70 54 62 98 49 61 78 77 74 49 50 67 61
9
0
16 17 11 16 23 18 20 23 17 16 20 15 22 18 27 19 19 10 16 28
