20
20
407077
0
0
41 36 74 98 15 77 16 17 19 95 12 34 182 28 140 20 152 126 37 136
1
0
56 14 26 22 38 15 29 151 11 10 11 11 18 61 90 2 186 67 27 69
2
0
54 42 51 1 76 7 0 91 112 9 240 78 84 12 26 18 191 75 53 71
3
0
21 81 4 98 28 62 66 6 80 64 52 86 30 64 10 97 2 150 59 68
4
0
26 38 89 123 206 7 120 74 16 110 8 33 40 31 64 26 5 35 2 173
5
0
10 55 2 73 31 231 41 128 0 13 48 10 22 16 3 19 68 5 40 4
6
0
171 98 20 43 3 61 3 49 12 16 83 128 13 14 53 51 68 20 73 6
7
0
110 31 65 53 40 14 18 20 44 27 13 114 14 95 29 201 9 91 68 28
8
0
77 24 41 37 14 63 10 15 23 128 38 9 170 2 31 18 58 21 15 0
9
0
83 99 18 4 0 25 9 25 48 119 190 30 28 73 82 234 40 40 180 32
10
0
33 38 32 36 126 27 66 30 45 11 0 31 134 6 30 1 73 106 56 67
11
0
35 4 238 64 9 90 74 39 11 435 85 68 72 132 97 31 22 77 22 16
12
0
3 17 64 27 1 11 47 9 19 57 11 21 8 44 56 42 84 187 112 44
13
0
16 33 72 71 56 24 20 3 16 21 17 151 264 155 78 48 14 96 21 40
14
0
89 10 47 57 104 18 12 43 103 10 51 81 101 64 232 55 37 26 16 8
15
0
62 20 22 22 32 9 38 2 33 23 24 88 68 44 48 24 4 80 125 58
16
0
44 21 77 36 73 35 35 59 54 82 22 65 67 207 83 2 78 23 16 32
17
0
103 25 19 64 29 16 1 24 96 106 90 102 81 85 35 49 46 56 17 25
18
0
11 137 36 13 11 40 11 44 13 15 29 109 95 8 61 115 108 31 80 253
19
0
89 23 94 11 62 58 15 6 227 26 16 40 132 112 38 45 5 104 15 31
