50
10
830520
0
0
74 1 5 106 40 71 42 29 25 26
1
0
2 26 47 17 66 3 59 29 19 25
2
0
67 117 135 207 37 82 3 99 7 14
3
0
39 41 25 75 27 6 78 151 30 20
4
0
57 2 77 26 26 92 10 6 25 76
5
0
38 79 137 108 80 158 31 1 119 0
6
0
36 10 8 122 1 15 126 67 62 7
7
0
47 28 61 26 63 21 0 9 28 62
8
0
20 94 54 70 20 7 125 35 63 6
9
0
94 92 1 22 35 17 9 5 56 45
10
0
8 14 9 99 107 165 11 5 1 12
11
0
4 64 172 5 10 176 38 5 10 9
12
0
84 18 161 5 5 2 32 7 39 38
13
0
16 34 31 246 1 2 33 13 35 68
14
0
17 15 35 84 22 13 155 5 56 24
15
0
15 17 1 62 99 26 34 74 13 10
16
0
9 15 7 4 25 22 80 40 23 48
17
0
1 17 251 69 27 15 17 17 54 6
18
0
87 55 5 9 60 10 44 13 31 28
19
0
116 1 32 70 22 29 36 4 0 110
20
0
19 17 15 2 7 37 111 6 1 70
21
0
29 33 140 48 32 16 18 67 45 15
22
0
16 52 54 7 66 202 192 22 10 57
23
0
13 82 5 15 153 76 94 54 1 4
24
0
90 144 36 8 52 38 127 16 37 76
25
0
8 163 24 214 83 199 22 8 7 106
26
0
13 87 292 114 60 64 28 13 128 1
27
0
10 11 11 17 58 116 39 54 45 2
28
0
59 60 25 5 60 21 240 9 5 6
29
0
3 36 29 87 10 29 25 3 53 69
30
0
21 36 37 78 38 87 21 12 103 29
31
0
94 42 17 21 32 3 21 115 42 7
32
0
11 68 25 106 11 140 23 61 122 167
33
0
95 18 28 0 42 22 138 13 30 11
34
0
2 62 6 5 20 6 85 4 43 21
35
0
54 36 4 25 44 183 21 87 67 19
36
0
8 45 94 47 2 7 96 27 1 32
37
0
108 16 8 123 143 151 42 30 55 1
38
0
59 44 39 21 38 5 7 18 41 22
39
0
149 137 163 10 11 132 44 21 3 25
40
0
2 6 58 51 1 57 1 27 49 91
41
0
97 95 170 54 2 50 165 23 19 76
42
0
15 9 19 76 37 65 13 11 7 52
43
0
35 19 66 2 88 1 12 15 11 57
44
0
6 25 42 4 75 26 76 184 18 12
45
0
41 110 7 39 34 104 75 26 118 26
46
0
42 97 26 9 7 52 35 7 22 33
47
0
4 4 22 29 18 124 1 20 46 35
48
0
47 42 6 152 186 101 30 68 76 37
49
0
9 10 40 113 54 77 8 31 67 53
