20
20
549687832
0
0
18 38 9 8 47 35 16 34 7 109 179 116 133 3 10 2 59 50 41 8
1
0
6 21 6 30 75 90 24 19 12 25 225 310 33 5 51 26 6 8 20 49
2
0
58 62 110 3 5 20 56 95 10 15 14 69 122 2 48 76 49 55 19 32
3
0
224 12 1 41 7 112 2 27 36 54 12 59 63 107 31 115 106 81 34 4
4
0
59 3 4 39 7 92 17 79 62 1 64 5 132 2 48 91 33 51 27 11
5
0
31 10 74 1 15 54 105 112 9 5 4 34 31 31 50 22 23 3 11 243
6
0
235 47 265 14 43 92 5 14 48 55 2 12 36 7 128 18 11 48 23 98
7
0
10 18 55 135 65 1 48 15 20 36 25 29 80 9 84 12 7 30 25 30
8
0
64 6 35 54 42 34 10 35 25 31 49 15 1 132 49 32 101 42 133 20
9
0
7 128 50 23 29 48 10 128 35 80 13 67 101 156 2 17 3 40 24 27
10
0
15 56 21 78 41 24 63 110 7 18 22 30 49 30 147 29 18 49 20 41
11
0
145 7 182 64 14 37 48 16 72 11 19 49 48 28 150 32 54 85 82 102
12
0
1 10 40 72 51 253 34 14 15 40 104 60 128 53 13 3 57 18 13 80
13
0
81 141 35 95 106 29 74 95 132 14 31 12 8 199 76 29 7 82 50 37
14
0
17 99 1 4 59 188 5 37 6 83 5 79 48 53 15 13 41 59 5 55
15
0
6 25 155 11 67 17 127 31 140 40 6 36 107 45 4 8 7 12 48 29
16
0
16 8 31 42 25 39 7 5 95 53 65 21 1 9 12 3 68 25 14 48
17
0
17 11 14 18 38 3 157 6 18 20 4 7 83 17 84 55 106 31 31 51
18
0
10 19 16 301 9 13 63 2 2 96 6 177 1 61 13 39 10 19 70 14
19
0
44 35 54 89 66 76 17 43 23 4 33 24 46 37 21 13 6 47 6 28
