100
20
495342
0
0
8 6 5 13 13 8 20 10 11 11 11 19 12 11 11 9 11 19 7 7
1
0
23 19 12 20 24 20 23 12 18 37 10 18 24 22 22 15 21 30 12 18
2
0
60 61 65 70 78 81 77 85 55 56 80 59 50 82 70 73 84 55 113 67
3
0
6 7 14 5 8 9 12 10 9 7 7 14 10 6 7 6 7 6 8 9
4
0
191 171 172 203 189 154 161 154 154 202 170 145 202 131 179 194 176 164 184 225
5
0
20 24 30 14 18 32 42 21 23 23 18 17 20 13 23 20 14 25 21 24
6
0
68 83 74 72 82 98 84 79 101 64 80 59 87 89 83 89 129 85 81 72
7
0
5 5 3 4 2 3 3 2 3 4 4 3 3 5 3 6 3 3 3 3
8
0
22 41 47 44 43 39 25 49 43 33 49 45 35 27 45 42 38 69 49 30
9
0
52 58 66 68 64 44 53 76 51 38 62 60 61 82 40 66 66 44 58 78
10
0
21 29 42 21 48 27 23 28 21 34 28 22 33 26 35 33 46 31 22 27
11
0
73 62 49 88 58 55 64 63 64 59 56 45 61 61 64 68 48 64 54 58
12
0
60 73 54 79 56 73 64 61 68 60 72 71 73 80 72 70 71 67 68 57
13
0
35 25 30 37 26 29 37 27 34 35 27 34 34 36 35 30 62 39 32 43
14
0
24 33 42 15 20 25 20 19 36 33 46 26 33 23 26 22 21 33 36 21
15
0
1 1 1 1 1 1 1 1 1 1 1 1 1 1 1 1 1 1 1 1
16
0
13 17 14 15 15 16 14 12 11 25 15 10 10 14 13 12 22 17 12 17
17
0
332 310 285 314 327 308 321 292 295 281 313 303 334 274 350 299 304 326 381 338
18
0
52 69 68 59 59 71 55 79 67 60 64 43 54 74 53 58 59 64 74 81
19
0
18 15 16 14 17 34 17 21 14 15 12 26 25 19 16 16 14 14 19 12
20
0
17 17 14 12 13 15 18 18 11 21 17 12 14 15 14 16 8 15 12 12
21
0
9 8 7 9 7 9 13 10 7 10 13 11 8 15 12 5 7 10 9 9
22
0
112 96 158 114 100 122 142 110 95 93 112 138 105 107 86 145 98 128 119 99
23
0
32 61 62 37 30 60 63 41 70 64 52 27 44 51 43 46 56 46 35 35
24
0
74 48 72 57 61 96 62 68 64 60 47 57 50 62 57 57 65 79 62 56
25
0
50 42 47 50 53 40 54 34 44 58 80 49 62 50 85 62 49 59 53 51
26
0
112 126 128 121 129 137 119 118 139 126 127 117 147 113 114 150 117 152 109 117
27
0
95 82 116 85 116 92 92 109 81 101 113 107 71 92 105 108 96 101 93 109
28
0
1 1 1 2 1 1 1 1 2 1 1 2 1 1 1 1 1 1 2 2
29
0
15 15 11 21 9 14 11 12 11 11 10 12 13 9 11 12 11 17 9 15
30
0
18 12 22 25 22 13 16 19 15 28 20 15 13 18 18 26 18 18 20 21
31
0
30 43 21 16 25 36 22 26 29 21 12 44 25 27 30 23 28 19 22 26
32
0
153 122 135 112 139 101 114 137 126 126 140 95 93 150 148 124 104 118 94 130
33
0
8 5 10 10 10 11 8 5 15 6 7 5 7 8 6 7 9 18 10 3
34
0
143 164 158 217 153 163 179 195 182 197 139 127 160 179 177 156 191 224 143 172
35
0
40 25 24 27 20 25 31 26 19 33 23 33 35 39 40 33 24 39 33 25
36
0
69 94 89 93 88 89 80 109 104 72 67 68 56 87 113 83 73 91 75 100
37
0
16 18 20 10 14 12 7 12 12 12 14 14 11 14 8 32 9 20 12 15
38
0
54 45 39 41 55 36 34 27 26 35 36 32 53 40 26 29 30 34 41 31
39
0
13 8 9 11 10 20 8 18 16 16 10 13 11 11 15 16 14 20 15 14
40
0
9 16 15 13 12 13 11 18 18 13 12 13 10 15 18 14 17 10 24 7
41
0
20 16 34 20 28 26 23 24 19 29 33 37 34 25 33 23 12 23 16 29
42
0
129 192 164 159 197 167 180 151 152 196 169 186 203 188 191 168 147 187 222 191
43
0
35 44 24 45 36 32 32 33 34 25 24 24 40 41 39 54 42 29 26 23
44
0
17 12 16 14 19 14 13 8 11 10 13 10 12 17 14 15 9 14 14 9
45
0
7 15 8 5 12 8 7 7 10 19 15 10 5 8 10 6 8 8 11 8
46
0
19 34 20 28 31 20 23 20 22 40 31 21 21 25 29 27 20 20 19 33
47
0
4 8 5 3 6 8 5 4 6 7 8 3 6 4 8 4 3 8 6 3
48
0
183 172 164 189 159 152 161 146 183 198 145 163 205 203 163 188 225 184 226 152
49
0
39 63 40 33 52 36 74 49 49 25 54 41 41 45 41 61 55 52 42 39
50
0
71 70 103 98 79 82 85 85 89 56 60 89 72 62 79 90 100 62 86 76
51
0
53 48 46 39 52 63 18 38 30 37 33 34 26 25 43 49 39 33 57 30
52
0
132 122 144 121 100 146 110 117 110 143 110 76 114 86 98 154 127 165 119 139
53
0
9 16 15 16 17 15 20 22 19 17 14 12 19 16 25 22 11 11 16 19
54
0
23 12 18 30 19 17 18 23 25 19 18 28 25 22 26 20 19 16 19 16
55
0
43 38 24 18 32 45 21 26 25 29 27 24 27 26 27 52 44 26 40 29
56
0
26 22 31 22 28 14 17 21 34 36 25 30 25 20 24 19 27 15 21 20
57
0
48 55 37 41 28 31 41 40 40 25 34 23 26 37 25 39 29 30 22 34
58
0
44 105 55 48 57 63 88 78 109 73 65 46 93 68 80 81 77 83 79 87
59
0
87 72 63 107 80 113 50 92 79 106 85 71 96 82 74 103 73 78 80 99
60
0
15 15 9 19 10 26 14 15 15 12 17 22 10 19 14 16 16 26 14 20
61
0
105 108 79 130 87 69 111 87 110 87 94 121 111 112 98 118 130 116 118 91
62
0
9 7 9 9 7 6 8 7 7 5 7 9 8 4 10 7 5 10 8 5
63
0
10 25 29 28 20 19 35 26 19 22 32 17 25 46 26 10 17 30 21 33
64
0
28 37 32 41 42 33 48 25 23 50 49 39 23 33 29 44 48 38 37 40
65
0
60 84 79 79 87 81 89 92 90 83 106 76 110 90 110 78 86 76 85 105
66
0
8 6 12 3 6 7 6 5 6 7 8 4 6 6 7 4 3 4 5 7
67
0
12 9 10 19 17 15 13 23 9 12 12 13 19 7 15 21 16 16 17 10
68
0
6 4 3 2 4 3 3 3 4 4 5 5 6 2 4 5 6 6 3 4
69
0
65 89 68 60 100 69 81 71 85 113 66 49 99 67 76 87 57 71 62 65
70
0
6 5 3 6 3 4 7 4 7 5 7 7 4 7 5 8 7 7 6 5
71
0
38 34 19 57 37 31 43 37 31 43 68 43 26 39 33 26 47 30 32 25
72
0
22 28 19 22 22 29 17 19 22 23 16 12 21 12 22 13 18 22 13 18
73
0
41 48 48 52 56 52 47 35 43 57 52 38 50 50 52 49 46 65 43 24
74
0
77 104 79 96 96 103 99 99 97 85 116 86 90 151 142 80 108 77 104 81
75
0
88 77 99 75 68 89 67 96 67 76 89 57 77 75 96 59 85 79 86 88
76
0
52 74 71 70 93 90 57 82 75 70 81 116 82 84 59 88 66 74 69 70
77
0
88 100 126 132 121 116 105 124 74 125 138 84 122 97 124 121 101 97 102 102
78
0
34 37 31 48 28 29 37 29 48 37 38 30 35 47 44 36 47 35 30 52
79
0
54 47 68 73 44 45 46 78 45 54 40 51 65 52 71 47 35 68 36 33
80
0
29 25 26 25 22 28 37 23 18 27 24 23 21 28 23 32 18 27 32 26
81
0
21 24 30 33 17 31 22 39 16 45 32 24 33 23 28 33 35 37 24 26
82
0
60 50 46 56 50 59 53 88 72 59 48 88 49 45 116 48 65 66 85 87
83
0
24 19 19 19 14 27 16 25 13 14 13 27 29 15 21 16 49 17 17 22
84
0
30 28 29 36 27 46 40 30 37 56 29 29 28 29 44 40 27 30 43 26
85
0
47 36 46 48 39 27 42 55 46 44 34 29 36 57 55 26 45 35 32 37
86
0
64 74 75 72 85 80 60 86 63 104 96 68 71 94 68 89 60 80 85 113
87
0
19 19 29 33 15 34 35 25 22 31 15 19 26 20 28 26 25 25 21 24
88
0
5 4 3 2 5 3 2 6 2 2 4 7 4 3 4 3 2 4 3 2
89
0
47 78 79 71 85 62 86 87 62 52 75 68 83 74 67 93 81 77 65 69
90
0
23 21 19 29 14 34 34 11 14 26 20 18 31 22 19 20 24 24 28 22
91
0
30 33 27 24 32 26 29 43 36 39 39 34 33 36 24 41 36 19 34 29
92
0
23 35 18 17 17 24 21 17 11 24 29 20 21 22 37 24 16 22 23 12
93
0
51 31 28 39 37 36 35 36 29 20 25 44 43 36 63 20 38 22 31 36
94
0
29 27 37 22 27 33 19 22 13 24 22 32 33 28 56 25 20 32 18 20
95
0
3 2 2 6 3 3 7 2 7 2 4 2 4 2 2 3 2 2 3 3
96
0
57 80 59 72 70 51 87 63 71 53 60 69 71 101 67 57 60 75 97 83
97
0
18 15 15 15 18 14 15 13 13 13 14 13 19 18 10 19 15 20 15 14
98
0
54 59 44 40 42 52 59 41 62 44 57 42 63 48 48 68 53 59 50 49
99
0
3 6 6 8 7 4 7 2 12 1 4 3 5 7 6 4 7 4 6 9
