200
10
999072
0
0
6 7 8 6 7 5 3 4 6 5
1
0
37 33 34 58 42 27 48 36 37 35
2
0
20 13 15 19 15 19 23 11 12 14
3
0
27 32 34 34 35 39 29 48 33 42
4
0
74 70 60 72 75 93 66 87 72 66
5
0
80 70 56 59 64 68 67 39 72 67
6
0
79 99 134 86 97 113 125 110 89 112
7
0
28 33 45 36 35 43 32 35 32 36
8
0
40 24 24 25 34 39 35 38 31 46
9
0
28 23 20 22 18 25 18 19 16 20
10
0
13 19 9 9 12 14 13 11 10 9
11
0
5 4 6 5 6 4 6 6 9 4
12
0
85 66 93 70 99 97 72 109 62 88
13
0
23 39 19 47 18 21 11 29 22 17
14
0
26 32 24 45 29 35 40 33 34 64
15
0
37 31 49 34 32 29 32 41 34 26
16
0
42 62 43 36 43 45 40 37 51 50
17
0
57 79 52 59 93 77 59 49 68 64
18
0
2 5 4 2 7 5 4 7 4 5
19
0
15 6 20 11 11 15 18 18 17 14
20
0
25 9 10 16 8 19 24 12 11 16
21
0
62 81 81 59 72 59 72 62 79 71
22
0
3 7 3 4 5 2 3 5 4 5
23
0
13 18 18 17 20 25 24 13 10 15
24
0
32 44 25 23 42 55 29 28 26 40
25
0
83 56 81 71 102 105 88 81 121 78
26
0
28 31 35 28 14 30 34 33 20 32
27
0
6 10 7 8 13 11 15 7 5 5
28
0
46 28 40 36 40 41 48 17 26 33
29
0
93 127 100 107 95 125 153 153 177 135
30
0
12 21 10 10 18 33 22 14 12 15
31
0
3 4 3 6 6 4 4 3 5 3
32
0
89 53 51 72 90 93 52 43 59 76
33
0
43 73 34 38 50 37 38 37 52 41
34
0
3 7 6 4 9 7 3 6 4 6
35
0
5 4 4 2 7 4 6 4 6 5
36
0
110 106 90 176 135 143 133 140 145 108
37
0
60 76 88 58 76 66 60 92 43 75
38
0
103 79 66 63 93 63 56 82 79 66
39
0
25 20 36 42 31 29 28 28 30 29
40
0
84 72 54 92 66 92 76 57 48 78
41
0
59 87 85 84 69 84 85 64 69 60
42
0
41 34 67 40 45 46 39 55 42 28
43
0
124 126 125 138 144 105 124 94 145 107
44
0
119 108 127 149 147 97 114 138 139 111
45
0
21 23 20 20 28 31 19 13 19 29
46
0
20 15 15 18 10 13 15 20 12 14
47
0
3 2 4 2 2 3 1 2 2 3
48
0
13 9 11 7 10 13 13 15 8 9
49
0
35 32 32 27 33 31 31 29 22 25
50
0
50 45 41 64 46 37 52 46 43 35
51
0
82 86 72 67 59 74 75 82 78 67
52
0
99 73 95 76 98 88 60 76 68 90
53
0
89 74 54 76 90 87 85 60 108 75
54
0
77 92 85 85 74 97 113 71 125 99
55
0
35 35 35 25 40 40 32 35 28 28
56
0
33 43 40 31 51 40 18 29 70 43
57
0
26 27 26 25 19 27 54 40 23 25
58
0
40 33 65 65 45 41 42 48 37 30
59
0
18 16 14 34 23 25 22 20 16 32
60
0
48 21 35 33 42 19 39 32 31 40
61
0
89 75 53 92 67 65 89 91 64 59
62
0
43 39 56 63 55 33 44 52 46 50
63
0
4 3 4 5 8 7 6 5 10 10
64
0
11 12 17 11 11 13 8 15 5 14
65
0
40 50 70 51 87 60 68 62 71 46
66
0
253 204 204 227 181 238 259 210 204 227
67
0
22 17 20 20 32 23 27 31 13 16
68
0
10 10 16 12 11 15 13 13 13 21
69
0
5 14 10 11 6 10 19 5 8 4
70
0
16 12 11 17 18 9 19 13 9 15
71
0
62 46 43 56 43 38 53 40 29 29
72
0
57 57 36 51 43 37 24 46 47 40
73
0
48 23 29 41 43 46 34 25 51 51
74
0
9 4 5 3 6 4 3 10 4 9
75
0
18 23 21 33 33 20 28 25 20 24
76
0
81 73 112 126 107 86 99 141 87 84
77
0
5 6 8 8 3 8 5 9 5 6
78
0
37 66 54 36 39 34 46 35 46 41
79
0
126 161 153 143 124 113 153 157 161 136
80
0
58 62 33 65 66 41 52 38 41 63
81
0
43 78 83 67 65 76 79 75 54 80
82
0
40 19 23 24 19 30 50 28 25 44
83
0
6 8 8 8 9 6 7 8 4 8
84
0
47 28 23 41 29 24 50 32 42 24
85
0
13 14 14 22 10 18 14 20 16 11
86
0
46 74 48 52 74 89 74 60 83 53
87
0
215 160 180 239 217 144 254 163 279 208
88
0
26 18 27 13 18 32 26 24 19 23
89
0
2 3 2 5 5 2 3 3 4 4
90
0
32 35 45 29 43 26 38 45 49 60
91
0
8 13 9 6 9 14 9 14 9 15
92
0
44 34 26 22 15 23 24 23 23 32
93
0
43 51 38 42 51 47 42 50 66 32
94
0
101 86 101 68 89 90 73 89 114 99
95
0
136 134 151 156 123 171 125 116 151 140
96
0
33 38 42 27 35 30 31 40 22 26
97
0
89 113 77 86 89 117 100 91 127 97
98
0
4 5 3 7 10 4 3 6 4 8
99
0
59 66 68 46 57 44 46 60 72 34
100
0
7 3 6 11 8 2 8 5 11 4
101
0
20 13 13 19 20 9 15 15 14 20
102
0
76 115 122 123 65 123 111 81 100 118
103
0
113 169 123 155 159 125 133 119 158 167
104
0
89 114 103 72 125 117 94 81 104 97
105
0
71 70 79 67 88 76 60 90 85 78
106
0
131 113 137 125 94 94 116 123 99 118
107
0
37 35 50 36 29 47 35 49 42 49
108
0
96 104 99 104 92 148 82 105 95 86
109
0
16 11 17 22 12 16 16 10 6 23
110
0
4 7 5 6 8 3 4 5 5 5
111
0
2 3 2 2 2 2 2 1 2 3
112
0
25 20 30 25 22 20 18 17 23 24
113
0
2 3 1 1 2 1 2 2 2 3
114
0
16 16 20 13 11 14 12 13 6 9
115
0
216 177 161 213 206 211 209 219 160 180
116
0
144 148 160 169 175 164 206 147 197 211
117
0
36 29 22 15 36 19 26 31 22 21
118
0
8 14 20 14 10 8 11 23 14 10
119
0
19 22 15 15 18 13 21 11 24 17
120
0
24 26 21 27 32 38 28 26 23 26
121
0
118 118 130 110 134 114 113 104 149 105
122
0
38 26 21 24 26 41 26 40 42 29
123
0
65 75 73 69 65 87 53 46 62 64
124
0
251 250 248 272 225 254 269 267 252 291
125
0
17 17 21 33 20 26 25 28 32 35
126
0
1 1 1 1 1 1 1 1 1 1
127
0
4 2 3 3 6 3 5 5 3 3
128
0
14 13 8 12 11 21 8 10 13 9
129
0
37 66 47 36 39 55 54 42 40 33
130
0
32 25 18 24 30 22 16 26 37 33
131
0
83 49 66 69 47 43 93 54 61 50
132
0
135 197 235 159 153 175 148 182 164 155
133
0
68 81 85 86 81 96 102 86 89 75
134
0
7 9 14 4 6 14 12 13 10 15
135
0
6 15 18 24 17 14 17 32 14 15
136
0
6 3 8 5 5 5 5 5 5 4
137
0
195 227 185 267 225 235 148 253 113 259
138
0
42 64 33 29 41 47 53 33 38 45
139
0
27 40 45 31 50 42 36 50 37 25
140
0
14 13 11 15 9 14 17 11 12 14
141
0
16 12 7 8 8 11 8 9 13 7
142
0
1 1 1 2 1 1 1 1 1 1
143
0
61 61 56 52 65 74 72 73 65 56
144
0
17 21 14 17 21 21 16 16 18 25
145
0
53 81 73 48 88 62 75 86 92 56
146
0
81 68 92 102 86 69 93 88 96 103
147
0
42 30 34 33 37 34 46 30 39 28
148
0
7 6 5 8 5 5 7 5 7 3
149
0
20 17 23 31 12 12 18 27 15 26
150
0
28 25 32 34 22 36 31 18 17 40
151
0
23 17 23 19 16 24 22 17 18 15
152
0
3 2 3 4 4 3 2 2 4 2
153
0
31 40 37 33 26 57 33 51 31 42
154
0
114 63 77 87 101 103 93 113 101 95
155
0
123 101 115 143 124 117 100 108 95 117
156
0
53 43 37 54 52 45 75 42 56 52
157
0
41 84 60 46 63 41 44 53 45 44
158
0
66 69 36 45 51 60 63 64 53 73
159
0
21 28 33 30 27 22 26 17 25 20
160
0
19 11 14 16 14 17 10 13 14 12
161
0
113 112 106 75 96 105 102 96 69 115
162
0
32 30 14 27 36 29 33 29 26 27
163
0
122 79 87 94 124 92 115 98 94 96
164
0
2 3 3 2 2 3 2 1 3 1
165
0
27 23 23 13 31 23 40 16 26 17
166
0
3 3 5 4 4 4 3 3 2 3
167
0
132 141 123 132 100 117 147 144 101 110
168
0
81 60 95 85 92 104 106 96 134 129
169
0
81 66 67 88 78 84 128 84 77 88
170
0
19 16 26 18 21 20 22 20 19 13
171
0
59 53 22 20 59 51 49 36 42 54
172
0
25 28 41 19 27 12 29 17 28 24
173
0
4 5 8 2 4 6 3 4 4 3
174
0
58 28 30 47 57 31 40 47 54 31
175
0
53 38 41 26 32 30 34 38 28 30
176
0
91 90 70 71 62 74 71 56 79 77
177
0
122 94 76 90 104 76 108 83 85 157
178
0
12 12 6 9 13 9 10 13 11 19
179
0
34 38 24 20 23 34 26 24 18 33
180
0
16 27 15 33 14 25 21 17 12 22
181
0
62 73 51 46 53 56 48 50 42 51
182
0
57 66 61 49 64 65 51 66 51 38
183
0
12 17 16 13 11 12 20 15 18 8
184
0
70 80 74 75 71 91 52 83 80 46
185
0
96 107 108 112 89 99 106 88 103 98
186
0
53 36 43 35 44 34 50 35 36 42
187
0
56 51 62 74 68 54 72 59 55 57
188
0
34 31 24 47 48 50 35 44 58 33
189
0
68 90 76 94 78 90 96 82 127 77
190
0
7 9 10 9 14 12 10 9 18 12
191
0
208 181 176 224 167 230 170 145 154 99
192
0
59 43 65 82 67 44 57 60 51 70
193
0
74 84 50 92 83 65 75 59 78 60
194
0
13 7 6 4 9 12 13 10 11 10
195
0
29 26 29 20 22 32 29 40 25 47
196
0
63 97 89 99 90 103 103 69 115 129
197
0
70 87 95 93 94 48 66 100 61 79
198
0
80 41 75 53 46 68 46 62 64 71
199
0
6 5 4 8 5 5 5 5 4 6
