100
20
282817
0
0
11 9 7 13 9 16 8 15 9 8 8 10 10 11 7 4 13 13 10 7
1
0
244 215 205 188 226 197 188 201 214 222 227 217 219 181 243 179 201 213 223 233
2
0
29 43 25 32 32 30 47 38 31 37 35 34 42 26 32 41 33 48 35 36
3
0
55 68 74 76 79 83 71 73 82 68 70 71 52 76 62 92 78 74 52 88
4
0
8 4 6 10 6 6 13 8 9 8 6 10 6 8 10 13 6 3 5 5
5
0
38 17 13 17 26 15 24 27 14 24 21 15 21 27 31 22 14 22 13 29
6
0
45 46 47 39 35 33 30 37 52 41 45 34 47 39 40 61 44 54 28 28
7
0
4 2 3 2 9 4 4 2 4 4 5 4 6 3 5 4 3 3 4 10
8
0
6 3 11 6 8 11 11 23 7 5 10 6 5 11 14 12 11 10 5 10
9
0
20 13 13 16 27 20 12 12 10 25 14 11 16 13 19 15 23 20 20 12
10
0
75 92 89 92 102 76 72 80 93 66 89 71 90 77 72 70 62 107 90 75
11
0
45 65 54 72 71 47 45 48 44 48 78 46 55 61 70 63 79 52 61 48
12
0
15 20 24 16 9 23 17 30 24 12 20 21 30 19 15 16 23 20 15 18
13
0
91 61 81 70 93 87 86 96 69 98 97 125 53 86 78 113 71 132 77 90
14
0
21 21 15 15 16 12 20 13 14 15 17 11 20 13 23 12 23 18 10 18
15
0
64 71 34 48 61 62 61 74 81 67 58 51 59 58 61 76 57 72 49 66
16
0
73 61 59 68 83 85 100 84 75 82 50 70 79 96 56 90 71 65 81 83
17
0
64 58 60 45 76 43 62 39 49 55 50 64 38 68 30 42 52 48 77 55
18
0
165 132 108 92 101 143 152 126 141 130 134 145 103 135 126 134 107 162 129 179
19
0
10 11 13 16 13 4 10 16 15 9 13 11 11 9 17 13 30 7 12 10
20
0
1 2 5 2 2 3 2 2 2 2 3 2 4 2 1 2 4 2 2 3
21
0
13 11 11 20 17 9 16 29 10 17 17 20 16 15 5 18 18 12 11 15
22
0
20 21 21 34 19 20 24 18 34 17 28 19 26 29 14 14 41 25 22 22
23
0
76 46 53 64 109 59 65 49 63 76 60 74 53 65 54 97 36 59 65 65
24
0
4 5 3 6 6 3 6 12 6 7 8 5 5 8 11 5 4 4 2 5
25
0
60 49 61 59 66 48 41 35 60 42 57 58 60 57 43 53 44 59 70 55
26
0
32 40 68 38 48 57 39 69 40 37 44 39 47 54 38 69 44 47 43 42
27
0
11 6 6 7 7 4 3 6 4 13 3 5 11 6 10 6 10 6 6 6
28
0
18 13 14 16 15 17 11 19 19 18 8 13 15 12 20 16 14 15 9 29
29
0
73 65 59 84 56 69 42 75 50 75 71 57 62 51 86 61 72 65 72 83
30
0
111 106 91 127 97 109 86 105 119 133 127 129 111 111 127 127 86 120 117 161
31
0
6 17 7 6 5 6 8 8 11 14 12 9 13 7 7 9 4 9 9 10
32
0
48 42 40 45 51 60 77 50 48 63 50 38 48 53 55 46 50 52 45 47
33
0
161 163 149 182 162 159 146 122 152 158 157 157 141 123 152 166 156 135 177 166
34
0
45 62 26 54 34 52 37 31 28 42 47 47 51 32 44 47 46 47 56 59
35
0
42 48 34 31 48 45 73 46 41 57 48 54 40 37 48 29 29 24 62 45
36
0
3 3 7 4 6 4 3 4 4 4 3 3 2 3 3 2 1 3 5 4
37
0
55 42 46 41 46 67 57 50 52 60 41 49 87 57 69 54 45 57 40 64
38
0
7 6 4 6 7 5 7 4 3 5 5 4 5 3 3 4 5 5 3 5
39
0
16 28 24 28 27 15 22 21 29 34 29 26 31 27 24 18 29 19 49 31
40
0
50 34 54 42 63 70 57 31 75 35 45 42 50 66 54 43 69 35 39 42
41
0
18 15 16 14 15 13 7 12 24 9 14 15 16 17 15 15 20 12 25 29
42
0
38 54 29 35 46 26 55 41 31 42 42 30 39 31 46 34 41 25 38 46
43
0
86 72 87 67 101 51 72 95 93 98 126 76 82 64 89 67 64 75 75 105
44
0
76 69 76 72 94 75 70 82 71 74 85 86 76 56 99 69 101 88 68 78
45
0
82 59 90 67 59 71 69 56 51 58 92 58 61 47 83 70 60 81 75 69
46
0
17 7 18 6 12 9 11 8 15 14 9 18 13 23 10 7 11 13 12 13
47
0
84 99 110 67 97 92 88 101 97 112 79 105 106 85 99 84 95 102 98 80
48
0
40 32 23 19 17 33 15 30 29 22 34 35 27 17 30 24 28 20 26 24
49
0
63 93 45 55 53 54 65 60 48 67 66 56 60 77 45 53 71 64 67 92
50
0
42 46 50 44 64 59 63 47 58 54 53 60 37 46 38 41 44 53 48 45
51
0
14 25 18 19 17 15 32 25 25 18 20 9 19 19 15 26 27 25 12 27
52
0
116 93 115 89 105 113 122 124 141 103 99 111 143 125 109 97 100 121 111 114
53
0
18 18 25 21 17 27 20 20 25 19 16 22 30 18 14 14 18 19 16 28
54
0
91 106 130 128 106 126 92 149 120 102 128 104 97 155 119 128 98 114 138 113
55
0
68 44 75 52 64 68 48 56 49 33 78 65 67 60 57 46 49 50 65 61
56
0
19 9 10 19 11 15 11 11 16 11 15 16 16 15 11 11 16 28 21 19
57
0
101 99 92 90 76 126 86 96 58 77 91 111 104 89 94 108 90 126 83 105
58
0
40 44 45 30 44 64 54 61 36 63 58 44 41 50 42 38 57 56 68 35
59
0
148 185 156 172 160 186 203 172 179 173 191 210 204 172 151 200 195 161 160 188
60
0
11 6 13 11 14 13 6 13 14 11 8 8 7 6 8 9 9 16 14 13
61
0
59 52 34 68 85 90 68 65 79 61 60 70 56 66 95 50 72 70 63 61
62
0
205 129 173 157 155 122 175 131 148 136 150 139 130 206 134 195 117 189 196 169
63
0
32 23 40 39 36 33 25 31 47 40 36 47 29 16 25 41 42 36 48 41
64
0
10 13 10 8 16 10 13 11 17 7 11 8 4 9 10 8 13 7 13 6
65
0
38 58 49 74 56 55 63 43 51 57 64 47 72 57 79 56 42 49 59 37
66
0
119 143 118 150 156 140 139 170 126 130 146 116 103 146 132 142 149 125 158 115
67
0
89 77 59 70 47 115 82 66 78 50 80 103 68 85 74 75 83 65 62 69
68
0
2 4 3 2 4 2 3 2 2 2 3 3 2 1 4 3 4 2 4 2
69
0
107 105 101 114 114 81 81 102 71 84 72 75 79 92 78 107 118 89 57 99
70
0
23 34 28 22 15 21 21 21 18 16 26 22 30 21 23 25 31 23 18 21
71
0
55 50 49 70 48 65 61 54 61 54 45 49 63 55 36 67 71 50 75 60
72
0
34 16 26 26 18 24 15 20 28 26 24 29 29 22 15 19 18 16 25 21
73
0
25 18 20 18 23 31 21 15 24 25 26 20 26 19 39 18 25 28 15 19
74
0
26 33 38 39 53 44 43 36 48 51 36 37 51 53 57 48 38 41 31 37
75
0
24 12 25 14 25 32 17 30 18 16 16 20 26 9 19 18 25 17 24 17
76
0
25 16 19 19 18 24 21 17 18 10 18 21 17 27 27 18 16 13 18 19
77
0
14 15 30 15 17 23 17 15 21 18 24 17 21 27 10 17 17 16 24 22
78
0
6 5 9 7 4 5 5 4 4 4 6 4 3 6 4 2 7 4 3 3
79
0
35 36 35 37 31 20 34 30 38 38 29 44 35 48 32 41 30 26 31 24
80
0
26 21 40 31 51 29 17 27 31 25 25 39 17 34 27 49 31 25 25 33
81
0
71 81 71 53 72 57 65 54 50 65 62 70 63 66 42 58 76 52 63 62
82
0
14 12 17 19 13 15 14 13 14 13 15 8 10 16 17 18 9 17 16 12
83
0
107 122 80 113 71 155 88 101 112 139 117 85 122 141 88 90 93 152 142 121
84
0
11 25 17 18 13 12 13 12 33 9 10 13 16 14 29 17 13 18 10 12
85
0
77 75 82 91 61 79 78 68 60 91 70 94 85 91 79 61 89 90 70 89
86
0
67 71 73 78 89 60 100 66 78 56 49 51 56 94 68 39 88 49 53 68
87
0
73 61 41 73 79 68 84 51 76 52 52 91 56 75 82 54 63 71 48 56
88
0
13 7 7 7 6 7 12 7 10 12 5 7 10 6 7 7 7 11 8 10
89
0
78 63 50 52 58 51 43 45 57 62 71 66 53 72 59 32 46 73 67 46
90
0
31 42 24 39 42 44 55 34 36 36 37 41 61 31 49 41 38 42 37 47
91
0
329 271 274 325 292 255 354 320 270 310 292 361 301 363 393 356 336 297 298 319
92
0
78 76 101 64 62 71 63 76 96 58 60 67 76 69 59 71 99 78 55 73
93
0
109 88 84 70 84 88 102 104 62 72 161 82 84 79 82 83 63 75 75 116
94
0
26 21 28 13 33 21 18 32 18 44 21 13 24 24 35 30 19 26 15 33
95
0
70 58 59 53 57 63 58 75 42 53 87 85 55 84 57 65 88 83 61 55
96
0
10 5 4 11 9 5 8 6 6 10 8 10 6 6 10 3 4 7 7 5
97
0
51 50 73 83 53 48 53 69 46 47 62 50 45 78 54 60 64 53 61 69
98
0
22 13 7 10 27 14 10 13 15 16 16 17 24 13 17 13 20 13 22 13
99
0
48 55 48 47 61 48 40 50 40 37 58 43 67 45 70 47 44 66 59 78
