20
20
44676
0
0
46 70 30 43 35 32 37 34 38 37 38 47 50 41 44 36 38 63 27 63
1
0
6 7 12 8 8 7 8 14 9 9 10 4 7 12 13 9 4 8 10 6
2
0
2 2 2 1 2 1 2 1 1 2 1 1 1 2 2 1 1 1 1 2
3
0
38 37 32 30 24 30 25 35 23 26 27 26 39 26 37 16 32 17 32 21
4
0
14 13 17 16 30 25 25 21 25 23 21 15 17 20 15 23 15 19 17 15
5
0
123 97 113 122 119 132 156 99 120 80 92 76 131 103 111 136 106 105 108 176
6
0
22 14 21 24 19 19 19 9 15 24 30 17 18 25 20 33 22 26 22 23
7
0
85 83 101 74 74 85 90 88 118 102 110 84 99 105 93 68 89 92 106 92
8
0
3 3 4 2 5 6 3 4 4 4 2 3 3 2 5 2 3 2 2 3
9
0
20 12 17 19 15 25 27 14 21 18 24 16 22 18 18 27 17 17 33 10
10
0
54 74 72 58 44 78 64 38 73 69 44 46 47 38 59 49 38 62 54 69
11
0
4 7 11 6 14 10 9 9 8 7 5 7 7 8 12 7 10 9 7 10
12
0
55 40 41 47 42 50 34 53 49 44 54 51 43 44 49 59 39 49 59 32
13
0
79 68 66 52 65 54 91 50 78 53 91 84 52 67 52 53 64 83 70 61
14
0
3 2 2 3 4 4 5 2 2 3 3 2 3 3 2 2 1 2 2 2
15
0
64 97 90 107 90 73 97 86 74 101 76 54 106 76 91 97 93 101 96 78
16
0
105 131 112 94 153 130 116 116 118 140 122 114 124 81 130 130 98 158 117 140
17
0
68 59 55 42 67 56 49 62 56 52 52 39 62 69 57 53 53 51 56 54
18
0
48 92 94 83 75 77 59 93 86 42 86 83 56 54 66 99 57 92 67 100
19
0
14 12 22 27 19 23 17 18 12 25 16 17 15 15 14 16 23 16 15 19
