100
20
200062
0
0
31 21 1 62 42 70 3 132 61 61 34 82 149 126 73 80 155 64 100 10
1
0
39 41 1 38 37 69 2 147 27 82 34 77 148 128 61 85 139 64 99 9
2
0
44 24 1 52 24 41 3 164 46 59 45 81 106 142 77 98 155 69 90 6
3
0
44 17 1 41 34 53 4 132 55 85 37 97 115 114 88 95 162 63 170 7
4
0
34 19 1 59 47 62 1 120 26 79 35 73 126 106 82 76 135 53 161 5
5
0
33 32 1 40 40 66 5 130 37 95 30 76 145 117 70 96 128 66 90 9
6
0
26 16 1 45 38 77 2 121 47 84 35 89 121 190 76 104 173 75 118 12
7
0
39 25 1 33 37 76 2 166 37 86 52 59 146 119 55 70 142 73 126 9
8
0
50 25 1 45 45 79 3 136 39 119 37 81 103 113 73 88 187 79 144 11
9
0
38 27 1 42 41 66 4 136 38 94 41 57 140 128 72 118 145 55 115 11
10
0
32 23 1 32 24 57 2 111 28 82 37 92 163 115 77 107 132 51 86 9
11
0
44 20 1 25 32 83 2 113 68 99 30 70 146 117 88 114 131 71 114 12
12
0
26 27 1 34 38 75 3 139 24 110 27 89 131 95 67 106 137 95 126 7
13
0
38 26 1 32 39 60 3 114 60 105 57 55 156 140 63 68 115 77 126 15
14
0
22 28 1 43 44 101 3 141 33 69 30 66 139 120 87 88 145 87 115 8
15
0
31 35 1 62 28 62 4 143 37 116 30 71 151 99 87 81 157 68 105 8
16
0
47 23 1 37 30 63 2 127 30 73 51 87 134 113 97 85 144 80 100 8
17
0
23 23 1 34 19 70 2 122 52 83 34 85 149 112 90 84 142 58 101 7
18
0
29 18 1 33 62 76 2 112 42 67 35 94 97 84 71 76 172 60 101 13
19
0
44 22 1 34 41 102 2 107 58 92 28 60 172 94 76 124 120 44 101 9
20
0
33 50 1 40 36 78 2 141 43 110 32 54 152 105 77 71 144 59 140 10
21
0
28 29 1 36 39 63 3 136 30 92 37 72 102 110 66 89 176 55 146 11
22
0
32 21 1 23 31 73 2 122 34 102 41 81 125 116 61 121 145 61 111 10
23
0
33 30 1 36 44 61 3 118 50 113 36 81 138 122 88 74 157 62 110 5
24
0
32 21 1 37 53 64 3 162 44 98 31 91 167 126 90 77 184 47 98 9
25
0
29 21 1 32 38 77 2 103 39 90 28 75 111 131 68 77 168 46 103 7
26
0
21 22 1 33 31 54 3 122 34 91 42 61 131 98 86 94 148 56 141 13
27
0
40 21 1 31 43 57 3 110 50 90 42 73 128 96 81 92 179 87 139 13
28
0
24 23 1 45 26 71 3 116 49 92 34 80 119 155 73 72 147 64 104 11
29
0
26 24 1 50 42 75 1 110 45 91 46 65 117 112 57 110 116 78 98 14
30
0
33 26 1 22 48 76 2 155 41 87 39 68 121 158 60 106 151 66 84 13
31
0
36 14 1 35 39 68 2 162 34 109 29 61 134 127 82 114 147 54 133 11
32
0
53 23 1 32 49 67 3 114 24 110 44 81 132 123 75 77 155 62 157 8
33
0
21 38 1 34 29 51 5 132 34 78 39 73 132 125 105 76 130 49 108 9
34
0
39 22 1 33 33 65 2 100 47 87 34 66 192 100 60 77 146 89 116 7
35
0
24 25 2 45 38 59 1 87 34 91 34 78 197 173 69 88 120 42 103 7
36
0
33 21 1 38 45 45 1 110 42 78 35 68 124 99 69 134 142 75 85 6
37
0
36 29 1 23 59 52 2 134 39 74 48 90 161 137 79 94 151 63 108 7
38
0
19 18 1 39 54 83 5 141 29 99 39 80 138 113 66 77 156 50 113 8
39
0
31 26 1 34 45 52 2 132 33 93 31 98 119 124 53 90 157 55 114 9
40
0
22 20 1 33 43 72 2 131 44 68 33 86 137 114 65 67 155 76 107 10
41
0
22 16 1 24 42 64 2 153 54 60 40 58 127 115 63 84 122 54 120 6
42
0
28 16 2 43 40 76 2 123 30 70 22 105 160 119 70 88 124 56 135 16
43
0
35 21 1 39 32 62 3 122 34 67 30 58 170 140 68 86 148 56 129 10
44
0
39 26 2 28 53 77 4 129 40 94 48 62 116 126 58 75 137 54 173 4
45
0
31 13 1 43 36 74 2 142 44 93 38 101 156 127 53 63 149 36 96 7
46
0
32 15 1 38 37 62 2 107 43 80 32 74 229 107 62 96 147 77 128 7
47
0
29 23 1 36 43 81 2 115 22 86 24 62 176 143 77 62 158 60 129 15
48
0
56 24 1 48 35 63 3 112 45 76 47 67 115 122 78 113 161 69 136 10
49
0
39 19 1 30 33 79 3 146 50 78 17 63 133 86 71 108 132 96 122 7
50
0
27 25 1 37 38 54 3 139 40 123 45 92 106 166 76 83 148 66 91 7
51
0
23 28 3 47 37 57 2 110 55 81 49 78 148 108 84 70 190 57 152 7
52
0
42 19 1 48 32 76 2 152 23 110 25 58 142 105 56 74 156 75 138 8
53
0
30 16 1 60 37 55 3 125 48 72 37 68 141 101 72 93 165 47 140 9
54
0
31 19 1 47 42 85 2 141 39 119 34 84 146 145 44 89 111 55 141 20
55
0
30 28 1 43 43 92 2 124 29 83 47 86 147 147 67 93 125 48 138 8
56
0
32 16 2 34 45 75 2 118 51 101 38 86 159 135 61 110 119 73 120 8
57
0
28 17 1 37 32 68 2 115 31 120 27 82 127 149 78 92 158 62 111 8
58
0
31 21 1 48 55 79 4 111 40 82 65 82 105 108 87 96 156 47 120 9
59
0
34 24 1 45 48 103 3 116 35 112 26 65 163 157 75 85 182 67 129 5
60
0
28 23 1 55 67 65 4 140 28 79 51 86 152 96 51 90 130 75 103 8
61
0
25 27 1 34 44 67 2 100 29 101 26 66 143 123 80 71 154 68 88 12
62
0
33 18 1 39 37 105 3 136 51 73 22 69 164 143 68 73 133 67 149 7
63
0
46 37 1 33 42 94 2 152 45 116 42 73 148 117 62 113 161 60 112 6
64
0
36 26 1 38 27 82 2 121 57 93 41 70 157 147 61 82 135 48 117 5
65
0
21 21 1 39 48 73 2 151 40 90 34 87 137 93 73 87 138 67 128 6
66
0
29 21 1 54 37 71 7 135 36 90 42 89 176 107 74 102 153 57 84 10
67
0
27 25 1 37 48 61 2 174 29 73 35 121 136 148 66 77 145 70 152 16
68
0
31 20 1 27 54 74 1 114 47 73 41 65 121 136 54 92 141 76 75 13
69
0
25 16 1 41 57 79 2 140 42 74 39 91 141 125 54 100 170 65 136 6
70
0
30 28 1 55 30 113 4 127 30 116 36 50 132 94 79 95 150 64 127 6
71
0
31 15 1 29 39 59 2 133 46 122 34 78 128 131 78 76 135 92 131 11
72
0
45 28 1 48 42 66 4 121 52 67 38 80 132 138 73 97 145 54 154 10
73
0
26 21 1 49 31 70 3 140 42 100 47 72 146 136 42 104 146 59 105 12
74
0
32 17 1 45 37 61 2 116 56 81 38 72 134 96 73 107 138 64 146 7
75
0
33 22 1 27 41 85 4 128 46 106 27 72 166 81 66 67 129 43 142 13
76
0
45 36 1 48 34 66 3 133 48 98 37 88 187 104 68 83 115 65 134 6
77
0
24 16 1 56 50 67 2 157 34 125 37 71 113 117 73 79 127 68 126 8
78
0
34 19 1 49 36 54 3 123 31 71 28 63 126 115 59 90 141 71 142 12
79
0
30 22 1 42 34 61 3 114 38 97 35 84 156 95 79 73 145 61 98 13
80
0
36 10 1 38 46 82 3 125 33 92 45 67 173 127 83 81 147 51 132 11
81
0
32 31 1 41 49 61 2 128 48 99 33 57 153 93 76 83 166 60 118 16
82
0
31 14 1 35 49 84 5 130 52 103 28 126 139 94 57 107 142 70 105 10
83
0
20 33 1 43 25 91 2 139 32 94 41 81 154 121 83 112 171 44 96 10
84
0
24 42 2 38 35 83 4 133 30 68 25 51 122 129 78 114 181 52 161 15
85
0
54 34 1 42 44 59 1 164 27 88 38 54 174 132 80 72 151 67 105 9
86
0
27 19 1 37 39 65 2 130 44 94 43 75 150 129 88 96 110 76 145 12
87
0
53 21 1 35 57 60 1 150 40 93 46 102 106 127 82 82 118 59 130 10
88
0
32 15 1 36 24 114 3 141 53 92 21 76 156 109 89 100 144 83 140 9
89
0
39 18 1 57 32 92 1 142 45 69 62 93 127 145 52 99 185 52 106 11
90
0
27 22 1 50 49 69 2 161 49 82 20 64 163 111 71 83 118 56 117 9
91
0
38 12 2 45 46 59 3 122 45 72 44 60 155 103 57 123 163 57 93 10
92
0
23 22 1 47 47 52 2 121 33 91 30 50 121 123 87 92 97 69 128 9
93
0
46 25 1 31 36 70 6 101 45 80 40 49 127 103 83 83 136 77 117 9
94
0
32 12 3 59 38 63 5 121 37 90 30 66 156 121 79 70 138 77 134 10
95
0
29 12 1 47 25 71 3 145 50 87 27 65 140 115 58 79 140 69 156 4
96
0
39 24 1 36 54 69 5 137 42 71 33 73 144 96 72 97 166 70 101 7
97
0
30 23 1 36 35 88 2 151 40 86 33 80 146 133 63 70 120 66 155 9
98
0
35 20 1 28 32 65 5 143 35 71 30 78 136 97 103 79 146 44 114 7
99
0
30 16 1 36 50 83 1 154 42 81 31 54 121 153 89 85 145 81 121 13
