50
20
993206
0
0
40 75 38 18 49 85 109 57 214 53 111 36 1 85 27 5 15 5 155 3
1
0
20 45 29 17 33 122 64 41 209 65 90 33 1 77 24 5 14 7 161 2
2
0
38 63 32 13 17 110 64 68 189 71 100 26 1 92 29 3 14 6 170 4
3
0
48 54 38 22 27 127 124 60 217 106 94 43 1 83 21 2 15 7 159 2
4
0
34 68 30 20 32 103 89 68 186 72 75 63 1 56 39 1 11 5 138 4
5
0
30 89 38 13 29 98 66 52 256 69 91 17 1 78 34 2 16 7 120 4
6
0
28 52 28 14 40 78 63 51 206 63 84 45 1 67 20 1 13 7 204 3
7
0
47 77 30 29 50 81 86 49 194 85 84 59 1 80 20 4 14 9 211 1
8
0
30 58 25 20 23 106 94 54 217 58 117 31 1 65 12 3 12 6 164 3
9
0
34 43 55 18 28 77 91 30 186 53 71 44 1 94 30 3 21 7 128 4
10
0
36 45 40 15 27 119 74 44 163 51 99 44 1 139 27 3 8 3 162 2
11
0
37 41 45 14 27 73 112 36 209 81 70 42 1 89 26 1 14 4 186 3
12
0
45 63 32 13 42 104 103 56 209 64 91 46 1 116 17 5 14 10 159 3
13
0
29 66 37 10 30 110 84 46 171 83 61 35 2 93 29 3 14 5 147 4
14
0
33 58 27 31 24 97 78 68 198 69 89 37 2 70 35 3 11 5 123 2
15
0
30 69 57 19 29 91 80 48 187 71 68 50 1 92 22 3 11 8 146 6
16
0
35 55 33 22 37 133 81 41 166 63 89 57 1 81 29 3 21 4 159 3
17
0
30 56 41 15 37 102 79 46 210 77 74 56 1 74 20 2 12 5 149 3
18
0
39 80 50 16 24 94 95 36 194 52 77 51 1 79 19 5 14 5 166 2
19
0
54 100 34 21 32 131 67 41 220 73 76 45 1 100 20 4 17 5 166 2
20
0
48 93 42 14 26 108 80 42 190 60 80 44 1 76 52 5 11 3 150 4
21
0
42 69 61 28 34 131 85 56 224 63 69 49 1 63 25 5 9 8 136 2
22
0
36 48 36 17 40 104 74 46 180 61 80 47 1 88 17 2 19 5 181 3
23
0
49 50 34 15 45 94 119 58 182 94 56 46 1 76 16 4 17 4 178 4
24
0
26 61 47 15 24 67 98 39 222 85 77 51 1 95 34 3 26 7 134 2
25
0
42 63 55 18 32 101 100 46 219 50 111 66 1 67 26 3 12 7 180 5
26
0
41 66 52 15 26 111 113 42 177 82 95 52 1 87 25 4 13 9 159 3
27
0
46 67 20 17 60 96 82 64 208 59 113 47 2 73 25 2 9 5 159 4
28
0
30 61 44 17 35 124 89 67 210 90 65 33 1 73 26 5 15 9 134 5
29
0
55 60 36 23 44 97 79 48 214 55 64 70 1 72 25 4 22 9 179 3
30
0
36 53 43 13 44 106 65 32 222 54 66 43 1 106 22 2 25 7 170 4
31
0
37 72 39 14 34 113 85 65 207 86 83 43 1 67 27 4 20 8 141 5
32
0
23 73 38 14 33 98 82 55 236 85 77 42 1 83 35 2 18 7 170 2
33
0
28 64 27 17 31 91 74 62 192 71 69 53 1 78 22 2 14 4 185 4
34
0
30 64 27 17 26 156 96 77 206 58 99 53 1 82 29 5 19 4 135 3
35
0
42 52 33 17 44 120 87 60 180 67 98 67 1 79 24 3 18 9 138 2
36
0
35 70 46 15 28 78 97 47 152 105 84 51 1 71 34 4 11 9 178 5
37
0
37 64 30 20 28 104 97 50 160 46 100 48 1 93 27 3 14 5 140 3
38
0
40 52 47 15 32 125 77 50 174 49 102 51 1 92 26 2 9 6 147 5
39
0
40 71 39 32 46 118 93 64 234 76 105 43 1 74 36 3 12 4 121 4
40
0
36 55 45 19 50 95 95 49 204 67 88 31 1 78 24 3 19 8 132 3
41
0
25 83 42 16 30 135 78 38 211 80 97 33 1 95 33 3 15 3 157 5
42
0
38 47 29 31 40 81 96 37 175 77 78 54 1 98 34 4 13 4 153 3
43
0
49 51 33 14 38 100 87 80 209 71 101 38 1 60 21 5 16 5 160 3
44
0
44 70 47 14 22 103 89 46 211 77 82 40 1 69 27 2 15 3 154 3
45
0
36 51 26 11 48 126 71 50 226 85 93 45 1 89 27 6 9 5 215 2
46
0
33 66 37 12 33 82 85 61 216 69 80 41 1 79 26 4 16 5 154 3
47
0
49 49 39 21 38 109 55 52 224 86 100 36 2 68 18 3 20 5 182 3
48
0
33 53 35 15 24 130 82 36 215 80 72 31 1 92 15 4 18 5 161 2
49
0
37 46 37 13 28 150 112 49 189 63 58 34 2 76 30 3 19 8 174 3
