50
20
569504
0
0
210 35 74 62 11 42 27 113 25 59 39 37 89 23 167 5 9 159 47 67
1
0
152 37 2 20 23 0 64 54 61 89 78 38 44 42 88 2 38 8 53 5
2
0
11 99 48 11 17 20 52 17 0 22 32 33 71 35 6 147 74 11 125 75
3
0
5 22 79 13 83 59 2 26 3 58 7 23 18 6 39 13 2 112 29 133
4
0
86 56 1 35 61 14 10 38 119 46 2 90 18 66 128 68 99 202 21 12
5
0
0 47 50 74 63 21 67 17 53 53 106 12 46 40 75 14 10 17 5 12
6
0
48 82 38 17 19 26 10 93 69 39 46 52 46 6 45 15 16 46 21 5
7
0
27 5 36 175 89 81 19 92 4 15 2 12 6 30 29 41 3 165 34 24
8
0
120 69 21 38 1 39 32 109 122 29 5 62 24 7 29 6 8 93 118 31
9
0
22 44 63 48 29 11 48 66 64 14 112 37 43 0 80 93 73 39 23 5
10
0
4 60 2 2 24 5 18 9 26 0 8 29 110 57 35 19 14 141 5 15
11
0
51 29 46 91 25 13 123 6 32 8 39 6 35 60 38 2 120 18 24 82
12
0
130 22 41 39 45 35 60 64 43 14 71 18 52 61 41 33 4 29 12 52
13
0
6 99 3 24 23 26 21 17 37 19 14 79 6 9 6 4 2 12 105 1
14
0
155 79 24 164 46 110 36 140 71 61 91 34 131 8 34 50 2 4 49 138
15
0
30 251 220 46 22 100 66 74 46 13 13 13 1 86 40 266 30 34 76 15
16
0
30 28 14 49 62 8 65 29 54 133 50 95 25 2 9 70 25 104 3 5
17
0
3 15 11 153 78 13 42 71 41 2 9 0 32 10 228 32 11 69 84 28
18
0
92 89 16 68 17 102 21 30 12 4 64 11 41 57 32 7 15 22 1 11
19
0
17 22 14 55 74 91 31 29 128 33 59 56 74 78 21 60 49 7 42 24
20
0
2 169 5 156 52 12 9 44 37 81 80 159 26 38 66 3 17 43 24 0
21
0
54 2 2 126 10 13 34 11 1 54 31 39 15 12 61 63 59 22 7 10
22
0
12 7 107 11 9 41 21 16 58 8 25 16 44 6 179 29 7 46 45 15
23
0
2 97 17 17 1 3 5 42 42 1 6 24 14 64 31 3 20 18 40 4
24
0
19 7 25 16 154 52 88 14 43 32 9 60 35 99 11 92 4 111 129 9
25
0
3 12 25 13 7 98 48 67 38 31 61 0 4 37 138 25 49 25 41 46
26
0
11 151 267 79 91 34 19 35 27 7 44 44 140 59 76 36 16 25 92 22
27
0
19 172 17 24 3 4 6 71 45 97 2 95 80 29 28 52 10 31 9 59
28
0
25 9 11 112 61 14 14 66 27 10 190 71 47 60 132 55 17 113 18 22
29
0
17 11 212 35 241 32 6 121 9 17 26 17 85 47 49 54 107 28 57 103
30
0
2 90 69 30 10 69 34 53 46 42 121 8 162 10 49 143 103 48 63 20
31
0
93 15 61 34 25 56 19 246 115 33 66 97 98 37 208 7 6 63 39 33
32
0
25 3 82 25 0 21 100 46 74 106 20 15 117 7 60 69 23 122 18 3
33
0
20 50 86 33 24 22 33 77 11 49 42 6 63 17 77 46 40 143 39 53
34
0
52 64 35 11 3 41 39 44 26 53 19 15 6 73 4 75 144 80 36 43
35
0
4 52 97 86 22 5 34 16 11 51 1 6 19 34 127 1 33 3 18 29
36
0
14 18 110 67 65 36 48 26 117 20 116 10 8 32 72 9 19 30 53 3
37
0
1 60 37 2 113 28 81 8 84 156 33 14 7 33 148 7 6 128 32 5
38
0
37 31 201 50 37 21 25 23 77 8 3 15 10 51 7 4 42 9 27 13
39
0
62 17 57 77 0 1 39 117 6 10 3 26 2 70 151 13 22 4 25 40
40
0
8 5 7 26 64 41 67 29 48 127 4 16 20 55 7 11 0 82 110 34
41
0
54 1 28 175 41 68 50 26 58 82 66 75 10 20 16 76 99 107 22 26
42
0
43 63 34 45 45 83 63 17 147 54 26 84 23 52 20 4 39 49 77 22
43
0
79 21 14 19 103 0 81 75 38 15 446 239 13 38 41 2 103 9 85 71
44
0
135 2 5 61 43 50 52 34 4 30 21 52 26 2 1 17 30 82 21 103
45
0
201 45 177 33 92 87 12 63 2 50 6 137 12 5 243 16 37 106 15 2
46
0
15 7 15 6 38 18 50 24 79 29 37 5 45 54 12 114 36 5 57 12
47
0
9 49 44 14 46 58 57 6 154 98 44 246 35 30 56 79 10 36 1 1
48
0
107 16 12 249 74 71 44 15 111 3 12 5 62 21 95 45 7 134 42 52
49
0
33 52 5 35 28 43 76 45 1 22 101 5 3 3 32 7 11 100 15 101
