100
20
584626
0
0
46 36 39 63 18 9 63 14 4 116 130 88 89 84 56 154 28 42 14 2
1
0
35 44 61 41 19 10 74 10 2 119 122 114 88 77 64 124 17 52 6 3
2
0
48 55 67 59 10 5 47 17 3 113 109 117 105 130 41 164 18 56 15 1
3
0
34 47 78 67 21 13 89 31 2 131 118 49 46 82 50 145 21 53 16 4
4
0
27 52 61 53 7 6 65 32 5 158 110 78 70 97 43 130 33 74 10 2
5
0
27 31 49 46 15 7 67 22 2 145 120 111 63 61 48 136 12 34 17 3
6
0
29 57 41 54 11 8 66 14 3 128 108 77 116 85 47 115 23 52 13 3
7
0
30 45 35 69 9 7 64 26 2 148 136 92 77 94 54 113 21 68 21 3
8
0
38 60 60 57 16 6 75 19 3 121 109 91 84 89 63 129 24 64 13 2
9
0
31 45 36 59 16 16 81 18 2 104 130 63 72 74 61 103 18 56 18 3
10
0
23 63 73 57 14 8 63 21 4 131 85 83 59 82 33 146 16 51 13 2
11
0
27 45 46 49 7 13 64 27 2 144 104 85 87 90 80 124 22 73 20 2
12
0
52 57 44 36 14 10 68 22 3 104 129 54 89 47 58 110 19 66 13 3
13
0
39 58 59 60 14 9 61 18 2 114 156 86 81 116 51 121 34 44 7 4
14
0
37 43 63 66 11 8 59 12 3 110 97 64 75 78 62 155 26 39 18 2
15
0
33 51 47 60 17 9 61 8 2 104 109 81 97 72 41 127 31 61 18 2
16
0
43 48 56 56 12 8 79 21 2 135 96 64 71 85 44 127 19 72 15 3
17
0
39 36 54 26 16 9 65 22 2 122 95 91 71 99 42 101 22 54 9 2
18
0
37 41 61 70 15 6 54 28 3 96 116 86 64 106 58 122 17 60 21 2
19
0
28 43 52 54 20 9 58 14 2 132 118 85 61 84 62 141 17 55 12 2
20
0
45 60 44 71 16 11 79 13 2 112 143 57 92 88 42 152 20 37 20 2
21
0
32 63 40 54 18 7 63 12 2 110 147 118 61 106 55 169 27 36 15 2
22
0
29 44 49 82 17 13 92 20 2 123 138 75 68 85 63 104 39 58 20 1
23
0
27 41 54 59 17 6 61 22 6 105 138 96 81 85 67 164 18 65 25 3
24
0
31 40 51 51 23 13 61 32 3 114 145 71 108 70 39 152 31 54 15 2
25
0
41 66 46 47 19 8 58 24 4 102 86 120 72 66 39 137 24 71 19 2
26
0
27 33 61 60 12 8 68 13 2 69 140 100 85 110 46 132 27 64 9 2
27
0
32 37 63 51 24 5 61 18 2 90 133 72 83 81 57 138 33 80 26 3
28
0
23 48 71 63 15 4 73 27 2 116 98 92 83 84 50 145 28 83 12 3
29
0
31 46 55 59 23 12 64 18 2 109 104 112 88 111 33 134 22 51 10 2
30
0
32 42 78 39 19 9 68 17 4 125 88 86 70 109 51 127 25 40 13 1
31
0
29 42 71 73 14 11 53 13 3 156 149 85 93 86 56 129 23 38 12 2
32
0
34 43 45 76 9 6 63 24 3 126 102 74 94 73 57 108 35 61 14 2
33
0
24 32 81 57 10 19 81 20 1 151 155 70 80 74 60 137 24 58 22 2
34
0
36 51 63 60 20 4 55 18 3 134 141 80 84 75 48 138 35 79 14 2
35
0
35 28 56 70 22 9 47 22 2 147 132 82 79 100 53 153 21 55 22 2
36
0
35 53 57 61 14 11 56 17 4 135 93 68 76 84 57 122 28 78 15 3
37
0
36 69 55 79 9 10 103 28 1 105 108 91 71 76 55 122 22 82 13 2
38
0
41 51 77 50 13 14 54 19 2 141 98 88 81 78 67 136 24 41 18 2
39
0
28 33 39 57 24 12 68 13 2 96 121 64 110 79 44 119 31 66 36 3
40
0
47 48 57 55 10 8 69 12 2 100 131 70 77 102 45 110 18 51 12 2
41
0
41 78 68 60 13 12 44 25 2 105 88 89 80 76 52 125 22 51 12 2
42
0
21 61 51 53 15 11 66 29 2 100 122 73 91 59 71 131 16 54 16 3
43
0
29 73 61 57 11 12 64 19 2 127 90 59 74 107 69 137 21 40 14 3
44
0
40 48 57 76 21 17 66 23 5 126 129 81 86 89 68 155 23 76 10 3
45
0
29 40 76 59 8 5 56 21 3 93 102 59 67 131 43 146 20 78 11 2
46
0
28 43 50 62 16 13 89 24 4 117 126 130 88 77 60 163 20 56 12 4
47
0
47 42 47 32 12 17 60 18 2 122 109 82 89 80 75 186 20 46 10 1
48
0
25 54 44 53 19 9 60 18 2 96 122 89 80 94 36 143 39 51 17 1
49
0
48 46 69 47 21 10 75 18 3 128 110 75 81 74 46 134 26 54 10 2
50
0
26 76 47 40 16 10 62 18 3 139 125 122 69 88 83 132 31 69 18 2
51
0
39 41 54 70 12 8 81 25 3 139 118 105 98 81 41 116 16 63 14 6
52
0
27 60 47 40 8 6 50 25 3 113 134 56 108 90 66 137 17 74 17 4
53
0
53 39 59 58 13 5 54 20 2 151 107 119 81 112 62 94 29 54 8 3
54
0
31 45 58 64 16 8 64 22 2 153 117 93 64 66 44 97 18 64 11 3
55
0
37 49 52 57 11 10 70 25 4 140 108 75 95 134 57 149 30 75 22 3
56
0
28 46 46 54 6 5 52 20 1 111 106 71 111 83 38 149 22 49 20 3
57
0
31 50 60 41 10 6 57 22 2 130 126 93 69 79 56 157 36 56 19 3
58
0
31 65 56 50 9 16 72 33 2 123 138 67 68 73 60 108 28 41 23 2
59
0
28 65 57 56 16 11 57 24 3 78 75 89 116 120 38 120 34 59 13 2
60
0
27 41 61 45 9 16 76 23 2 115 112 120 80 54 54 124 26 61 12 1
61
0
35 38 52 57 23 8 70 17 4 142 104 103 60 79 42 111 21 69 18 5
62
0
43 72 45 39 13 11 51 23 2 88 131 79 79 86 65 122 19 51 19 3
63
0
54 60 70 60 14 21 65 22 3 101 142 114 83 83 53 138 19 43 13 2
64
0
32 44 50 48 12 5 62 21 4 115 168 106 99 87 57 146 11 55 17 1
65
0
29 62 42 77 11 7 66 15 2 145 188 99 89 86 47 109 34 53 24 3
66
0
40 57 50 60 24 9 74 28 3 164 103 77 77 74 47 151 15 56 24 2
67
0
39 59 58 79 8 6 64 25 3 150 129 105 81 84 57 106 14 63 13 2
68
0
27 29 68 41 20 15 69 25 2 100 125 64 81 75 56 164 26 73 18 3
69
0
35 43 73 90 11 10 77 20 4 100 134 101 61 97 42 126 22 44 20 3
70
0
33 42 28 43 9 7 79 27 3 119 110 77 103 84 36 128 34 54 19 4
71
0
67 53 62 56 20 10 76 19 4 151 139 107 80 73 48 87 12 57 13 2
72
0
28 61 51 55 20 12 54 13 2 99 76 65 81 88 52 126 23 57 13 2
73
0
25 53 49 61 8 10 52 20 4 111 102 81 83 107 53 146 28 64 17 2
74
0
34 61 54 45 13 9 49 16 3 114 161 91 97 77 66 144 27 55 11 5
75
0
34 43 63 45 11 22 45 14 3 133 75 70 85 64 74 117 26 78 19 3
76
0
33 37 63 67 15 7 68 22 1 88 140 83 93 79 37 119 20 72 12 3
77
0
31 53 70 45 10 10 52 19 2 108 128 74 99 97 48 141 19 56 18 2
78
0
28 45 54 31 18 7 65 16 5 109 132 96 84 80 67 124 28 77 21 2
79
0
29 61 74 57 20 7 65 26 1 131 92 96 94 79 39 124 21 54 21 4
80
0
35 61 56 76 27 13 81 20 3 100 113 113 61 99 65 166 34 56 17 4
81
0
35 48 66 44 17 7 76 24 3 95 134 59 108 102 61 146 21 46 15 3
82
0
34 49 69 52 15 8 44 22 3 118 92 88 65 76 68 145 22 68 14 3
83
0
34 41 77 43 22 9 80 13 5 117 114 66 66 112 77 134 30 70 15 2
84
0
28 44 44 40 11 11 79 19 2 111 103 91 84 106 89 146 19 63 12 2
85
0
37 58 53 52 18 11 61 19 1 126 103 90 73 69 45 138 22 90 11 4
86
0
24 31 57 80 16 6 65 19 4 120 128 68 80 110 40 188 23 61 16 2
87
0
42 37 72 53 21 10 92 19 3 150 98 92 51 97 84 115 29 51 22 5
88
0
46 38 61 41 11 7 81 17 3 140 127 93 85 85 39 120 16 52 13 2
89
0
29 56 36 46 13 12 88 21 2 156 98 72 56 69 39 114 38 42 15 2
90
0
36 55 30 52 19 10 55 21 2 98 105 85 70 85 59 130 16 67 23 2
91
0
36 35 51 40 7 8 56 17 4 140 133 103 110 118 51 102 29 63 9 3
92
0
28 47 49 48 12 7 73 26 3 121 128 85 87 100 49 152 18 47 7 2
93
0
23 43 41 72 22 12 70 16 2 161 89 86 90 103 38 152 22 52 17 3
94
0
17 38 46 50 12 13 83 27 2 109 115 82 82 82 61 108 28 51 13 2
95
0
31 56 51 37 15 11 61 12 2 136 103 101 78 87 40 146 13 59 14 2
96
0
28 54 38 60 23 8 41 27 3 112 123 101 77 94 57 140 23 58 14 2
97
0
25 47 44 66 12 6 97 30 2 117 111 92 104 72 51 133 34 71 13 3
98
0
36 41 71 64 11 8 88 18 3 125 94 94 86 73 38 148 18 51 17 2
99
0
31 48 49 66 20 4 44 17 3 133 119 117 88 52 53 140 43 49 15 2
