200
20
883456
0
0
78 2 262 90 47 5 9 31 34 57 21 42 24 90 126 8 6 14 38 35
1
0
74 3 253 71 50 11 15 14 57 44 25 54 25 93 111 8 5 25 40 50
2
0
100 2 204 77 35 4 22 11 57 66 21 58 16 100 107 6 14 25 46 46
3
0
107 3 218 82 46 8 22 22 56 52 32 34 10 88 139 10 6 23 50 47
4
0
94 2 249 76 59 7 10 10 43 75 26 58 18 107 136 8 2 32 74 42
5
0
91 3 263 88 52 6 10 31 60 57 20 54 12 82 120 10 3 27 40 33
6
0
113 3 202 95 42 13 23 19 35 46 36 69 8 104 110 4 5 18 34 60
7
0
105 3 216 102 73 11 8 22 76 70 28 59 13 70 110 4 11 21 50 28
8
0
96 7 219 79 44 6 13 25 72 71 16 46 22 99 103 8 8 21 49 44
9
0
85 2 208 101 59 4 12 14 71 68 18 48 16 109 138 6 4 24 43 41
10
0
77 3 217 62 57 7 13 13 47 66 14 78 11 69 145 5 4 24 59 28
11
0
67 2 216 95 37 12 12 25 47 46 33 64 21 87 117 10 4 29 30 41
12
0
128 2 294 71 72 8 19 22 47 58 37 74 13 91 126 13 6 28 59 31
13
0
68 1 221 93 52 6 12 8 56 73 34 50 11 81 140 3 5 22 73 63
14
0
82 2 223 65 50 7 5 13 75 46 42 60 18 90 106 6 6 16 47 39
15
0
80 3 258 72 71 6 18 20 54 65 24 61 18 71 102 8 9 26 55 52
16
0
100 4 185 99 54 10 19 23 68 51 29 64 17 99 99 5 4 20 82 44
17
0
83 2 225 81 68 7 15 20 60 44 22 48 27 107 112 4 12 31 51 50
18
0
67 2 226 69 61 6 15 25 38 67 21 48 14 81 150 7 4 22 46 46
19
0
96 1 263 88 51 5 17 17 39 68 35 33 13 77 89 10 3 21 49 32
20
0
78 1 236 101 36 9 10 16 49 63 17 52 24 83 96 9 5 27 58 35
21
0
87 4 213 77 46 7 12 23 53 65 27 75 17 81 104 7 7 21 45 49
22
0
92 1 235 71 56 9 17 16 64 46 47 51 14 117 110 8 3 27 58 30
23
0
115 2 251 93 49 6 14 14 74 62 23 47 22 93 127 11 5 21 49 46
24
0
58 3 207 61 49 4 21 16 47 69 24 61 15 98 102 6 3 22 55 52
25
0
95 1 239 96 53 5 16 21 57 65 36 51 15 99 177 7 4 22 75 47
26
0
92 2 225 44 56 5 13 19 51 67 28 49 15 89 138 4 5 16 47 26
27
0
113 5 187 60 54 8 10 24 48 43 22 45 18 108 119 9 4 18 51 35
28
0
99 6 247 72 56 8 18 14 52 50 30 72 14 77 111 7 7 16 47 41
29
0
68 4 247 81 39 9 8 25 49 65 18 32 16 115 107 5 4 28 45 28
30
0
99 2 270 104 50 7 19 23 45 51 22 62 16 98 112 5 6 20 57 51
31
0
111 2 230 71 57 6 9 31 66 68 23 55 22 67 125 11 8 30 49 46
32
0
80 1 193 71 42 9 12 19 53 81 25 58 25 89 101 6 4 19 52 38
33
0
82 3 222 68 55 5 12 14 49 51 13 54 26 119 148 7 4 19 48 33
34
0
85 2 261 87 62 8 14 19 64 42 24 47 12 108 108 10 4 25 35 36
35
0
93 5 253 95 49 14 8 13 56 46 23 51 22 74 101 9 6 13 43 57
36
0
86 1 189 96 52 5 21 17 62 62 25 54 18 104 139 9 4 18 38 28
37
0
96 3 188 94 43 9 16 21 46 84 26 51 27 95 121 17 5 21 53 42
38
0
78 4 230 89 46 6 15 18 42 65 23 53 10 83 113 6 9 33 81 50
39
0
92 3 241 82 49 9 13 18 43 52 21 65 27 93 118 8 5 24 46 38
40
0
100 2 203 83 49 7 16 16 49 64 20 47 21 89 111 10 4 21 58 45
41
0
114 1 181 101 38 5 18 12 66 47 24 61 24 64 110 12 4 29 54 41
42
0
99 2 220 79 52 10 15 15 54 45 13 38 12 73 104 9 3 25 49 28
43
0
73 2 258 86 44 7 18 15 69 68 21 60 17 103 139 5 5 22 60 50
44
0
91 2 208 86 42 5 14 22 55 67 23 49 24 60 106 7 3 21 47 51
45
0
88 2 236 82 64 8 23 37 53 48 29 53 16 98 93 5 7 32 36 33
46
0
81 2 197 132 68 5 14 12 51 36 37 45 18 123 113 9 3 25 59 37
47
0
81 2 251 93 61 7 19 15 49 54 36 56 21 89 84 11 4 19 46 40
48
0
77 3 236 74 38 7 9 21 57 49 25 64 19 83 102 8 13 23 49 39
49
0
83 3 210 73 37 10 12 21 57 57 22 72 14 86 148 6 3 13 55 72
50
0
86 2 233 82 38 9 13 26 39 45 30 45 15 74 83 5 7 22 48 44
51
0
115 2 243 82 54 9 21 25 69 61 35 57 17 84 111 3 6 22 52 35
52
0
76 2 245 79 42 6 18 19 66 61 23 56 23 80 147 7 3 18 59 39
53
0
73 2 246 80 65 9 19 20 56 66 33 38 20 88 109 10 8 13 49 27
54
0
85 2 272 61 52 9 15 15 40 58 27 56 25 104 128 7 5 19 41 32
55
0
87 3 245 90 34 7 21 15 33 47 24 52 13 99 109 9 3 20 50 43
56
0
77 2 247 78 52 9 11 22 67 50 28 63 28 60 133 8 5 22 49 54
57
0
102 2 155 73 42 10 13 20 54 47 40 47 15 62 131 8 4 17 38 24
58
0
76 3 192 85 42 10 16 23 66 46 29 61 18 76 117 8 4 20 58 54
59
0
103 3 228 75 56 6 19 23 58 61 26 38 20 78 84 8 8 29 65 40
60
0
116 3 251 87 33 5 15 28 41 51 22 58 16 99 141 5 5 16 43 53
61
0
93 3 266 79 41 9 22 10 41 43 31 51 18 98 131 7 4 10 44 30
62
0
102 2 238 70 61 8 31 24 35 40 27 51 24 91 94 7 5 17 69 46
63
0
118 5 258 101 53 10 26 19 44 40 29 56 20 91 103 13 4 23 51 26
64
0
105 3 216 83 46 6 22 23 42 49 17 54 7 121 138 5 3 27 58 44
65
0
106 1 200 79 61 8 16 17 53 56 21 56 19 80 110 6 4 35 62 38
66
0
100 4 183 85 35 8 10 27 50 59 32 64 23 86 139 6 7 25 57 37
67
0
99 2 245 81 35 16 15 37 48 48 20 48 16 73 93 6 8 24 69 33
68
0
88 3 226 52 40 3 18 12 47 58 22 42 17 84 115 6 8 34 54 30
69
0
83 3 206 98 56 6 16 28 62 50 17 52 15 117 114 7 3 13 49 37
70
0
106 4 246 89 42 8 13 23 53 69 29 38 22 69 127 4 3 27 60 50
71
0
75 2 257 72 52 14 16 14 48 59 17 45 13 87 121 6 3 17 51 45
72
0
95 3 253 75 64 6 16 19 71 53 21 56 11 83 132 6 4 20 71 43
73
0
83 3 238 105 51 11 14 17 45 48 19 39 18 92 141 7 4 15 33 45
74
0
95 2 221 85 40 6 27 17 56 45 39 50 23 118 117 7 6 21 57 48
75
0
102 5 231 86 37 6 15 25 41 62 20 59 13 113 133 7 6 16 40 53
76
0
89 2 246 81 53 12 18 26 65 52 18 44 16 99 122 9 7 26 61 27
77
0
90 2 264 89 40 5 11 31 62 69 28 49 9 82 133 3 6 25 54 63
78
0
106 2 251 93 75 4 16 21 81 42 28 37 14 51 79 7 4 26 32 24
79
0
75 4 250 86 43 5 12 23 62 41 23 46 28 85 119 5 5 34 61 45
80
0
93 3 211 91 59 14 16 20 52 52 32 52 21 104 132 5 8 21 42 38
81
0
103 2 221 70 37 12 14 20 65 42 17 55 16 102 115 6 4 14 51 45
82
0
82 1 206 67 59 5 15 9 66 72 37 53 10 74 113 8 3 15 40 33
83
0
61 3 191 79 46 5 9 15 34 41 24 53 16 111 117 7 4 31 59 29
84
0
86 2 234 89 45 6 21 23 44 45 31 47 13 95 114 9 4 18 49 40
85
0
72 2 192 86 56 3 14 35 73 55 37 26 12 118 134 6 5 32 51 43
86
0
83 3 277 107 75 8 19 19 57 64 23 80 8 123 106 4 6 24 40 33
87
0
99 3 228 58 61 8 18 24 60 62 17 46 15 88 114 8 3 24 51 43
88
0
95 2 237 90 36 7 12 15 63 52 26 55 21 90 157 7 4 24 51 60
89
0
97 2 228 68 59 8 17 18 45 71 25 65 17 102 127 10 8 28 57 47
90
0
106 3 220 92 61 12 18 24 61 56 41 54 22 79 126 4 2 21 61 28
91
0
101 3 236 85 61 9 16 14 47 68 34 53 14 99 93 12 4 21 43 47
92
0
106 3 218 105 44 9 20 23 63 54 21 69 18 96 93 8 5 30 51 47
93
0
85 2 210 82 40 16 20 19 48 48 21 56 11 106 128 8 9 18 39 47
94
0
79 2 228 109 37 9 17 17 45 60 27 55 12 77 116 6 4 30 47 48
95
0
81 1 238 79 38 7 16 27 53 66 22 56 19 82 131 9 4 20 58 27
96
0
87 1 279 96 45 11 18 29 58 58 30 83 25 91 159 9 4 16 35 61
97
0
83 2 181 82 64 5 14 12 59 75 29 83 22 81 135 7 4 40 56 48
98
0
82 3 198 84 49 6 12 25 38 57 34 45 15 113 147 14 4 21 47 47
99
0
111 2 240 97 48 8 17 13 51 67 29 52 15 66 153 9 3 18 36 38
100
0
76 2 257 77 43 5 25 26 74 52 29 68 21 85 152 8 3 23 56 37
101
0
111 2 250 62 48 4 20 14 42 55 21 62 17 84 110 12 5 27 36 40
102
0
75 2 186 97 45 7 17 16 59 41 29 65 19 137 108 7 3 31 37 47
103
0
88 2 306 77 38 7 18 13 74 54 21 62 20 115 112 11 3 15 69 34
104
0
78 2 218 118 40 8 16 17 51 50 22 39 16 74 131 8 6 31 35 44
105
0
83 2 224 94 59 9 30 30 54 66 14 47 11 101 91 12 3 24 48 27
106
0
120 3 187 75 39 7 19 19 61 53 14 45 28 81 110 7 4 24 60 57
107
0
82 2 211 98 45 14 17 24 57 53 23 63 19 124 145 8 7 21 53 59
108
0
76 3 252 71 53 11 31 19 52 40 44 51 32 88 131 7 4 22 41 56
109
0
99 4 255 76 67 10 13 21 48 53 20 70 10 69 119 7 3 30 52 45
110
0
90 2 213 78 46 4 10 26 66 57 25 66 16 78 100 11 2 9 69 44
111
0
108 1 232 66 58 6 18 15 46 62 37 81 12 70 126 7 9 22 49 45
112
0
108 3 300 56 42 7 12 14 42 54 20 57 15 102 146 14 7 29 55 52
113
0
98 3 274 98 43 12 21 10 48 59 26 65 10 104 136 6 5 22 65 35
114
0
77 1 224 90 57 9 13 30 55 62 22 59 17 121 106 11 7 21 50 25
115
0
76 2 244 103 54 6 11 11 47 42 31 34 14 86 88 5 6 24 60 48
116
0
126 3 216 82 52 8 18 21 46 47 30 58 14 72 101 6 3 33 54 45
117
0
82 2 265 104 50 3 18 27 49 55 31 42 14 78 139 11 7 31 52 28
118
0
87 3 219 86 41 4 17 35 42 53 45 64 11 52 103 7 7 14 70 24
119
0
80 3 218 73 36 7 21 22 95 54 31 59 13 85 98 5 5 27 42 36
120
0
88 3 214 88 40 7 10 25 73 47 29 46 20 98 152 7 6 11 56 27
121
0
77 5 178 77 49 7 17 21 50 51 20 61 15 103 107 7 7 28 52 44
122
0
71 4 235 74 50 6 13 38 62 43 27 55 18 95 106 10 4 35 49 38
123
0
81 2 198 112 49 6 15 21 42 51 35 43 20 80 109 9 5 20 62 41
124
0
117 3 232 102 41 13 11 22 38 57 34 50 12 98 134 6 3 21 63 44
125
0
103 2 218 88 40 8 20 30 70 31 33 51 18 101 126 7 5 28 40 28
126
0
85 2 267 72 30 4 21 26 44 51 31 38 13 104 112 9 5 22 44 62
127
0
85 3 190 63 42 7 15 26 50 49 23 53 26 105 157 5 5 10 73 33
128
0
88 2 246 97 48 7 23 30 45 92 28 50 24 94 125 5 6 18 50 46
129
0
106 4 224 107 44 5 12 30 35 62 20 63 18 71 143 5 2 23 53 39
130
0
72 2 254 77 65 8 18 20 40 44 36 65 16 91 109 5 5 16 53 51
131
0
107 4 212 84 47 7 13 27 46 65 39 53 10 93 149 4 4 29 49 42
132
0
68 2 248 110 48 18 16 20 39 78 22 48 24 92 104 4 5 31 58 19
133
0
89 2 223 86 46 8 10 31 53 47 31 52 13 81 123 9 5 14 47 39
134
0
101 2 275 88 35 6 13 19 36 52 38 57 14 116 136 5 4 19 61 51
135
0
65 7 234 74 47 3 16 18 35 38 35 40 23 96 114 7 6 34 40 29
136
0
101 3 197 109 50 7 14 27 58 50 24 45 19 79 92 4 4 19 68 41
137
0
101 2 263 90 47 10 25 19 37 65 36 39 19 69 123 9 4 13 55 47
138
0
75 3 256 57 34 8 12 20 41 92 18 53 11 123 123 8 2 30 40 41
139
0
72 4 294 103 60 5 14 15 75 41 24 56 14 121 100 7 5 21 34 42
140
0
51 3 258 53 61 8 14 18 52 49 39 52 13 115 161 6 6 17 34 36
141
0
80 3 230 84 53 5 17 15 34 45 17 48 22 77 118 5 4 24 60 74
142
0
101 2 227 96 46 4 16 30 47 62 30 67 15 96 117 11 5 20 82 40
143
0
103 2 181 78 54 9 21 19 81 68 32 42 22 109 158 5 6 16 59 47
144
0
84 2 251 103 33 10 11 19 49 75 23 45 15 105 94 7 3 26 53 50
145
0
99 2 184 59 65 6 18 27 54 65 32 40 15 78 123 5 6 39 62 40
146
0
85 3 255 49 45 8 21 22 63 52 24 57 14 93 107 10 5 13 51 61
147
0
106 2 230 97 49 10 15 36 56 56 31 46 17 93 129 15 5 14 40 44
148
0
80 3 201 87 45 7 23 19 63 49 25 56 24 80 106 8 4 20 50 34
149
0
113 3 179 79 38 10 17 18 32 66 23 64 19 96 122 8 4 14 40 28
150
0
76 3 218 92 59 6 28 11 55 47 26 50 18 84 123 9 3 30 51 32
151
0
69 2 290 76 39 9 13 22 52 53 35 37 12 88 77 8 2 23 47 59
152
0
76 2 233 60 50 9 14 31 40 54 23 70 25 100 118 3 10 21 60 49
153
0
85 2 217 75 46 7 18 13 53 72 35 71 15 112 120 7 5 16 67 34
154
0
98 4 257 71 33 7 10 26 42 69 27 53 12 93 165 6 5 17 53 42
155
0
93 2 198 88 45 8 14 18 62 56 22 45 23 86 114 16 5 18 49 26
156
0
82 1 228 83 34 6 25 13 57 59 15 68 15 97 121 7 4 23 70 48
157
0
99 4 232 69 41 15 16 18 73 60 23 61 9 76 121 10 4 27 49 40
158
0
95 4 257 75 60 10 13 31 64 57 50 57 14 99 116 11 6 19 46 22
159
0
82 3 285 78 49 5 24 27 96 55 20 43 20 90 126 5 5 26 55 31
160
0
103 3 185 86 66 8 18 19 58 82 25 54 29 107 100 6 5 23 43 38
161
0
79 1 243 97 61 5 23 19 31 46 22 61 31 102 113 4 5 10 65 29
162
0
109 1 235 55 46 6 22 20 58 53 22 38 19 112 103 4 6 24 55 54
163
0
80 2 206 112 41 5 14 32 75 70 12 59 20 89 162 8 4 18 71 34
164
0
86 3 191 76 44 4 15 16 48 57 47 58 14 108 125 6 6 22 59 34
165
0
89 2 224 87 43 7 15 20 49 55 22 59 18 68 145 4 6 15 78 41
166
0
82 4 230 79 43 9 31 24 39 52 15 63 14 99 129 6 4 22 73 39
167
0
78 3 264 104 30 9 19 16 56 57 15 76 24 61 127 8 5 27 52 47
168
0
93 2 227 89 77 4 8 25 47 77 31 64 22 134 115 3 6 15 69 43
169
0
77 3 213 89 35 5 13 26 75 51 32 45 18 63 89 8 7 14 50 32
170
0
83 1 217 63 55 13 17 18 58 67 23 57 19 102 86 8 4 19 55 38
171
0
109 1 240 100 67 11 9 16 49 45 35 42 15 116 108 9 3 27 53 39
172
0
85 2 217 55 52 6 33 26 56 36 30 59 9 71 73 4 11 23 44 42
173
0
75 2 225 70 55 6 8 23 61 52 16 65 14 127 105 9 6 20 53 39
174
0
82 3 202 52 65 12 16 14 57 65 28 46 26 80 112 4 6 24 66 52
175
0
82 2 252 57 44 4 15 40 63 58 16 43 14 95 117 12 7 25 60 42
176
0
150 1 253 83 38 9 16 13 59 52 23 39 16 96 151 10 8 18 63 32
177
0
120 2 184 108 41 11 13 23 83 54 24 60 27 108 175 9 7 21 63 40
178
0
88 1 209 91 54 6 8 21 59 72 27 42 12 113 114 5 3 22 56 43
179
0
88 3 203 86 57 5 18 29 48 66 33 56 16 87 120 6 2 17 64 32
180
0
111 2 252 96 77 5 17 17 45 70 39 41 16 102 88 6 4 21 48 55
181
0
77 4 256 93 43 11 16 21 54 75 20 45 11 139 120 4 4 21 53 38
182
0
86 3 199 97 49 8 18 15 62 56 32 50 20 100 160 8 5 29 102 78
183
0
76 2 238 63 37 11 16 25 93 36 22 54 17 76 116 8 5 25 45 37
184
0
91 3 246 73 56 14 22 25 61 57 31 59 22 97 125 8 7 21 54 32
185
0
102 4 224 54 34 9 14 17 66 42 19 41 22 115 125 5 4 19 48 56
186
0
83 4 249 81 33 8 12 23 51 50 31 57 10 113 70 7 3 28 45 36
187
0
72 2 250 93 43 6 19 23 46 46 26 55 16 117 108 11 4 24 51 42
188
0
79 4 233 82 54 7 10 23 56 68 20 71 13 55 106 7 3 11 65 62
189
0
92 2 229 75 40 12 19 16 64 67 14 65 28 80 106 6 6 13 60 29
190
0
74 3 226 59 49 5 16 27 38 49 18 55 17 96 132 8 7 28 46 36
191
0
122 2 245 93 44 13 24 22 46 51 30 49 15 99 110 12 5 24 39 57
192
0
94 2 209 111 38 11 22 19 47 60 33 46 29 108 97 7 3 26 47 37
193
0
60 2 214 87 47 8 13 13 53 75 28 42 14 92 126 4 5 22 58 47
194
0
81 3 247 95 45 6 15 25 51 64 26 57 15 78 121 6 4 20 58 35
195
0
81 3 212 87 67 7 10 13 56 72 29 76 16 80 123 7 4 19 44 48
196
0
84 5 251 104 53 7 13 32 80 52 19 48 7 96 101 7 6 20 52 40
197
0
90 3 247 74 43 6 29 22 39 60 24 66 17 82 114 8 6 31 51 38
198
0
95 2 232 78 36 8 14 17 39 50 21 53 23 81 104 5 5 19 43 54
199
0
99 3 249 61 41 6 17 25 51 52 22 52 13 89 135 5 3 22 52 43
