100
20
573486
0
0
52 43 54 48 9 21 8 46 59 71 116 21 46 37 72 133 15 168 152 27
1
0
81 41 59 31 6 14 6 43 79 56 91 54 58 35 75 156 24 124 157 39
2
0
86 84 65 39 8 19 7 40 37 63 96 22 33 22 70 133 27 128 164 49
3
0
80 53 74 28 8 23 9 71 40 83 66 35 43 24 87 119 18 145 167 40
4
0
51 52 51 31 9 13 10 47 52 55 76 39 48 26 80 96 22 212 112 44
5
0
68 48 64 42 15 16 7 40 50 71 75 51 44 28 123 157 13 161 168 37
6
0
81 44 77 24 6 14 5 39 41 70 88 22 37 22 66 166 15 156 139 35
7
0
49 66 71 28 8 20 5 27 38 54 76 40 44 28 117 123 17 164 188 37
8
0
41 46 76 28 8 17 10 56 41 51 83 41 24 14 97 150 22 157 140 29
9
0
70 70 61 25 16 14 4 47 61 56 81 30 30 25 125 124 26 149 174 58
10
0
64 62 51 41 8 19 6 42 33 61 68 32 27 36 91 140 20 174 173 26
11
0
38 54 36 21 9 19 6 35 40 57 85 46 37 19 83 139 19 138 159 55
12
0
84 68 56 26 14 13 7 43 53 74 68 24 39 24 80 131 27 95 141 32
13
0
38 75 53 35 8 27 6 43 42 54 147 23 22 36 84 130 23 147 128 47
14
0
63 58 52 21 9 14 9 65 41 69 84 50 51 33 112 89 29 176 195 35
15
0
63 52 47 30 13 35 6 51 61 57 80 21 47 37 92 117 17 161 122 31
16
0
65 56 69 32 5 21 6 55 41 56 105 22 39 37 119 123 17 183 187 46
17
0
66 55 79 16 9 16 8 65 60 77 104 23 40 31 82 125 15 130 165 30
18
0
69 41 34 26 12 22 9 21 41 54 76 32 34 31 124 153 27 169 167 33
19
0
60 75 39 37 7 29 4 49 47 84 103 20 35 23 126 105 23 199 174 49
20
0
58 56 54 25 6 17 12 49 48 83 84 44 41 42 98 137 29 179 167 35
21
0
69 71 51 36 8 18 6 46 37 53 160 39 39 33 86 117 21 183 154 33
22
0
55 54 51 37 8 20 4 64 44 90 88 29 45 21 85 127 30 177 116 52
23
0
58 65 63 18 5 16 13 52 36 56 99 24 26 27 124 132 15 148 151 31
24
0
66 45 42 36 3 19 13 55 31 64 122 30 29 21 100 137 15 204 178 42
25
0
65 81 66 17 9 21 6 29 36 71 116 32 58 35 72 119 21 151 160 24
26
0
68 67 40 27 5 19 10 33 39 40 75 43 44 23 106 97 15 155 138 29
27
0
79 66 47 24 6 21 7 36 45 69 66 37 37 27 79 91 31 166 197 33
28
0
55 85 43 36 11 18 9 41 39 54 88 25 32 26 85 135 25 184 204 47
29
0
49 48 58 29 9 18 6 40 46 51 69 23 36 30 95 122 29 193 144 48
30
0
72 52 46 19 12 24 6 54 69 54 71 29 51 49 108 123 14 164 179 33
31
0
93 48 61 38 10 27 5 45 57 42 83 49 50 19 132 155 23 104 168 50
32
0
89 50 38 16 6 17 9 55 61 75 125 17 39 25 98 121 30 117 139 31
33
0
80 51 43 27 9 29 6 41 47 64 75 31 35 30 91 140 10 113 159 49
34
0
55 42 55 44 8 15 7 39 41 66 77 24 38 25 97 104 18 155 204 34
35
0
50 79 46 36 9 17 8 33 31 46 82 36 40 23 75 135 25 173 199 42
36
0
64 47 65 19 4 22 9 32 63 65 106 35 39 19 89 150 22 178 162 51
37
0
78 74 40 16 5 30 6 29 51 41 83 39 45 20 93 148 35 198 132 36
38
0
70 57 37 20 5 14 10 53 59 45 99 30 53 40 80 105 15 110 174 33
39
0
44 67 38 25 7 22 7 54 42 59 105 28 52 43 94 176 16 152 176 32
40
0
56 68 67 18 10 16 5 37 62 63 89 24 57 20 102 141 26 145 168 30
41
0
50 56 43 35 11 15 3 31 44 69 76 24 36 23 129 108 23 180 204 26
42
0
45 65 57 20 9 14 5 37 52 82 101 30 27 40 92 139 18 132 102 40
43
0
51 84 43 30 5 17 4 49 69 59 70 28 35 32 87 145 22 191 155 54
44
0
79 50 29 19 8 26 5 37 53 50 88 37 46 21 87 112 19 192 192 57
45
0
72 33 44 36 4 24 9 58 42 70 80 37 42 40 78 122 16 143 139 48
46
0
48 58 33 32 12 19 8 57 45 59 86 31 60 34 108 126 19 141 115 30
47
0
77 69 37 27 8 12 10 38 54 54 99 39 38 34 105 127 25 170 179 25
48
0
66 46 61 23 5 24 7 66 44 92 86 36 33 28 87 111 12 122 120 31
49
0
63 61 48 22 6 11 11 29 38 50 78 18 36 34 65 164 21 165 172 36
50
0
68 51 51 25 10 22 5 48 52 52 91 25 55 20 86 98 16 183 145 26
51
0
78 69 36 37 10 29 5 63 55 74 88 31 52 36 106 134 22 193 190 48
52
0
74 55 54 23 7 24 4 47 46 42 83 36 47 36 90 112 24 165 141 47
53
0
60 60 49 41 11 11 6 56 40 73 77 31 32 35 136 144 29 119 134 30
54
0
48 58 39 28 6 33 6 48 47 56 90 27 32 36 130 89 29 113 146 40
55
0
40 49 39 26 8 18 8 37 46 68 99 42 40 20 81 158 16 156 135 57
56
0
39 52 37 24 5 18 7 54 40 61 90 48 54 28 81 131 24 153 132 25
57
0
54 68 42 31 14 18 7 29 40 76 82 22 35 23 114 123 24 161 131 23
58
0
79 72 75 28 15 12 14 44 43 56 77 22 49 34 88 136 15 144 134 42
59
0
44 69 55 22 10 15 5 48 60 39 95 30 30 20 95 125 17 149 126 21
60
0
62 72 61 35 8 22 9 61 45 65 113 45 36 38 111 135 23 141 126 29
61
0
67 42 59 28 8 23 6 31 54 77 101 36 29 28 79 112 27 122 170 29
62
0
65 58 46 24 8 25 7 48 33 58 81 32 35 31 83 135 16 150 179 59
63
0
86 66 54 27 5 26 13 38 46 79 75 26 38 29 71 185 18 156 124 40
64
0
57 55 71 26 6 23 7 46 55 56 80 46 66 34 98 139 17 169 174 38
65
0
49 63 62 33 5 26 6 42 54 55 106 21 36 17 88 118 21 187 159 41
66
0
64 69 51 37 5 17 6 48 46 72 91 22 36 33 119 130 21 207 172 60
67
0
34 67 41 29 9 29 7 40 44 51 77 45 45 41 97 113 18 228 150 30
68
0
84 52 60 25 11 20 9 40 54 67 109 45 43 28 101 133 20 157 155 25
69
0
62 55 58 31 12 26 4 35 44 52 76 39 36 24 80 132 16 140 142 42
70
0
58 62 38 26 5 22 8 34 45 58 113 64 49 40 95 127 23 163 123 41
71
0
66 70 68 30 12 21 3 42 40 71 109 61 47 27 91 110 25 161 121 39
72
0
49 65 49 23 5 21 5 50 50 63 87 25 37 36 86 143 17 199 169 27
73
0
57 63 57 31 8 22 9 59 40 69 115 41 50 29 80 113 26 177 171 38
74
0
49 43 51 20 9 10 4 48 41 55 89 43 42 45 75 126 31 159 167 36
75
0
49 50 47 39 5 18 7 55 41 44 79 27 51 36 107 129 20 189 164 41
76
0
47 48 55 37 6 20 5 38 33 75 62 72 66 23 102 142 19 153 146 38
77
0
76 56 68 25 12 13 5 51 40 71 66 24 36 33 85 142 21 174 159 30
78
0
68 63 49 25 8 22 10 44 81 66 71 25 37 37 100 103 17 154 130 35
79
0
53 81 51 27 9 13 6 43 36 77 78 46 25 32 86 131 17 194 139 36
80
0
64 83 37 24 10 23 7 54 59 54 100 43 45 25 96 122 20 189 124 42
81
0
56 58 82 28 11 15 6 41 71 63 99 34 32 40 86 123 18 172 184 63
82
0
46 53 62 30 8 19 11 48 41 65 89 42 32 26 90 136 22 126 146 48
83
0
73 63 33 24 4 13 9 50 38 65 88 35 38 36 110 103 18 190 172 39
84
0
50 45 46 33 4 14 8 42 61 32 101 25 32 28 103 87 19 201 145 35
85
0
44 76 35 23 5 10 6 47 53 76 69 29 48 20 103 143 21 172 150 40
86
0
47 54 47 33 9 13 5 40 28 64 73 29 58 21 88 122 32 183 120 31
87
0
91 56 35 21 5 15 9 82 44 76 96 21 51 25 75 108 30 176 142 47
88
0
75 62 50 31 9 15 11 32 35 71 95 30 42 21 84 110 18 193 174 25
89
0
67 41 70 49 8 28 5 48 37 51 84 35 41 16 138 118 23 155 156 40
90
0
68 48 43 29 6 32 6 60 55 63 95 28 38 25 113 124 14 138 184 41
91
0
60 56 49 15 7 15 4 49 51 59 81 44 44 25 58 148 21 170 176 41
92
0
72 56 53 16 4 24 11 39 55 73 100 25 43 31 82 107 24 165 148 49
93
0
49 66 57 24 6 21 8 44 26 70 93 51 39 40 91 140 21 159 145 35
94
0
68 54 62 27 10 16 7 44 47 58 62 26 26 31 80 120 23 132 136 35
95
0
64 56 39 29 5 32 12 61 45 69 61 39 30 27 76 98 19 157 154 30
96
0
43 63 52 32 4 26 3 36 48 70 79 30 33 45 101 157 22 155 128 29
97
0
55 52 27 30 5 19 6 50 49 72 78 29 38 39 87 138 21 170 190 28
98
0
58 52 61 25 5 17 6 38 26 67 92 29 31 34 82 112 20 170 144 34
99
0
69 63 64 27 4 17 11 52 34 64 78 32 41 39 92 119 21 120 120 42
