100
20
184218
0
0
20 6 80 2 11 37 68 6 3 59 19 36 36 25 86 69 110 2 21 23
1
0
49 130 1 76 127 145 25 8 51 79 5 6 44 18 15 65 49 27 31 2
2
0
115 8 93 27 4 9 7 1 23 77 21 74 8 98 1 26 74 67 42 44
3
0
179 13 9 14 45 25 77 39 20 6 50 9 120 2 13 29 20 2 0 55
4
0
49 1 40 41 53 21 108 43 83 58 6 68 55 16 79 5 31 51 14 73
5
0
37 24 10 167 40 0 9 25 39 7 33 44 170 6 32 69 8 46 9 77
6
0
0 30 46 21 21 10 85 9 60 12 56 62 64 23 1 33 46 29 4 109
7
0
90 56 24 2 43 68 34 11 99 99 106 81 37 4 7 2 109 67 88 34
8
0
26 182 1 21 98 21 4 16 2 22 82 87 9 92 21 53 48 6 47 8
9
0
67 42 120 52 13 34 0 11 17 21 47 19 67 36 27 44 29 49 12 37
10
0
86 153 38 29 2 26 35 71 21 28 78 79 25 82 21 22 55 56 92 154
11
0
76 32 171 49 9 71 73 6 16 27 22 7 7 5 145 74 9 14 131 2
12
0
22 75 42 46 6 16 40 58 8 55 6 1 15 22 69 54 18 206 35 86
13
0
78 105 24 62 43 79 5 3 164 136 31 34 27 81 31 8 84 26 29 33
14
0
42 80 7 34 101 61 4 11 1 33 4 17 18 2 129 10 36 86 37 41
15
0
9 45 50 112 45 9 4 34 74 34 18 109 87 42 188 62 246 31 202 194
16
0
115 15 35 36 55 28 30 7 2 58 60 66 35 41 10 24 14 142 20 4
17
0
34 44 25 1 34 14 9 37 7 9 28 21 15 12 177 3 255 88 39 63
18
0
2 28 31 17 90 18 18 4 70 19 7 78 1 3 55 98 33 39 286 50
19
0
36 13 4 29 27 119 55 32 25 12 64 149 47 37 58 22 49 52 53 6
20
0
42 81 23 165 22 3 32 60 91 11 74 60 1 172 36 12 3 23 116 13
21
0
214 20 91 43 101 31 97 12 60 2 0 64 58 36 2 68 9 162 43 124
22
0
11 13 80 73 2 88 58 7 39 7 3 35 1 160 63 37 44 1 54 12
23
0
30 35 35 65 121 87 161 31 5 51 78 30 72 12 21 35 32 54 29 81
24
0
1 54 9 44 30 7 26 56 25 59 20 3 23 137 41 6 62 1 77 13
25
0
34 32 6 11 49 15 16 13 26 176 33 122 35 16 27 50 46 109 71 37
26
0
32 26 10 4 70 1 33 135 143 8 3 4 26 26 45 35 32 95 39 103
27
0
16 74 10 89 12 16 141 89 40 91 102 79 30 1 29 19 54 44 40 5
28
0
106 78 48 11 56 6 20 67 6 23 2 31 40 11 10 13 31 3 38 219
29
0
63 141 1 10 15 38 58 61 11 14 28 70 8 28 45 141 41 2 19 103
30
0
70 5 9 6 7 7 27 58 9 44 15 64 17 69 13 45 34 62 73 3
31
0
61 93 51 44 37 42 30 48 36 7 60 107 103 2 51 48 48 2 23 50
32
0
57 30 49 48 5 8 11 201 75 47 278 37 13 147 236 113 19 49 41 10
33
0
107 30 60 17 59 23 10 204 32 5 21 2 93 136 27 27 42 76 171 62
34
0
31 85 50 28 4 10 82 21 5 99 7 87 15 155 60 7 26 49 16 59
35
0
0 51 147 4 23 47 41 30 184 24 72 27 51 65 61 39 9 59 6 0
36
0
1 70 12 10 24 26 29 27 336 52 72 97 19 42 24 112 45 49 45 34
37
0
64 2 37 116 7 23 36 87 8 146 40 5 47 129 7 87 8 36 51 20
38
0
22 37 10 34 48 53 45 22 75 84 71 1 91 52 15 34 77 38 24 5
39
0
3 8 15 3 123 64 96 69 2 4 10 46 83 47 7 56 8 16 3 9
40
0
31 70 23 182 16 3 13 49 39 50 111 15 83 25 32 28 31 75 166 35
41
0
26 22 37 33 69 3 67 23 30 3 84 31 78 22 12 18 30 48 15 21
42
0
26 39 1 1 65 65 5 1 181 61 68 87 14 29 16 30 33 75 13 34
43
0
93 18 16 33 7 66 1 19 10 47 41 164 88 37 94 74 55 19 56 273
44
0
6 58 12 66 26 15 76 60 31 88 239 86 13 75 24 74 155 22 44 38
45
0
5 29 30 155 19 35 17 14 28 46 30 75 17 32 77 24 29 29 0 17
46
0
12 34 33 9 3 7 29 122 32 194 48 13 31 28 8 11 68 27 17 11
47
0
7 20 97 35 50 54 10 78 15 150 54 37 49 71 20 46 17 23 12 33
48
0
169 46 67 2 34 20 1 90 67 16 36 73 4 69 27 11 107 27 29 24
49
0
118 9 50 161 45 97 56 33 4 14 3 45 46 5 13 13 6 9 28 97
50
0
70 228 32 5 40 0 138 51 39 18 0 106 16 59 11 53 26 91 203 124
51
0
98 92 17 61 131 33 28 60 82 35 43 0 18 88 3 89 2 43 64 9
52
0
134 78 27 22 13 50 1 48 62 17 92 9 31 20 15 8 28 7 19 81
53
0
20 19 19 40 12 64 37 37 19 26 35 30 47 105 30 59 13 147 90 34
54
0
19 64 35 16 9 53 86 8 27 10 102 2 39 26 5 15 31 86 26 69
55
0
52 29 5 145 5 14 1 9 90 50 230 52 5 105 117 113 19 218 41 54
56
0
129 4 4 110 3 13 139 43 29 31 23 85 76 5 52 49 6 221 54 11
57
0
45 19 40 66 155 8 8 39 5 16 14 84 40 36 160 67 10 4 2 38
58
0
2 224 6 7 42 47 49 8 40 64 36 37 36 60 65 6 99 22 29 60
59
0
44 35 165 314 35 113 60 1 32 58 2 13 30 8 14 163 11 9 98 67
60
0
15 66 1 22 29 130 32 47 69 39 51 67 49 196 32 3 78 26 12 144
61
0
67 44 20 40 30 19 14 97 17 126 28 37 26 72 93 16 5 72 12 16
62
0
16 5 83 49 28 74 166 87 45 26 9 96 60 1 118 7 103 18 45 106
63
0
24 14 19 34 81 7 35 30 40 18 277 9 22 124 41 227 48 45 2 146
64
0
27 105 44 76 41 55 165 52 51 2 7 1 11 130 11 53 45 104 50 72
65
0
47 62 43 108 8 13 49 49 4 57 29 126 20 6 37 134 10 5 19 102
66
0
30 25 73 8 66 21 30 23 93 13 0 79 12 53 49 36 67 8 11 47
67
0
32 95 11 15 92 103 55 32 4 16 6 14 13 15 113 99 92 203 63 19
68
0
38 60 31 67 45 4 22 34 28 68 46 50 9 76 28 2 5 44 24 4
69
0
28 5 3 131 226 9 9 14 58 4 24 68 63 72 0 11 54 17 80 57
70
0
21 14 15 57 26 2 46 54 106 93 8 132 11 43 38 7 58 41 12 47
71
0
28 12 50 100 138 12 1 17 21 37 34 51 7 132 45 106 95 38 81 11
72
0
127 3 9 7 12 166 79 23 8 45 6 19 74 12 87 5 35 38 100 43
73
0
79 52 34 84 40 15 29 9 36 9 104 16 25 150 146 47 8 72 27 20
74
0
0 112 250 151 116 1 134 0 20 18 32 21 197 40 24 149 133 19 49 16
75
0
144 21 129 4 143 87 55 31 0 5 2 10 17 31 160 38 20 7 33 23
76
0
60 21 20 83 93 10 230 49 192 48 135 24 18 52 25 83 80 29 47 4
77
0
27 0 27 237 11 121 5 85 7 48 5 40 40 4 28 3 113 92 47 78
78
0
13 53 17 1 5 8 42 55 72 101 38 68 2 11 42 53 23 10 27 29
79
0
8 8 41 69 37 16 21 17 29 167 86 10 3 67 43 24 6 65 38 100
80
0
33 6 55 1 43 24 86 28 87 75 75 14 32 12 41 63 62 45 73 1
81
0
38 20 26 131 42 83 45 27 7 74 3 88 158 42 19 21 51 13 60 1
82
0
15 81 96 23 21 182 10 35 47 31 9 7 21 22 40 120 34 95 47 50
83
0
79 4 10 14 10 40 67 124 35 12 52 11 25 23 8 58 22 2 32 43
84
0
3 23 0 30 7 3 15 50 1 3 34 67 9 28 39 53 9 25 2 4
85
0
37 2 54 163 0 56 15 41 2 141 171 39 56 7 34 47 106 6 14 16
86
0
7 36 50 0 14 9 6 17 93 9 24 87 120 12 6 71 80 18 54 1
87
0
16 5 16 27 51 30 100 77 22 16 5 109 4 99 4 50 18 13 145 27
88
0
9 65 11 54 42 27 27 17 50 121 13 47 105 2 65 89 7 12 61 9
89
0
8 50 333 108 87 1 7 125 11 36 11 19 5 233 21 81 6 18 40 37
90
0
83 32 108 89 91 9 51 37 19 37 18 52 57 34 2 132 69 24 11 18
91
0
45 15 19 77 51 12 9 29 11 40 19 76 27 4 32 44 36 62 33 52
92
0
72 16 2 30 2 22 60 174 86 51 243 65 478 59 35 27 175 2 68 24
93
0
34 164 27 17 14 4 186 51 75 1 103 1 45 7 12 18 46 8 28 14
94
0
1 77 67 39 166 47 61 10 127 59 6 15 5 36 97 6 165 12 68 17
95
0
53 2 3 14 13 355 65 145 15 49 80 9 59 58 66 29 6 40 8 50
96
0
82 73 91 0 36 3 6 37 30 116 15 53 6 21 29 141 117 45 34 8
97
0
34 42 8 20 0 31 29 46 88 70 17 19 4 1 26 9 3 8 30 34
98
0
16 15 16 13 1 44 47 24 149 0 79 35 68 1 31 65 99 7 11 25
99
0
116 14 16 182 19 0 89 57 257 11 28 18 31 24 9 15 1 48 2 151
