50
5
285004
0
0
26 99 127 68 12
1
0
17 117 94 82 8
2
0
44 142 108 76 26
3
0
22 136 96 85 15
4
0
30 112 119 71 13
5
0
23 98 110 77 13
6
0
34 112 114 75 22
7
0
27 95 98 99 26
8
0
24 167 94 73 11
9
0
27 91 106 107 15
10
0
31 122 85 70 23
11
0
31 143 113 104 15
12
0
23 101 77 64 12
13
0
27 134 90 75 16
14
0
30 133 102 70 12
15
0
29 146 117 80 19
16
0
24 107 104 114 13
17
0
30 150 110 81 17
18
0
21 126 95 68 35
19
0
17 123 111 83 11
20
0
23 117 121 89 18
21
0
21 89 94 84 12
22
0
14 92 112 123 19
23
0
29 122 122 81 14
24
0
17 159 91 109 18
25
0
36 148 141 84 22
26
0
30 128 99 79 11
27
0
22 112 99 73 17
28
0
22 112 123 93 9
29
0
27 104 98 82 15
30
0
27 137 109 92 10
31
0
14 104 127 101 18
32
0
18 102 95 94 14
33
0
24 115 103 80 16
34
0
17 113 168 97 19
35
0
20 110 128 110 21
36
0
28 111 102 93 17
37
0
15 144 93 73 19
38
0
28 111 98 88 16
39
0
22 106 84 63 10
40
0
38 109 118 85 21
41
0
35 84 90 71 28
42
0
35 98 120 62 13
43
0
29 95 100 90 17
44
0
23 134 101 52 8
45
0
22 140 113 79 17
46
0
16 92 79 92 8
47
0
38 132 82 75 11
48
0
18 129 122 84 12
49
0
33 116 91 91 13
