20
10
280003
0
0
71 38 10 2 2 96 66 15 7 14
1
0
68 30 9 2 2 82 97 23 10 24
2
0
92 24 9 3 1 90 66 41 6 18
3
0
68 34 6 2 3 70 112 50 6 28
4
0
62 39 16 2 2 116 80 22 9 20
5
0
81 33 7 2 3 120 80 32 6 29
6
0
50 42 6 2 3 118 69 22 6 35
7
0
58 45 21 2 3 84 74 25 5 29
8
0
60 71 9 2 3 81 70 35 7 36
9
0
58 32 8 2 2 71 56 23 6 20
10
0
80 35 21 3 5 90 83 44 6 18
11
0
56 63 14 3 2 92 51 27 5 31
12
0
94 45 13 4 3 92 97 32 5 21
13
0
58 32 8 2 1 102 89 27 6 21
14
0
81 42 7 3 1 111 92 21 4 24
15
0
65 47 8 3 2 88 60 36 4 24
16
0
79 43 9 2 2 96 81 40 3 25
17
0
64 31 9 2 2 125 118 18 7 18
18
0
88 44 12 3 2 114 108 28 9 29
19
0
53 23 6 2 1 88 97 28 7 22
