30
20
857070
0
0
14 174 127 43 16 43 11 9 34 11 235 19 6 68 43 44 2 61 2 77
1
0
16 168 115 31 14 28 20 8 47 9 230 18 4 47 26 66 1 57 2 67
2
0
28 189 109 57 15 31 16 10 59 26 209 23 2 53 27 60 1 58 1 85
3
0
16 149 117 62 28 28 32 9 45 17 183 15 6 58 28 52 1 53 2 54
4
0
14 187 133 40 21 37 15 9 29 21 206 19 2 64 43 56 1 73 3 54
5
0
20 171 100 36 23 39 24 9 56 12 276 29 5 78 35 73 1 116 1 62
6
0
24 143 122 43 21 36 13 16 35 17 221 30 3 50 33 53 1 72 1 59
7
0
13 186 96 38 14 41 17 6 36 12 265 17 6 35 33 50 1 86 1 46
8
0
19 155 84 52 16 35 9 10 29 10 176 29 2 70 24 61 1 75 1 71
9
0
12 192 111 37 17 35 24 15 26 13 293 22 2 80 57 62 1 49 2 62
10
0
17 214 157 51 31 24 29 11 29 12 195 19 3 57 36 29 1 81 1 53
11
0
14 181 110 47 27 48 13 8 35 17 228 19 3 46 24 49 1 70 2 52
12
0
14 216 135 45 32 39 22 15 39 27 193 30 5 64 41 41 1 77 2 54
13
0
24 174 127 63 11 34 31 13 60 9 216 17 4 74 32 48 1 90 1 54
14
0
13 147 133 47 19 36 27 10 44 16 217 15 3 60 27 48 1 72 1 55
15
0
16 190 128 37 17 37 28 17 61 16 213 23 4 61 37 57 1 76 1 51
16
0
17 160 124 30 36 33 14 6 27 13 229 22 3 46 44 41 1 98 4 63
17
0
16 177 86 52 20 21 20 13 41 11 217 37 5 60 29 41 1 93 2 79
18
0
14 193 146 62 18 33 27 20 54 21 211 19 3 56 28 76 1 47 1 47
19
0
16 180 113 37 35 31 25 13 32 15 215 29 3 64 35 47 1 80 1 72
20
0
18 143 109 37 18 48 18 20 48 19 194 30 4 71 50 51 1 52 1 90
21
0
12 168 111 44 30 50 17 13 33 13 196 24 3 59 32 63 1 51 2 58
22
0
15 186 117 39 21 46 29 11 34 12 199 17 4 56 37 51 1 88 1 77
23
0
14 146 126 33 19 41 12 10 30 17 196 24 8 82 21 34 1 48 2 47
24
0
13 174 125 44 14 38 21 6 42 12 235 35 3 40 23 51 1 66 1 57
25
0
11 144 67 34 24 38 21 8 38 7 224 23 2 65 44 45 1 51 1 64
26
0
15 137 132 40 27 27 15 13 51 13 207 23 4 70 31 71 1 92 1 65
27
0
11 194 119 45 20 26 23 19 43 19 293 30 4 65 38 55 1 80 1 49
28
0
13 169 77 44 18 41 19 16 54 10 238 19 3 77 32 46 2 68 1 42
29
0
14 201 101 48 12 38 18 16 31 15 215 25 4 41 25 56 1 59 1 55
