50
10
459816
0
0
153 87 183 88 85 26 3 25 1 30
1
0
5 120 2 19 67 82 40 74 12 14
2
0
6 9 41 34 74 78 54 0 94 47
3
0
36 52 48 64 34 91 76 30 33 105
4
0
69 27 84 43 26 15 62 49 58 42
5
0
10 30 3 13 31 198 51 120 60 1
6
0
11 35 73 49 221 50 2 2 18 23
7
0
27 9 11 43 62 76 10 50 21 244
8
0
29 163 9 27 46 4 148 101 12 29
9
0
9 40 8 28 14 68 66 3 54 41
10
0
4 52 5 3 121 118 199 25 45 3
11
0
8 222 141 99 2 18 12 98 69 75
12
0
21 2 9 11 3 77 6 27 12 56
13
0
19 197 80 3 76 37 33 112 37 8
14
0
2 17 18 58 4 31 51 1 172 61
15
0
66 208 17 40 66 3 28 4 54 1
16
0
5 42 92 103 55 81 96 64 18 132
17
0
79 62 64 60 49 3 59 50 3 96
18
0
7 44 27 5 54 20 49 129 36 11
19
0
9 161 42 25 92 35 88 143 262 30
20
0
1 36 7 61 57 27 111 82 40 40
21
0
28 43 103 36 60 20 48 97 33 11
22
0
70 3 101 35 3 15 20 111 135 30
23
0
15 47 7 31 52 29 76 44 139 18
24
0
30 29 9 4 0 9 21 32 48 210
25
0
16 8 25 61 94 40 30 141 45 114
26
0
42 132 3 68 10 2 19 12 52 26
27
0
39 252 98 2 14 120 66 144 39 143
28
0
18 77 8 6 2 80 61 12 18 8
29
0
4 36 29 156 21 6 22 101 62 8
30
0
45 13 40 3 66 154 14 27 3 10
31
0
58 76 24 208 8 125 27 6 8 17
32
0
38 10 14 22 50 23 10 8 88 15
33
0
19 108 22 19 83 108 17 19 5 68
34
0
23 40 1 9 70 13 105 94 26 21
35
0
44 21 57 108 57 22 33 13 80 27
36
0
6 24 10 112 128 94 70 44 38 26
37
0
0 158 75 0 51 18 3 97 23 78
38
0
33 51 41 73 102 74 8 82 20 42
39
0
44 144 142 58 32 12 20 8 18 102
40
0
90 7 84 229 31 46 22 89 92 9
41
0
55 104 38 17 5 16 73 98 35 44
42
0
33 52 48 25 61 23 18 61 16 39
43
0
20 27 3 36 54 20 88 5 43 34
44
0
5 67 42 146 82 89 16 132 31 166
45
0
80 7 161 18 15 70 140 38 28 2
46
0
60 85 82 20 98 1 52 24 2 19
47
0
1 5 119 6 3 23 10 27 5 1
48
0
5 17 96 1 75 4 132 63 44 32
49
0
44 35 7 45 11 51 38 11 50 36
