200
5
874363
0
0
20 17 12 17 9
1
0
72 74 53 54 60
2
0
72 78 89 85 76
3
0
26 10 14 30 8
4
0
7 15 26 12 20
5
0
43 43 46 42 22
6
0
73 88 69 80 84
7
0
44 41 43 62 43
8
0
24 19 14 13 11
9
0
21 29 36 24 44
10
0
58 69 61 68 60
11
0
17 18 15 25 27
12
0
7 7 9 7 7
13
0
80 98 67 84 83
14
0
21 33 26 27 32
15
0
80 76 60 61 86
16
0
92 110 122 80 84
17
0
55 66 68 71 49
18
0
15 11 12 16 22
19
0
5 4 7 6 4
20
0
173 167 108 116 132
21
0
54 50 89 54 67
22
0
12 11 16 7 14
23
0
90 79 93 76 58
24
0
1 1 1 1 1
25
0
2 2 3 2 4
26
0
218 237 216 235 241
27
0
37 36 25 40 25
28
0
29 22 29 26 25
29
0
167 173 156 226 213
30
0
47 54 48 48 35
31
0
5 4 6 4 6
32
0
96 73 58 66 81
33
0
113 92 103 63 81
34
0
14 9 14 10 29
35
0
114 78 73 80 75
36
0
62 97 44 67 52
37
0
166 166 108 200 174
38
0
152 147 110 145 135
39
0
159 162 209 146 236
40
0
2 5 3 7 4
41
0
11 17 22 17 14
42
0
21 13 24 22 14
43
0
31 24 25 26 24
44
0
44 45 35 25 31
45
0
132 103 98 109 93
46
0
109 112 82 94 103
47
0
130 90 125 92 91
48
0
10 11 19 14 20
49
0
20 26 22 30 25
50
0
28 29 15 20 24
51
0
43 53 32 35 34
52
0
7 4 7 5 6
53
0
43 35 39 25 36
54
0
13 16 10 6 13
55
0
12 18 14 12 24
56
0
74 70 72 59 81
57
0
42 52 60 36 65
58
0
20 11 20 22 14
59
0
19 20 21 18 26
60
0
34 27 38 33 37
61
0
4 5 2 4 3
62
0
35 30 30 31 51
63
0
19 30 22 24 32
64
0
32 36 18 28 38
65
0
7 6 8 8 9
66
0
146 91 153 132 99
67
0
4 3 4 1 3
68
0
34 38 19 30 21
69
0
1 1 1 1 1
70
0
15 29 27 34 23
71
0
8 5 9 5 7
72
0
34 43 53 29 33
73
0
134 112 121 149 143
74
0
83 82 77 61 87
75
0
33 26 27 33 39
76
0
88 72 91 64 75
77
0
14 14 16 10 17
78
0
47 52 63 48 37
79
0
3 13 8 7 8
80
0
19 23 14 13 21
81
0
72 66 59 65 83
82
0
37 32 26 32 31
83
0
6 3 7 4 5
84
0
103 133 86 99 99
85
0
43 65 66 102 74
86
0
10 10 16 11 14
87
0
86 83 65 96 65
88
0
41 52 49 49 64
89
0
16 21 21 25 20
90
0
49 46 51 64 49
91
0
20 16 13 25 14
92
0
204 174 184 155 173
93
0
41 44 26 41 41
94
0
51 75 60 94 72
95
0
13 28 20 15 14
96
0
32 41 35 58 39
97
0
71 67 76 68 78
98
0
41 38 39 27 29
99
0
20 13 19 21 17
100
0
52 51 48 61 78
101
0
12 12 14 14 21
102
0
51 44 27 41 42
103
0
16 20 27 44 24
104
0
2 2 3 1 2
105
0
90 73 79 51 71
106
0
22 19 20 22 8
107
0
57 41 36 21 38
108
0
151 124 159 160 103
109
0
57 53 62 56 53
110
0
140 168 128 153 140
111
0
21 28 22 43 24
112
0
28 39 44 39 28
113
0
10 9 15 10 9
114
0
35 22 31 27 25
115
0
29 31 21 21 24
116
0
13 20 9 13 21
117
0
95 94 74 80 80
118
0
17 25 18 23 17
119
0
154 156 175 131 203
120
0
34 32 42 27 33
121
0
43 64 62 52 64
122
0
18 17 23 15 10
123
0
9 8 13 9 9
124
0
204 206 221 207 173
125
0
53 51 45 54 56
126
0
41 38 45 48 49
127
0
29 45 41 25 42
128
0
37 39 44 47 52
129
0
48 43 24 41 61
130
0
56 61 69 54 65
131
0
8 10 10 16 23
132
0
39 33 32 46 40
133
0
6 6 10 8 4
134
0
52 36 37 43 40
135
0
3 7 4 5 4
136
0
94 125 126 112 135
137
0
34 19 23 26 26
138
0
24 23 26 19 26
139
0
12 16 25 25 23
140
0
6 8 7 9 16
141
0
7 8 5 3 10
142
0
70 74 92 89 70
143
0
4 8 6 8 6
144
0
68 73 59 53 70
145
0
55 75 72 54 72
146
0
37 54 31 59 49
147
0
139 137 135 114 134
148
0
60 55 54 34 50
149
0
163 216 163 198 153
150
0
33 50 29 67 29
151
0
17 17 18 21 22
152
0
43 32 60 35 46
153
0
45 50 58 56 101
154
0
1 2 1 1 1
155
0
32 30 14 23 34
156
0
52 46 58 69 69
157
0
53 66 66 46 65
158
0
20 21 17 15 14
159
0
42 37 34 44 41
160
0
6 9 7 8 6
161
0
41 58 53 37 43
162
0
42 36 35 38 55
163
0
51 35 35 48 53
164
0
18 31 33 18 18
165
0
17 22 20 45 36
166
0
32 37 39 43 43
167
0
65 72 64 87 58
168
0
171 195 236 174 258
169
0
21 14 18 11 18
170
0
88 83 121 108 72
171
0
9 16 11 21 21
172
0
26 24 23 48 15
173
0
110 99 96 105 104
174
0
141 137 124 140 158
175
0
45 43 51 36 46
176
0
73 61 72 77 94
177
0
28 26 20 18 15
178
0
14 14 12 16 16
179
0
1 3 2 2 2
180
0
81 94 79 69 94
181
0
36 27 34 59 25
182
0
38 26 34 23 23
183
0
34 23 21 16 33
184
0
11 10 6 9 13
185
0
5 4 9 4 5
186
0
75 52 69 59 64
187
0
41 44 31 45 50
188
0
11 10 6 7 10
189
0
87 79 92 70 90
190
0
32 23 15 14 19
191
0
15 34 25 19 21
192
0
36 21 17 27 46
193
0
15 21 16 10 26
194
0
70 70 64 59 84
195
0
65 65 58 55 45
196
0
62 51 62 64 38
197
0
51 80 80 64 98
198
0
99 63 83 75 67
199
0
32 52 54 78 63
