20
20
567424
0
0
59 52 23 122 7 20 81 65 128 23 79 66 6 127 12 19 134 37 34 68
1
0
47 34 18 126 6 37 60 65 219 13 58 90 10 68 22 14 102 25 41 74
2
0
53 41 20 85 4 21 66 89 122 15 50 66 6 118 11 13 113 20 51 62
3
0
45 46 24 99 9 19 62 71 158 7 43 101 9 85 9 14 99 27 24 73
4
0
38 49 31 103 4 26 58 97 195 17 62 84 8 73 6 10 86 22 36 50
5
0
48 43 21 104 8 28 50 62 140 19 55 65 7 77 12 21 92 16 52 64
6
0
37 41 25 92 12 23 77 71 131 11 43 122 10 71 16 20 110 20 36 58
7
0
45 49 38 77 4 35 71 74 188 16 72 76 9 78 10 26 119 23 39 54
8
0
44 53 19 77 7 41 82 82 137 13 87 65 11 69 5 14 109 29 38 41
9
0
58 68 17 75 5 25 77 74 183 17 74 88 13 97 22 12 82 26 25 71
10
0
51 65 23 73 5 30 47 65 136 13 70 73 12 90 9 14 127 35 34 59
11
0
54 44 22 124 17 25 54 111 184 22 49 115 7 104 10 19 107 22 61 94
12
0
53 47 15 90 8 24 61 94 148 25 54 68 11 83 10 11 108 30 32 75
13
0
43 41 28 96 6 20 45 57 153 17 66 78 6 67 6 24 115 18 39 82
14
0
52 69 27 109 3 30 82 85 170 14 64 66 8 67 14 12 107 19 48 78
15
0
54 37 17 106 6 35 66 71 135 9 72 64 6 80 11 18 146 27 32 72
16
0
51 65 19 123 4 33 71 82 195 19 37 93 5 89 7 14 138 23 41 41
17
0
49 27 17 95 6 22 52 68 226 14 64 87 7 97 12 13 103 12 39 65
18
0
23 54 17 92 7 14 52 71 199 16 55 84 6 93 14 21 145 23 32 77
19
0
59 45 20 129 8 18 81 60 143 16 53 64 5 85 14 10 92 23 30 65
