100
10
633434
0
0
5 75 4 86 127 52 19 56 78 37
1
0
87 74 44 65 76 88 153 19 29 98
2
0
7 47 8 0 62 49 13 99 134 36
3
0
24 36 3 25 95 8 2 26 64 57
4
0
7 233 29 10 47 67 8 20 81 55
5
0
4 5 52 33 110 8 136 19 86 149
6
0
56 12 8 64 113 73 127 45 51 66
7
0
80 54 9 75 73 120 28 114 28 39
8
0
114 52 11 6 25 59 175 11 76 13
9
0
2 5 9 6 34 11 81 60 9 1
10
0
46 14 154 6 3 18 14 15 85 8
11
0
69 56 46 61 29 16 72 14 12 54
12
0
1 3 0 53 17 52 7 78 42 46
13
0
39 124 29 61 129 44 64 10 23 23
14
0
60 2 17 5 4 24 4 11 7 12
15
0
34 4 75 42 153 10 62 3 0 39
16
0
63 25 68 11 10 36 3 73 50 45
17
0
53 120 5 147 27 30 84 48 1 125
18
0
9 37 65 42 11 19 82 88 117 44
19
0
19 29 28 44 16 3 56 103 35 31
20
0
33 31 31 71 9 2 99 111 76 59
21
0
21 4 9 215 145 46 11 8 4 120
22
0
15 71 50 34 64 82 1 67 1 15
23
0
20 9 9 53 40 17 21 107 9 3
24
0
38 70 27 92 70 33 32 60 58 21
25
0
206 14 13 2 0 57 198 2 61 43
26
0
35 44 20 5 76 14 21 1 14 40
27
0
119 83 67 56 7 16 57 8 15 23
28
0
23 16 12 3 45 5 69 57 17 16
29
0
53 38 166 122 54 5 45 1 47 15
30
0
50 15 55 74 114 16 17 40 8 53
31
0
103 64 23 16 15 16 72 74 149 0
32
0
36 8 67 55 9 44 3 1 50 28
33
0
95 76 18 155 54 91 142 117 84 57
34
0
23 1 21 72 70 26 15 5 15 49
35
0
64 137 18 231 95 113 39 54 5 14
36
0
9 81 256 25 186 28 51 3 63 1
37
0
3 59 10 52 101 41 4 65 19 28
38
0
4 68 1 28 21 14 20 50 8 28
39
0
11 15 15 9 74 83 13 15 37 88
40
0
11 19 88 110 52 6 96 57 47 168
41
0
58 30 73 32 110 39 15 19 19 96
42
0
18 108 55 42 17 7 92 44 37 48
43
0
7 5 126 19 2 15 27 16 46 50
44
0
29 55 189 85 46 12 120 17 67 60
45
0
16 80 92 35 9 51 11 79 49 8
46
0
57 17 105 18 8 42 32 16 21 18
47
0
43 42 31 8 60 38 3 19 2 29
48
0
43 102 21 166 12 22 18 143 31 86
49
0
40 18 34 48 114 18 85 8 7 24
50
0
89 12 13 25 218 104 13 93 19 94
51
0
64 76 29 6 77 32 51 97 41 2
52
0
58 1 84 63 32 25 16 57 90 79
53
0
16 47 9 249 31 14 83 30 111 35
54
0
80 8 156 1 52 70 10 134 27 13
55
0
69 26 19 38 27 2 68 1 15 14
56
0
2 35 138 42 18 12 0 4 38 24
57
0
58 14 24 59 17 35 37 36 30 21
58
0
18 34 69 87 24 121 3 0 63 51
59
0
34 28 72 183 53 95 31 27 85 22
60
0
35 31 7 40 15 30 14 123 19 8
61
0
95 108 80 24 14 89 27 91 2 6
62
0
51 17 30 110 47 16 2 12 158 126
63
0
0 111 0 0 5 13 94 54 70 36
64
0
22 24 16 17 1 60 11 54 97 15
65
0
17 82 48 7 9 135 62 23 30 61
66
0
38 42 12 195 34 70 10 52 223 51
67
0
33 23 42 13 47 38 36 90 82 52
68
0
79 82 36 16 10 21 32 46 10 5
69
0
52 0 52 59 12 15 37 25 10 39
70
0
17 15 89 36 9 4 135 9 42 20
71
0
34 89 4 3 81 10 20 5 8 1
72
0
32 18 203 6 40 22 7 96 26 49
73
0
50 8 21 46 21 1 15 104 20 46
74
0
14 56 33 51 115 67 64 4 42 5
75
0
41 20 51 40 9 19 85 177 19 0
76
0
86 14 68 57 28 9 1 88 40 12
77
0
61 83 138 123 66 4 5 101 28 121
78
0
14 82 5 7 49 1 59 118 120 12
79
0
59 13 41 3 26 57 39 45 14 28
80
0
26 156 58 49 96 91 69 3 7 29
81
0
141 14 144 18 23 55 162 54 6 55
82
0
12 118 15 141 56 9 46 159 26 54
83
0
122 8 2 79 24 3 25 24 148 37
84
0
3 40 68 28 23 156 68 88 26 6
85
0
32 95 14 54 14 54 32 62 12 18
86
0
40 79 52 55 67 72 8 42 47 2
87
0
3 46 124 45 18 25 100 12 136 32
88
0
232 83 208 4 14 10 51 51 34 11
89
0
9 22 82 77 70 8 183 102 31 49
90
0
33 34 146 74 3 14 53 10 39 142
91
0
50 7 25 3 37 26 80 73 41 8
92
0
3 1 85 1 1 190 45 33 1 70
93
0
4 2 20 19 134 27 76 39 60 95
94
0
31 1 91 6 29 36 83 30 22 15
95
0
29 1 16 26 152 55 40 76 9 23
96
0
2 10 86 16 25 40 37 176 12 237
97
0
52 62 33 2 131 5 76 94 90 72
98
0
13 72 24 38 70 128 31 10 24 81
99
0
99 20 4 19 6 42 5 62 32 16
