100
5
699273
0
0
18 14 27 15 17
1
0
23 32 26 30 21
2
0
10 36 14 19 14
3
0
109 114 112 179 111
4
0
49 35 18 45 23
5
0
9 11 17 7 11
6
0
12 7 18 17 10
7
0
7 5 14 9 5
8
0
202 149 191 141 188
9
0
20 18 14 17 18
10
0
11 13 10 5 7
11
0
24 23 19 14 20
12
0
56 33 31 32 41
13
0
15 12 11 15 20
14
0
3 4 2 6 4
15
0
14 12 7 15 12
16
0
43 69 76 87 73
17
0
3 3 9 5 3
18
0
99 84 106 103 85
19
0
287 303 305 396 371
20
0
278 266 272 297 289
21
0
50 59 76 52 45
22
0
78 81 92 77 51
23
0
52 57 72 59 61
24
0
23 29 18 27 37
25
0
31 20 19 17 21
26
0
155 124 131 212 181
27
0
170 147 162 145 164
28
0
3 4 6 5 4
29
0
26 16 28 17 26
30
0
31 23 20 29 29
31
0
177 214 210 222 202
32
0
57 69 42 39 54
33
0
153 138 169 124 143
34
0
7 7 7 7 5
35
0
21 34 27 41 41
36
0
129 130 140 170 113
37
0
56 46 47 55 49
38
0
30 34 45 34 23
39
0
7 7 10 7 13
40
0
38 33 53 47 50
41
0
61 35 59 57 39
42
0
32 42 50 49 45
43
0
22 10 19 19 45
44
0
13 25 16 19 16
45
0
97 109 79 73 62
46
0
1 1 1 1 1
47
0
184 213 184 137 192
48
0
19 18 13 12 15
49
0
25 20 24 21 17
50
0
21 30 46 54 29
51
0
66 76 67 107 74
52
0
26 35 48 40 28
53
0
83 59 40 69 47
54
0
9 8 10 10 4
55
0
83 62 52 86 81
56
0
58 70 97 97 72
57
0
56 56 53 43 46
58
0
12 13 24 18 15
59
0
2 3 3 2 3
60
0
51 49 38 43 34
61
0
27 21 34 15 33
62
0
162 154 170 159 126
63
0
3 3 2 3 2
64
0
107 78 104 85 93
65
0
175 150 188 174 151
66
0
50 49 64 45 51
67
0
13 12 25 15 21
68
0
6 18 4 8 9
69
0
19 20 12 22 25
70
0
147 134 120 112 207
71
0
39 25 32 33 16
72
0
20 28 25 23 42
73
0
17 11 18 13 16
74
0
50 34 56 30 62
75
0
147 146 161 127 136
76
0
106 98 118 113 97
77
0
6 6 5 9 7
78
0
35 26 21 26 37
79
0
88 82 82 113 72
80
0
193 143 111 113 122
81
0
40 37 58 39 29
82
0
13 7 7 11 12
83
0
63 83 87 56 64
84
0
33 18 26 20 21
85
0
8 8 3 7 7
86
0
3 6 4 3 4
87
0
19 32 30 31 25
88
0
79 46 51 81 51
89
0
6 5 4 9 6
90
0
26 26 16 14 28
91
0
76 90 57 90 133
92
0
1 1 2 2 1
93
0
30 18 23 23 23
94
0
47 44 55 52 62
95
0
48 30 50 23 46
96
0
90 59 86 73 89
97
0
52 35 35 35 48
98
0
75 67 72 60 83
99
0
158 154 181 152 120
