50
20
260595
0
0
18 10 13 12 6 9 10 10 13 9 14 5 11 17 14 16 9 11 11 11
1
0
9 20 22 18 10 10 20 9 12 25 9 11 12 12 20 23 14 12 20 15
2
0
56 79 74 82 61 85 67 73 68 88 56 65 83 54 60 67 119 57 94 56
3
0
57 49 41 46 35 52 47 43 23 35 31 45 33 40 46 38 49 48 38 35
4
0
108 120 126 85 93 114 130 135 104 105 113 132 102 127 98 116 91 98 105 85
5
0
50 85 51 56 56 42 51 66 41 65 57 66 75 67 55 62 65 70 62 51
6
0
66 48 53 72 35 52 53 70 53 40 50 60 69 45 44 47 36 38 36 54
7
0
44 74 51 88 65 72 59 60 96 68 60 68 86 62 79 61 69 58 70 44
8
0
149 121 96 126 128 104 114 90 145 132 131 111 122 132 102 186 115 113 132 113
9
0
62 72 51 60 52 75 61 56 71 82 69 45 62 57 50 39 50 52 57 62
10
0
3 4 5 5 4 5 2 6 3 5 5 5 6 5 8 4 5 5 5 6
11
0
48 42 50 28 28 40 46 47 50 46 29 45 71 58 66 64 54 48 52 33
12
0
9 7 16 24 9 17 11 8 11 6 21 7 18 14 10 13 14 17 14 9
13
0
16 14 14 11 8 20 15 12 10 11 13 14 10 19 20 9 12 9 8 14
14
0
28 17 31 19 19 25 22 24 26 20 32 15 24 22 24 19 23 35 33 26
15
0
43 38 34 36 55 53 28 28 38 33 35 39 35 56 34 47 41 36 60 28
16
0
50 80 35 56 64 71 43 28 30 61 35 56 61 48 44 35 35 38 66 49
17
0
56 24 59 44 60 46 49 39 63 37 48 39 47 43 36 52 33 48 49 40
18
0
43 36 27 21 43 47 31 42 41 42 21 58 39 39 38 32 30 46 58 29
19
0
39 46 42 34 55 43 38 44 42 52 42 48 40 59 52 28 47 28 49 52
20
0
33 41 42 58 53 39 30 33 48 37 62 26 44 32 36 39 35 32 38 63
21
0
31 33 43 48 33 27 29 42 39 31 34 50 29 31 29 56 46 30 42 48
22
0
66 86 57 115 71 81 66 96 79 70 86 90 80 98 71 125 82 89 77 79
23
0
58 68 60 56 51 40 46 55 32 39 59 43 30 57 46 45 40 45 61 38
24
0
3 3 2 5 3 3 3 4 5 4 2 2 3 3 4 2 4 2 3 5
25
0
46 53 47 68 46 64 49 56 53 36 51 46 59 57 56 44 37 61 48 65
26
0
3 4 5 7 4 9 3 5 5 9 9 6 3 7 6 8 5 6 2 4
27
0
44 31 20 40 32 30 42 27 34 34 36 38 28 38 44 24 33 36 39 24
28
0
8 9 3 6 8 3 9 6 4 8 5 5 4 4 7 5 6 5 6 7
29
0
161 179 126 133 112 134 126 123 173 109 114 113 162 100 129 131 118 175 160 134
30
0
29 26 31 25 22 22 24 29 27 13 21 24 22 22 20 18 17 22 14 19
31
0
43 52 25 21 40 24 49 61 26 28 28 36 29 22 42 30 58 43 43 44
32
0
254 227 228 213 197 244 220 212 219 195 199 193 176 239 225 214 189 197 193 212
33
0
23 30 41 32 22 31 18 42 20 26 18 33 23 26 31 18 33 24 30 29
34
0
15 16 11 19 15 12 12 18 14 15 14 16 11 15 23 15 27 11 17 23
35
0
61 32 51 46 46 45 65 53 43 33 42 28 43 40 55 68 59 30 57 53
36
0
117 167 94 147 173 135 108 136 173 208 139 113 103 147 158 138 140 122 168 142
37
0
80 70 104 60 64 56 76 51 76 80 108 90 76 82 65 57 49 90 49 90
38
0
40 33 86 50 49 38 66 46 51 47 40 52 59 49 43 57 26 46 63 47
39
0
16 10 17 10 16 8 14 12 10 24 18 9 10 19 13 24 21 23 16 28
40
0
147 185 126 166 150 171 168 128 150 137 153 194 129 150 140 157 128 139 213 200
41
0
39 38 44 32 56 39 32 42 34 36 47 42 61 47 40 34 51 46 38 48
42
0
21 23 17 18 18 19 22 13 20 17 16 16 21 18 19 21 22 20 16 21
43
0
19 20 21 14 21 16 22 15 10 19 14 17 19 19 21 24 22 17 27 25
44
0
138 161 137 147 101 133 132 133 146 114 160 144 107 103 127 135 139 158 128 139
45
0
11 13 12 8 11 16 17 11 11 9 12 13 14 12 13 14 24 16 9 13
46
0
47 64 76 62 62 62 65 69 60 59 54 61 58 72 66 62 69 62 54 72
47
0
7 11 10 9 13 8 18 14 9 12 13 12 12 11 15 12 12 13 12 13
48
0
112 86 76 76 94 80 88 55 101 122 103 83 87 93 109 93 83 83 93 106
49
0
37 35 37 35 37 27 49 34 38 49 33 34 41 44 30 38 36 36 34 32
