20
10
328252
0
0
10 30 22 21 22 18 17 16 23 20
1
0
39 22 22 16 21 21 20 14 26 28
2
0
9 5 7 7 6 6 6 8 7 4
3
0
71 103 111 123 92 101 95 105 104 99
4
0
23 7 9 16 13 8 12 9 9 13
5
0
28 40 18 34 32 31 17 30 16 43
6
0
23 16 27 23 28 34 19 32 26 25
7
0
77 76 73 62 81 83 100 84 65 117
8
0
3 2 1 3 3 2 2 2 1 1
9
0
101 88 108 103 107 91 114 88 106 110
10
0
16 11 6 5 12 7 7 3 6 8
11
0
74 89 98 90 96 114 76 70 58 77
12
0
204 194 197 150 175 199 135 204 189 185
13
0
18 8 12 12 16 17 18 17 9 10
14
0
33 30 28 47 33 33 32 34 42 26
15
0
33 16 34 21 13 13 22 15 25 18
16
0
48 57 66 34 38 63 42 57 48 53
17
0
74 86 107 91 72 92 72 62 98 72
18
0
13 20 22 15 17 18 23 12 18 31
19
0
44 47 51 55 39 44 46 45 56 63
