50
10
959625
0
0
3 5 136 176 111 24 29 7 64 14
1
0
3 6 118 118 105 31 43 9 32 23
2
0
6 1 119 147 115 48 20 5 65 17
3
0
5 5 119 122 117 24 28 6 50 20
4
0
5 3 136 161 137 16 32 10 58 16
5
0
7 5 100 146 123 34 30 9 51 18
6
0
4 8 87 142 124 30 41 7 45 23
7
0
4 2 146 163 132 37 28 7 48 19
8
0
4 2 119 147 88 29 26 16 32 17
9
0
3 6 109 117 106 30 28 11 60 17
10
0
4 4 127 205 128 26 21 12 32 11
11
0
5 3 123 132 125 21 31 11 55 17
12
0
3 4 106 143 146 22 19 12 46 12
13
0
3 4 96 159 123 31 21 16 48 18
14
0
4 4 103 166 117 36 24 5 41 12
15
0
3 2 99 187 95 53 27 7 47 25
16
0
7 4 106 144 118 35 22 6 44 17
17
0
4 4 140 155 112 48 16 9 40 23
18
0
4 5 143 160 111 48 18 8 51 25
19
0
2 6 104 165 174 21 30 13 59 16
20
0
4 4 90 155 131 33 34 9 49 13
21
0
5 3 120 150 124 31 21 10 51 12
22
0
3 3 110 155 137 23 33 9 73 27
23
0
4 2 101 162 147 25 36 7 72 21
24
0
3 3 107 167 110 33 19 9 47 15
25
0
4 5 107 134 106 32 25 6 51 18
26
0
2 5 119 137 117 19 36 8 50 14
27
0
4 4 84 140 95 31 20 12 37 15
28
0
2 2 117 141 111 44 21 7 38 24
29
0
3 4 175 140 89 32 28 10 83 25
30
0
7 3 108 176 92 46 18 11 46 16
31
0
3 2 86 212 157 21 22 9 36 20
32
0
2 3 113 181 117 27 21 15 51 17
33
0
3 5 98 145 103 37 26 5 35 18
34
0
4 8 126 169 117 30 25 9 58 25
35
0
5 4 121 150 170 42 21 6 35 12
36
0
2 5 82 156 117 70 29 7 69 17
37
0
4 3 145 163 111 46 26 5 52 19
38
0
4 4 96 139 112 40 26 8 34 11
39
0
2 6 104 191 112 40 31 5 59 15
40
0
4 4 78 157 106 43 31 9 33 14
41
0
3 2 77 145 102 38 22 7 55 15
42
0
4 6 119 161 119 25 42 10 62 20
43
0
3 2 95 136 121 42 24 10 32 23
44
0
6 5 93 148 121 28 19 5 40 17
45
0
4 2 106 189 105 49 22 10 67 18
46
0
4 2 131 187 122 33 34 6 38 18
47
0
4 3 102 166 113 44 28 5 38 19
48
0
2 4 122 158 84 47 33 15 69 10
49
0
7 3 113 158 116 50 25 11 51 16
