50
10
898154
0
0
23 31 28 48 12 56 25 75 34 14
1
0
32 39 19 28 10 68 40 79 41 17
2
0
16 21 22 50 6 49 23 89 39 17
3
0
19 42 24 36 5 50 36 102 38 17
4
0
24 22 30 36 10 74 40 100 20 17
5
0
25 27 29 43 7 70 21 73 44 20
6
0
14 34 23 52 12 51 47 91 39 24
7
0
19 23 19 31 7 62 32 65 42 16
8
0
19 36 31 36 5 51 41 81 34 12
9
0
21 26 18 43 13 74 33 108 26 21
10
0
19 39 14 39 6 48 32 83 38 18
11
0
19 34 27 32 7 70 38 87 25 12
12
0
37 26 39 37 8 48 37 101 33 13
13
0
25 32 28 38 6 55 42 99 23 19
14
0
18 36 19 45 8 54 23 108 29 15
15
0
29 28 31 36 6 82 36 76 33 17
16
0
23 22 30 49 10 55 24 77 35 18
17
0
18 35 20 35 12 59 32 90 23 23
18
0
19 30 33 53 7 47 30 99 27 25
19
0
30 33 31 33 5 44 52 84 24 27
20
0
14 30 20 33 5 70 54 86 24 22
21
0
22 48 19 54 4 52 37 73 42 16
22
0
18 38 21 30 7 53 30 90 47 24
23
0
23 34 27 36 6 76 37 89 40 12
24
0
18 38 18 38 6 54 28 77 22 13
25
0
14 23 21 22 8 54 32 96 35 10
26
0
24 26 23 40 8 56 31 90 31 25
27
0
22 44 35 33 13 34 49 86 38 20
28
0
33 46 23 51 7 104 24 93 15 24
29
0
22 48 20 27 7 36 41 58 34 20
30
0
32 30 20 40 12 70 41 86 33 16
31
0
11 34 22 36 7 46 30 88 49 16
32
0
22 56 28 59 6 63 25 71 25 20
33
0
22 31 15 33 7 55 36 74 20 20
34
0
37 28 38 48 7 70 27 88 29 27
35
0
12 22 16 45 10 60 29 68 28 21
36
0
20 34 14 32 4 75 29 72 30 16
37
0
21 35 32 38 5 58 35 97 24 20
38
0
25 35 32 36 6 80 34 68 37 14
39
0
16 32 22 36 10 94 33 81 54 27
40
0
27 26 20 31 5 57 40 95 27 12
41
0
22 37 21 51 11 49 31 91 17 17
42
0
17 22 33 36 6 63 38 92 38 28
43
0
23 37 18 62 6 58 29 101 28 18
44
0
20 26 23 28 7 46 25 80 25 25
45
0
21 46 24 39 11 85 42 85 34 21
46
0
21 23 25 49 6 47 19 88 42 11
47
0
15 46 21 46 7 57 18 98 33 18
48
0
27 34 18 45 6 35 43 80 28 22
49
0
33 28 28 52 5 45 36 87 57 23
