50
10
897971
0
0
24 13 35 52 148 12 19 18 55 15
1
0
3 5 30 77 53 18 113 73 30 58
2
0
15 2 30 17 11 221 114 34 66 44
3
0
37 66 131 96 138 30 13 33 103 35
4
0
102 95 8 137 120 22 23 376 13 40
5
0
8 30 14 136 71 16 11 49 112 48
6
0
24 131 33 81 32 76 2 282 58 261
7
0
4 18 18 113 162 66 19 50 28 10
8
0
101 5 9 30 27 22 12 45 21 26
9
0
127 62 7 58 63 2 7 37 114 41
10
0
7 7 62 119 80 19 142 12 32 257
11
0
10 40 47 36 37 18 39 4 325 10
12
0
115 195 33 32 78 59 17 22 117 11
13
0
35 64 0 19 47 19 173 15 72 8
14
0
19 83 25 13 17 28 78 81 21 37
15
0
22 1 25 35 79 26 82 17 119 68
16
0
64 35 7 53 7 50 17 42 3 36
17
0
5 116 28 16 5 38 21 85 76 5
18
0
65 6 42 41 25 26 82 2 6 51
19
0
4 12 91 40 101 53 14 1 48 22
20
0
128 79 4 41 1 110 43 11 21 31
21
0
1 37 17 8 84 11 119 67 100 20
22
0
42 111 40 86 26 24 129 16 203 12
23
0
22 92 115 30 76 119 13 118 38 177
24
0
37 142 17 1 34 105 41 28 1 88
25
0
31 148 23 1 66 85 36 55 20 14
26
0
67 3 3 59 11 125 7 41 9 68
27
0
13 82 42 4 2 56 31 82 49 9
28
0
82 53 87 82 38 55 13 96 7 64
29
0
38 89 10 80 36 2 2 12 70 141
30
0
67 63 13 13 55 41 32 11 62 114
31
0
14 79 14 37 31 67 32 4 5 40
32
0
67 108 97 52 13 68 10 13 37 98
33
0
23 40 106 42 18 83 105 13 32 59
34
0
41 13 178 21 32 34 113 69 0 20
35
0
95 1 75 107 62 134 19 12 19 43
36
0
9 64 6 52 83 82 37 19 113 29
37
0
1 20 69 77 15 24 50 142 12 3
38
0
40 37 68 37 54 73 58 13 16 120
39
0
38 91 69 152 60 112 49 152 69 6
40
0
29 18 133 48 38 40 15 12 63 99
41
0
100 39 3 41 61 40 24 69 5 5
42
0
4 10 157 87 55 8 18 89 7 0
43
0
15 1 78 26 3 71 32 20 36 69
44
0
2 28 15 43 48 25 18 15 22 18
45
0
227 89 90 108 98 163 9 10 31 39
46
0
175 53 44 38 34 43 20 15 1 16
47
0
68 138 17 0 2 63 14 96 26 22
48
0
170 0 12 9 256 11 20 34 81 54
49
0
1 13 12 116 97 4 5 14 63 57
