200
10
488621
0
0
14 174 88 5 13 32 28 50 67 12
1
0
26 48 59 36 50 69 8 47 24 63
2
0
236 146 117 54 69 33 44 50 55 20
3
0
0 143 67 6 8 54 2 129 22 96
4
0
74 78 39 18 19 161 35 41 131 27
5
0
72 10 110 74 100 29 51 1 80 21
6
0
104 21 11 51 58 48 94 47 64 8
7
0
1 87 36 183 68 16 16 36 11 11
8
0
196 89 75 31 51 47 58 4 8 122
9
0
50 32 6 6 57 199 9 17 98 80
10
0
21 34 14 29 20 0 12 2 22 81
11
0
123 176 83 28 19 217 1 45 103 28
12
0
53 36 65 16 1 12 183 75 31 106
13
0
8 11 14 143 33 12 45 20 11 113
14
0
26 47 8 18 33 0 62 12 7 53
15
0
44 33 7 8 15 55 72 79 66 37
16
0
43 135 11 8 16 1 92 16 22 54
17
0
33 108 36 42 8 30 81 19 8 112
18
0
21 7 20 41 59 135 26 49 72 312
19
0
3 253 150 114 305 41 13 70 128 123
20
0
9 82 289 23 43 19 27 13 19 16
21
0
79 20 51 22 150 66 23 18 37 103
22
0
112 6 10 90 84 38 22 60 42 23
23
0
44 20 69 7 28 15 13 30 11 65
24
0
32 61 48 137 58 69 71 23 28 6
25
0
28 1 28 32 5 17 26 77 42 62
26
0
18 23 29 6 25 88 53 111 4 72
27
0
81 48 11 17 53 47 2 27 48 42
28
0
198 52 16 78 192 144 29 57 58 34
29
0
60 69 68 135 16 40 12 2 37 9
30
0
22 12 2 19 21 34 57 7 23 26
31
0
81 11 6 96 0 13 29 8 6 127
32
0
8 51 42 3 77 17 165 111 43 18
33
0
2 113 26 4 67 34 10 38 26 28
34
0
60 60 64 2 0 2 35 35 21 9
35
0
23 47 4 9 31 7 63 26 23 39
36
0
93 6 31 20 49 11 165 48 279 42
37
0
8 10 7 44 162 91 55 9 135 29
38
0
46 45 13 83 115 31 16 57 21 26
39
0
87 35 20 111 6 100 65 6 131 1
40
0
5 34 17 13 18 137 47 64 94 316
41
0
88 185 12 65 31 27 34 11 47 76
42
0
89 18 53 93 26 77 48 1 84 22
43
0
23 32 6 52 32 3 62 1 17 25
44
0
97 115 44 33 8 25 6 33 39 53
45
0
8 12 55 3 37 28 40 2 7 52
46
0
130 58 21 39 167 5 26 67 7 55
47
0
10 26 57 5 89 84 9 12 9 1
48
0
8 86 31 67 6 36 26 3 26 25
49
0
10 18 72 162 27 113 14 6 2 24
50
0
47 32 76 26 14 7 12 88 50 101
51
0
7 15 40 2 31 47 32 21 17 78
52
0
158 96 96 69 20 62 50 5 52 66
53
0
65 1 75 0 12 34 281 36 12 221
54
0
83 38 25 14 16 26 5 30 13 41
55
0
50 145 5 48 15 4 43 101 9 46
56
0
21 4 3 20 13 82 37 2 12 102
57
0
6 98 18 25 17 23 31 12 33 9
58
0
110 13 61 87 77 9 23 2 7 4
59
0
58 75 56 100 39 16 71 133 6 2
60
0
42 55 23 68 175 59 4 23 7 129
61
0
59 25 57 59 27 10 28 87 4 42
62
0
137 24 5 1 63 1 209 5 3 61
63
0
28 33 88 56 59 2 28 60 132 30
64
0
37 105 0 20 216 44 149 4 30 5
65
0
60 29 11 2 2 5 42 38 53 92
66
0
55 76 83 6 67 16 132 179 52 28
67
0
196 1 69 30 27 62 58 91 2 29
68
0
31 56 10 58 12 40 46 22 121 75
69
0
19 16 31 145 46 53 12 51 34 23
70
0
39 45 184 79 10 14 4 20 64 31
71
0
1 38 6 3 42 2 79 16 26 115
72
0
9 53 25 119 41 14 14 2 33 55
73
0
52 5 40 18 112 18 4 71 86 171
74
0
47 6 16 32 1 19 77 27 5 114
75
0
183 35 77 34 103 96 31 61 200 27
76
0
37 19 133 3 157 55 48 42 26 62
77
0
21 26 27 16 29 0 15 60 206 53
78
0
2 72 16 148 92 13 8 15 63 7
79
0
34 16 94 91 56 50 43 37 77 90
80
0
79 148 71 37 23 24 49 4 78 52
81
0
52 69 12 9 11 38 33 53 24 5
82
0
76 69 32 33 6 90 80 25 112 20
83
0
17 110 56 64 32 75 96 62 17 28
84
0
22 40 10 0 30 64 81 99 67 63
85
0
66 73 16 64 55 15 32 12 26 19
86
0
133 31 7 58 34 9 57 86 10 4
87
0
4 12 153 13 62 38 9 76 158 24
88
0
102 70 2 34 175 50 77 37 37 57
89
0
43 8 4 36 20 83 66 33 39 28
90
0
25 77 12 47 3 13 10 71 19 15
91
0
11 18 13 74 10 8 68 216 62 26
92
0
4 36 25 81 22 30 32 65 11 29
93
0
52 62 129 33 59 140 2 228 204 58
94
0
69 49 98 1 44 228 3 4 6 5
95
0
25 68 32 12 2 8 95 24 57 18
96
0
22 10 3 123 73 81 65 55 12 42
97
0
21 176 64 118 1 52 34 26 18 49
98
0
75 10 26 19 22 73 243 119 64 57
99
0
76 97 2 46 23 25 26 45 31 108
100
0
117 23 59 68 44 55 40 1 79 44
101
0
55 102 1 148 61 105 65 13 87 42
102
0
13 48 16 66 57 361 6 75 74 13
103
0
64 9 43 73 114 123 122 104 23 38
104
0
69 17 38 14 54 101 17 2 168 57
105
0
53 23 35 56 4 15 14 95 59 15
106
0
70 8 5 23 125 32 73 28 33 66
107
0
48 6 11 53 134 8 63 11 5 83
108
0
113 36 29 44 3 38 19 0 37 33
109
0
24 11 39 49 6 1 67 10 38 26
110
0
58 47 8 18 44 49 2 33 28 67
111
0
4 19 35 6 46 45 126 124 10 27
112
0
2 118 94 9 59 92 10 30 0 89
113
0
10 2 9 39 19 102 15 9 135 35
114
0
176 50 50 41 50 20 4 17 14 16
115
0
105 44 4 108 49 8 5 1 22 68
116
0
1 71 8 1 73 91 49 55 11 12
117
0
145 28 41 21 78 24 15 13 13 32
118
0
12 61 67 15 23 28 152 68 34 11
119
0
46 87 8 52 111 5 29 11 181 52
120
0
147 53 210 19 26 64 87 24 44 161
121
0
22 29 1 127 66 41 376 34 51 1
122
0
38 78 7 42 85 12 26 53 13 83
123
0
45 51 32 29 65 60 43 65 1 12
124
0
144 34 88 42 41 32 19 17 6 262
125
0
3 58 5 5 1 8 86 36 41 34
126
0
195 108 147 4 79 91 24 18 77 65
127
0
6 22 11 13 64 0 35 22 39 36
128
0
5 2 86 7 18 2 88 56 49 131
129
0
39 9 9 8 128 6 4 162 31 76
130
0
5 17 31 1 221 45 3 82 88 32
131
0
2 50 36 8 80 155 31 24 73 11
132
0
125 10 18 44 80 46 88 7 76 35
133
0
1 13 32 5 15 12 54 43 53 44
134
0
60 14 2 20 88 35 69 67 9 49
135
0
3 71 148 30 36 6 29 69 49 30
136
0
18 35 28 68 12 4 22 15 160 55
137
0
56 14 116 115 39 15 75 8 2 39
138
0
13 37 48 9 0 3 89 8 20 32
139
0
107 38 19 79 15 113 101 58 110 82
140
0
22 102 19 6 39 93 78 8 13 25
141
0
44 10 7 19 90 43 1 192 41 0
142
0
1 90 82 40 40 81 11 125 66 67
143
0
20 20 7 71 10 92 175 52 46 11
144
0
40 75 105 137 64 4 13 21 2 11
145
0
78 11 13 0 171 53 17 30 3 1
146
0
83 86 82 95 3 17 23 82 33 120
147
0
6 73 36 36 103 48 86 11 46 124
148
0
34 103 120 165 50 71 17 42 20 38
149
0
65 115 5 60 15 58 11 50 84 182
150
0
74 58 11 63 51 39 129 10 21 29
151
0
5 45 70 10 8 1 1 80 177 1
152
0
115 3 129 36 10 22 17 28 2 65
153
0
46 10 81 88 53 59 19 17 38 1
154
0
3 41 65 42 169 121 14 2 21 113
155
0
15 24 17 29 21 15 68 31 24 3
156
0
61 3 66 12 131 39 23 78 71 27
157
0
3 8 9 109 21 15 78 45 85 13
158
0
0 3 3 1 116 49 153 45 106 53
159
0
0 82 22 76 54 139 19 1 78 149
160
0
6 97 34 11 20 10 98 74 21 3
161
0
72 26 18 16 26 26 3 25 14 17
162
0
3 123 87 44 76 26 79 10 166 9
163
0
16 3 86 69 15 134 61 2 8 49
164
0
10 21 36 11 37 8 17 34 134 72
165
0
62 47 2 63 83 10 8 175 22 9
166
0
14 11 72 20 21 21 51 13 9 184
167
0
101 39 15 2 5 66 72 131 4 34
168
0
53 4 76 24 16 59 0 69 26 18
169
0
88 87 56 21 84 2 5 18 80 1
170
0
157 19 100 4 67 1 170 12 2 11
171
0
1 55 142 1 117 8 19 50 7 15
172
0
1 310 4 23 3 14 7 50 21 57
173
0
7 22 109 60 181 24 3 30 64 16
174
0
11 33 21 38 0 63 0 4 9 77
175
0
24 68 8 15 28 45 27 99 14 121
176
0
133 9 12 19 63 5 40 22 61 61
177
0
108 32 11 10 83 104 61 68 41 107
178
0
111 17 56 199 32 26 201 7 32 1
179
0
119 23 51 91 19 57 30 26 11 76
180
0
5 107 158 32 51 1 30 41 159 32
181
0
27 11 10 20 81 30 44 61 14 36
182
0
79 27 59 26 65 156 84 7 37 11
183
0
192 31 53 16 193 84 59 29 22 80
184
0
9 51 129 1 4 64 132 19 22 89
185
0
42 105 2 6 0 12 52 13 31 0
186
0
7 70 141 122 22 28 64 13 3 28
187
0
49 10 13 21 57 10 15 88 6 47
188
0
8 147 36 69 80 33 2 29 8 45
189
0
43 61 80 20 18 49 25 52 120 48
190
0
67 74 19 18 18 25 63 14 94 184
191
0
13 20 132 4 119 111 16 14 5 9
192
0
40 66 2 1 69 3 20 156 83 9
193
0
7 10 52 190 6 42 18 16 2 5
194
0
131 67 7 82 231 25 50 45 4 126
195
0
37 21 6 74 38 134 11 3 108 9
196
0
58 3 90 14 8 5 16 319 7 108
197
0
31 5 28 15 178 4 19 68 19 111
198
0
33 6 33 68 164 16 66 138 2 99
199
0
48 4 37 93 9 15 33 3 89 56
