30
10
627611
0
0
10 4 3 17 81 7 14 37 6 101
1
0
6 88 58 13 13 70 4 6 48 73
2
0
45 59 65 30 23 43 6 1 12 22
3
0
7 12 166 155 12 96 6 45 1 102
4
0
22 32 12 0 29 38 44 41 131 43
5
0
49 11 36 25 43 3 153 4 210 30
6
0
32 3 73 54 168 9 113 2 103 15
7
0
15 42 11 62 12 157 78 9 72 45
8
0
79 42 21 17 64 10 119 20 106 3
9
0
23 160 169 77 210 37 50 28 70 50
10
0
13 27 7 62 22 4 70 15 174 14
11
0
79 42 64 29 94 8 50 71 72 47
12
0
111 56 4 17 55 39 11 82 240 66
13
0
23 93 69 17 22 28 46 23 26 51
14
0
20 58 204 9 7 122 80 87 18 1
15
0
33 142 105 18 2 167 31 99 38 58
16
0
53 65 4 93 13 66 50 117 16 8
17
0
8 67 60 36 62 14 15 48 152 99
18
0
20 101 38 5 7 44 30 97 17 39
19
0
20 13 74 21 124 37 61 106 58 27
20
0
1 49 107 9 35 7 170 24 42 34
21
0
108 88 30 27 21 87 7 33 14 45
22
0
100 44 99 31 66 31 76 64 10 42
23
0
6 32 46 9 54 77 4 45 8 64
24
0
155 17 30 61 30 2 1 31 110 150
25
0
180 81 30 3 14 96 47 27 7 21
26
0
36 148 8 0 59 37 39 39 18 32
27
0
47 33 58 21 16 40 153 70 39 87
28
0
112 19 44 66 50 6 3 13 62 6
29
0
58 105 99 45 27 5 14 22 62 6
