20
10
361623
0
0
8 16 12 8 10 13 11 17 14 16
1
0
13 17 24 10 26 32 15 20 28 24
2
0
55 94 79 83 70 73 51 76 71 73
3
0
53 74 65 84 48 61 63 98 65 66
4
0
34 21 16 26 18 20 27 26 27 21
5
0
22 34 26 30 39 35 30 22 18 28
6
0
43 51 77 51 43 63 36 31 45 45
7
0
71 50 52 61 53 50 42 29 53 40
8
0
67 43 85 73 64 59 41 81 76 78
9
0
6 3 4 5 3 2 5 4 4 5
10
0
35 36 34 32 36 34 35 19 37 19
11
0
16 22 26 31 21 31 30 24 22 19
12
0
248 284 224 256 249 253 239 235 234 232
13
0
1 1 1 1 1 1 1 1 1 1
14
0
19 12 20 22 18 7 24 12 17 8
15
0
172 168 111 138 156 106 153 164 126 147
16
0
27 21 29 31 31 39 14 19 30 29
17
0
4 7 6 10 11 4 10 11 11 10
18
0
97 133 121 137 161 123 151 127 167 135
19
0
185 198 170 184 161 175 161 215 192 173
