30
5
744890
0
0
117 125 159 111 146
1
0
2 3 2 3 1
2
0
26 27 35 39 22
3
0
37 31 41 23 45
4
0
12 10 11 10 10
5
0
18 23 19 24 16
6
0
88 113 70 71 100
7
0
37 52 19 57 33
8
0
6 12 6 4 7
9
0
127 154 136 146 159
10
0
83 46 94 67 61
11
0
74 78 76 63 111
12
0
10 15 8 28 16
13
0
8 12 10 12 14
14
0
1 1 1 1 1
15
0
59 39 36 34 49
16
0
4 2 4 4 4
17
0
3 8 2 4 3
18
0
37 60 47 47 36
19
0
14 20 11 16 13
20
0
48 63 79 78 42
21
0
169 126 180 146 169
22
0
197 173 245 308 200
23
0
33 35 28 18 29
24
0
82 49 74 54 91
25
0
5 7 6 8 6
26
0
35 22 30 19 26
27
0
146 100 121 108 111
28
0
47 43 35 50 29
29
0
104 131 106 164 102
