30
20
265249
0
0
191 156 130 164 165 141 176 125 135 142 190 157 170 124 165 172 150 131 144 173
1
0
1 2 2 5 3 2 3 2 3 4 2 2 2 4 1 1 4 3 3 3
2
0
22 29 28 21 30 27 28 23 22 47 32 20 32 36 17 16 25 25 36 23
3
0
25 21 21 37 24 24 33 30 37 32 23 18 17 33 29 38 30 15 21 28
4
0
50 47 34 62 49 48 51 62 41 40 41 60 55 53 50 51 45 52 50 51
5
0
144 154 111 189 124 151 181 116 150 156 160 117 141 136 100 99 138 157 114 118
6
0
19 11 19 11 22 18 17 15 17 30 30 20 18 18 31 20 14 10 18 19
7
0
20 21 32 19 21 17 26 44 27 15 25 19 33 21 14 36 22 21 21 42
8
0
9 19 38 10 14 22 21 22 20 15 21 24 18 13 34 16 25 12 12 21
9
0
231 177 159 241 191 215 261 172 239 160 226 206 235 180 174 142 187 219 160 193
10
0
15 14 11 9 12 14 9 13 5 10 13 7 13 8 8 8 8 11 6 9
11
0
20 13 18 13 16 6 9 29 16 16 23 9 17 17 18 28 15 14 20 15
12
0
28 26 47 22 21 23 27 27 35 24 31 20 26 32 33 39 22 32 27 27
13
0
73 83 83 64 66 66 48 60 69 75 89 71 70 89 88 65 104 47 67 67
14
0
16 22 22 16 18 18 28 18 24 12 12 24 13 35 21 20 17 17 21 20
15
0
22 26 45 52 30 33 25 40 30 33 29 44 35 31 50 34 33 40 25 47
16
0
154 131 137 196 137 167 163 160 160 147 193 130 179 152 121 177 165 160 162 172
17
0
5 15 3 6 7 7 4 4 8 10 6 4 6 4 6 4 9 7 7 4
18
0
3 2 4 5 3 3 4 4 5 4 3 4 6 4 4 4 3 5 6 7
19
0
19 14 20 20 21 17 15 23 24 15 13 21 21 12 17 13 13 17 16 17
20
0
44 51 49 56 75 54 52 64 66 61 43 46 47 47 78 37 49 66 73 63
21
0
92 75 66 106 117 55 84 77 111 42 56 65 88 74 91 51 96 63 83 57
22
0
34 45 36 29 36 53 38 28 29 40 43 47 41 32 38 33 39 45 36 35
23
0
33 42 38 38 24 23 31 30 36 31 31 24 29 41 21 34 22 54 23 43
24
0
10 20 13 21 11 26 10 24 9 19 12 18 16 14 10 15 18 13 15 18
25
0
71 71 75 90 103 102 93 95 78 79 85 90 99 131 52 86 87 80 104 117
26
0
84 66 78 42 62 44 70 75 44 70 48 70 90 65 72 65 76 71 68 51
27
0
2 1 1 1 1 1 1 1 3 1 1 1 2 2 3 1 1 3 1 2
28
0
25 26 21 17 26 21 14 22 11 25 25 17 11 18 16 16 10 11 17 15
29
0
45 29 43 53 37 36 42 48 39 35 46 31 50 55 41 29 37 38 67 22
