100
20
811912
0
0
3 4 4 2 3 5 3 4 2 5 5 2 2 2 3 4 3 3 2 5
1
0
24 20 35 41 31 29 40 41 34 31 21 27 29 45 36 42 39 49 28 50
2
0
48 42 34 57 49 44 32 38 26 25 26 36 33 43 42 33 38 35 35 42
3
0
50 62 68 36 60 45 57 42 61 58 50 79 59 43 51 51 49 40 42 46
4
0
139 209 218 196 200 212 125 200 202 174 198 169 201 257 198 197 170 188 191 210
5
0
60 64 68 55 74 63 90 46 79 42 54 77 48 54 45 64 72 55 56 57
6
0
41 27 30 31 31 32 40 50 31 65 29 38 32 32 33 52 50 41 37 30
7
0
75 100 77 58 94 74 78 117 82 77 60 71 71 130 62 114 75 68 87 87
8
0
133 100 103 90 81 128 121 140 136 121 100 99 105 93 126 137 116 87 120 134
9
0
129 135 133 142 132 144 150 145 142 166 155 144 123 129 147 119 143 100 139 162
10
0
3 1 4 1 2 2 1 3 1 1 2 1 2 2 2 2 1 1 2 2
11
0
15 14 14 8 9 14 11 15 10 9 9 6 9 16 7 8 6 10 11 17
12
0
3 7 8 9 4 8 7 8 4 9 7 7 7 6 5 9 5 3 5 4
13
0
59 32 40 43 42 42 43 36 33 35 28 28 37 54 34 30 48 31 51 46
14
0
29 24 21 26 20 16 29 24 25 16 24 33 35 27 25 21 16 34 26 21
15
0
61 88 54 60 48 63 65 46 68 69 75 44 88 79 68 69 69 67 61 48
16
0
59 59 81 51 83 67 66 49 59 61 83 61 74 68 47 62 66 59 46 70
17
0
10 21 14 24 22 18 14 30 16 15 16 9 20 15 18 15 16 11 21 15
18
0
73 87 60 60 88 88 80 103 95 56 88 72 82 98 93 93 61 85 66 84
19
0
8 4 6 3 7 6 5 4 3 2 8 6 4 4 5 5 5 3 3 7
20
0
42 40 42 43 47 48 61 54 25 37 43 45 62 49 36 40 35 50 28 42
21
0
120 126 95 105 68 95 102 66 98 104 80 87 102 110 70 103 102 111 103 99
22
0
40 62 50 39 83 46 47 42 53 63 66 53 60 48 58 52 50 28 55 45
23
0
53 66 67 90 61 57 65 62 72 87 59 54 48 48 62 75 71 67 69 73
24
0
22 16 12 12 16 17 10 19 11 20 24 9 20 13 16 16 10 8 9 14
25
0
6 4 7 6 7 14 6 9 7 9 5 6 8 8 4 21 7 4 5 14
26
0
36 21 30 29 21 21 34 19 29 36 24 32 37 34 30 23 55 39 29 33
27
0
36 48 34 29 38 33 33 31 29 28 43 33 41 30 23 39 20 40 20 25
28
0
41 46 39 38 34 41 42 53 47 40 45 31 38 33 42 47 50 37 36 58
29
0
7 8 3 15 6 5 6 5 9 8 6 6 5 6 6 4 6 9 7 7
30
0
29 26 34 28 27 33 38 33 29 31 33 26 31 39 29 27 39 24 29 38
31
0
2 4 2 1 2 1 2 2 1 2 2 2 1 2 1 2 2 1 1 2
32
0
41 51 34 35 47 62 48 47 60 54 59 51 35 36 62 41 62 45 57 63
33
0
8 5 4 5 5 7 3 8 9 8 13 5 6 7 4 6 13 5 7 8
34
0
26 23 37 30 16 28 28 28 31 21 42 30 40 21 30 37 16 18 29 36
35
0
246 287 203 265 187 233 241 264 231 188 212 227 211 215 216 249 241 211 184 232
36
0
4 4 4 4 6 4 5 3 4 4 4 5 10 2 4 5 4 7 7 4
37
0
11 12 10 15 14 17 6 12 4 15 10 16 13 11 19 10 7 14 10 6
38
0
101 66 97 93 109 117 87 124 98 111 128 100 65 95 92 99 94 80 130 111
39
0
113 156 107 102 135 132 135 149 113 155 175 111 129 112 139 139 134 159 79 138
40
0
31 37 44 28 51 28 29 28 30 27 50 37 43 34 36 31 29 26 34 55
41
0
8 10 11 7 6 7 5 4 9 7 9 8 15 9 5 16 10 11 13 8
42
0
212 243 188 180 238 204 227 168 158 253 194 199 189 196 286 196 196 208 207 219
43
0
21 12 23 14 19 25 17 29 13 14 12 15 14 21 15 17 18 16 9 8
44
0
16 15 16 9 21 9 14 14 16 8 13 12 18 9 10 7 13 10 12 20
45
0
13 24 9 27 26 9 22 16 19 7 29 18 19 22 15 17 21 21 23 17
46
0
33 21 19 23 19 28 24 20 24 27 18 24 19 28 28 30 31 27 21 20
47
0
95 164 122 141 189 141 140 120 140 148 163 160 137 180 149 147 151 189 137 128
48
0
29 28 26 28 35 26 43 24 23 16 16 22 26 37 30 21 22 28 41 29
49
0
47 57 56 78 62 56 84 59 60 47 65 39 79 45 57 46 57 45 53 64
50
0
96 102 111 74 90 75 75 64 100 89 104 97 73 77 114 110 89 83 106 88
51
0
39 34 42 34 29 44 40 53 27 37 38 27 39 38 30 43 46 40 41 29
52
0
31 23 29 27 19 27 32 26 24 21 19 16 36 37 27 35 32 27 21 25
53
0
117 235 152 154 168 182 193 244 157 169 174 151 136 168 131 228 169 174 167 178
54
0
2 2 3 3 2 1 3 2 3 6 3 2 2 2 2 2 3 3 2 4
55
0
52 49 45 34 53 47 59 57 48 72 29 34 70 39 40 44 50 45 51 36
56
0
27 29 26 28 29 41 32 24 36 35 30 23 31 20 23 34 21 33 27 26
57
0
175 145 136 132 156 147 180 166 203 179 116 157 120 138 144 202 175 164 203 154
58
0
97 82 79 97 96 84 121 95 84 83 76 92 117 83 85 97 82 133 113 92
59
0
8 19 19 17 13 19 19 14 24 16 16 17 16 16 15 27 15 18 21 22
60
0
60 81 63 93 76 58 66 63 67 116 53 59 56 82 107 85 73 58 64 56
61
0
46 56 64 68 58 85 108 69 59 63 57 75 54 69 69 63 77 62 64 80
62
0
5 9 8 12 9 11 7 10 8 7 9 7 6 14 6 12 14 7 8 6
63
0
33 50 37 33 29 24 45 24 34 24 45 21 32 29 39 42 46 45 28 38
64
0
33 39 53 31 42 51 48 40 46 32 40 41 58 59 40 35 26 38 46 32
65
0
130 126 133 135 140 118 178 135 153 132 150 170 141 153 136 164 139 160 132 155
66
0
15 29 21 22 20 18 19 15 25 25 24 24 17 19 17 18 23 8 21 18
67
0
44 30 23 24 31 31 35 24 30 32 27 35 25 23 29 31 31 23 22 21
68
0
28 34 16 22 30 34 21 26 35 21 27 23 26 25 24 23 23 26 48 22
69
0
21 11 21 22 10 7 11 21 11 20 23 13 9 21 11 16 22 22 18 19
70
0
40 38 31 32 32 38 33 36 31 29 35 19 26 51 28 46 41 28 27 28
71
0
2 3 2 4 3 4 3 5 3 4 3 3 4 3 7 5 2 3 3 2
72
0
50 39 44 65 69 62 53 31 60 46 51 46 41 70 41 62 49 34 51 63
73
0
36 44 40 46 44 47 62 56 58 54 42 51 39 78 37 56 40 33 60 30
74
0
36 23 27 32 31 24 20 26 35 24 32 31 25 40 19 32 23 24 38 23
75
0
25 20 25 34 44 29 22 32 27 15 26 35 35 28 25 25 36 27 28 21
76
0
6 2 4 3 9 5 5 4 8 9 4 6 4 5 6 4 6 7 3 6
77
0
98 136 103 104 100 99 103 88 117 90 98 96 81 111 67 121 128 84 101 85
78
0
52 85 30 32 45 53 33 51 63 35 29 37 39 36 40 44 53 32 51 59
79
0
24 13 22 10 7 13 14 15 12 19 8 19 11 18 12 11 26 27 11 19
80
0
30 39 39 36 33 43 35 38 36 51 37 64 33 33 33 27 60 47 49 29
81
0
36 56 44 28 72 49 42 52 31 56 48 43 52 54 44 49 67 31 55 40
82
0
43 40 56 33 64 66 34 44 50 44 79 43 68 62 71 43 62 44 77 48
83
0
38 23 24 29 25 34 32 20 27 30 35 22 39 28 26 34 16 26 19 27
84
0
176 182 171 143 191 188 144 190 179 179 162 183 172 201 217 207 211 227 203 162
85
0
21 28 26 49 32 28 49 40 54 32 27 29 44 45 36 44 52 19 38 48
86
0
67 83 87 58 66 52 69 88 78 95 65 74 65 71 67 72 95 57 64 83
87
0
43 45 36 16 44 21 24 41 26 26 32 45 32 54 41 40 23 32 67 36
88
0
13 17 17 24 14 17 21 13 9 30 17 18 16 15 15 9 13 21 13 20
89
0
23 15 20 20 18 23 14 29 13 13 20 23 16 23 16 18 18 18 16 24
90
0
4 2 1 3 2 3 3 1 2 2 3 2 2 2 3 2 2 4 2 2
91
0
41 27 34 28 26 24 18 24 41 26 26 28 34 22 25 17 18 23 25 22
92
0
14 19 19 13 19 20 18 12 19 24 15 14 13 19 16 25 15 14 9 16
93
0
41 60 25 56 33 34 36 39 33 28 35 41 37 44 28 36 44 33 29 27
94
0
14 11 16 25 21 31 13 17 14 13 16 12 20 22 17 9 19 19 18 20
95
0
59 47 48 67 37 29 34 30 46 38 47 26 39 34 34 40 69 51 34 34
96
0
1 2 1 1 1 2 2 2 2 1 2 1 2 1 1 1 2 3 2 1
97
0
37 62 57 37 47 59 36 45 54 57 72 37 46 41 54 55 50 50 44 39
98
0
13 12 11 10 19 7 11 10 10 12 12 7 10 17 13 4 15 16 10 11
99
0
26 32 26 35 18 24 24 35 28 36 23 21 33 28 32 34 36 31 35 20
