50
10
394281
0
0
40 21 43 9 107 6 113 14 35 94
1
0
49 22 39 16 91 13 103 8 30 96
2
0
46 33 52 15 108 5 141 10 23 77
3
0
69 21 58 13 104 11 139 11 37 72
4
0
49 20 68 9 118 11 130 7 24 65
5
0
73 40 41 7 130 6 98 5 42 94
6
0
82 23 31 7 106 5 133 10 25 105
7
0
53 25 32 6 122 6 112 13 33 119
8
0
47 23 53 8 129 7 119 7 31 73
9
0
63 27 31 8 104 10 112 12 35 109
10
0
79 29 50 13 98 10 145 6 38 84
11
0
57 36 50 17 89 10 113 13 24 112
12
0
73 47 47 16 111 14 127 9 21 83
13
0
58 18 43 10 125 14 137 11 43 112
14
0
39 27 35 9 115 12 149 6 26 82
15
0
76 14 43 11 85 8 148 11 22 77
16
0
63 28 47 7 109 7 132 5 20 83
17
0
76 12 37 11 85 9 120 10 43 79
18
0
64 18 53 12 101 6 126 14 30 82
19
0
67 38 47 17 90 9 124 10 19 108
20
0
63 30 51 11 87 4 128 6 35 99
21
0
73 28 42 7 79 7 148 6 32 86
22
0
57 24 59 10 116 16 157 6 34 106
23
0
73 32 56 14 106 9 133 7 31 71
24
0
85 32 58 11 130 9 140 12 29 101
25
0
48 23 70 9 96 12 120 8 37 45
26
0
68 22 37 12 133 6 124 9 26 76
27
0
83 20 57 8 107 4 126 11 31 69
28
0
49 24 42 7 134 5 114 7 36 74
29
0
69 24 63 9 129 13 123 6 21 104
30
0
56 22 59 9 108 16 130 9 42 82
31
0
68 27 57 11 90 9 100 6 43 123
32
0
65 26 34 14 120 7 119 6 32 96
33
0
67 20 57 10 104 10 119 11 26 79
34
0
77 26 61 6 81 14 123 9 37 80
35
0
70 38 53 9 116 9 154 9 23 111
36
0
62 21 53 7 130 8 130 11 24 67
37
0
69 20 73 14 79 11 121 12 42 57
38
0
47 21 61 13 93 12 128 9 23 97
39
0
41 27 68 11 131 11 85 7 60 98
40
0
55 21 50 7 110 12 121 4 28 111
41
0
69 20 58 10 85 8 103 9 28 91
42
0
72 18 34 7 111 9 146 12 21 88
43
0
57 23 44 11 88 16 127 7 46 92
44
0
49 32 50 9 113 5 86 8 25 91
45
0
56 17 49 12 89 10 129 9 53 141
46
0
80 20 51 12 111 9 111 9 61 67
47
0
49 19 35 9 73 13 98 5 31 60
48
0
56 31 42 9 116 6 111 13 42 65
49
0
61 26 72 18 80 9 120 9 28 114
