200
5
703736
0
0
26 23 14 17 17
1
0
90 79 56 87 72
2
0
12 5 4 8 10
3
0
30 47 19 18 28
4
0
119 90 68 91 83
5
0
69 41 70 69 85
6
0
11 9 5 11 10
7
0
21 19 28 26 20
8
0
36 35 53 34 67
9
0
22 31 30 17 29
10
0
190 157 142 144 156
11
0
22 17 23 10 15
12
0
85 73 51 70 68
13
0
113 124 131 158 117
14
0
4 4 8 4 3
15
0
42 50 38 40 46
16
0
16 6 11 16 13
17
0
66 42 63 43 52
18
0
64 63 51 69 63
19
0
118 105 177 132 105
20
0
1 1 1 1 1
21
0
10 11 10 10 11
22
0
14 18 9 13 23
23
0
79 85 100 111 101
24
0
20 14 17 16 17
25
0
291 336 284 297 297
26
0
80 82 64 65 68
27
0
35 29 32 37 39
28
0
37 25 40 46 33
29
0
1 1 1 1 1
30
0
24 30 38 34 38
31
0
35 27 28 31 36
32
0
52 44 40 33 39
33
0
26 37 21 34 27
34
0
9 7 3 2 2
35
0
18 30 18 33 15
36
0
17 15 9 16 22
37
0
136 187 177 171 156
38
0
47 64 46 39 44
39
0
24 12 15 9 15
40
0
105 99 94 92 115
41
0
58 42 50 47 48
42
0
31 49 44 33 50
43
0
37 22 39 28 38
44
0
29 34 33 60 31
45
0
127 184 145 126 116
46
0
36 48 36 49 35
47
0
25 17 18 29 30
48
0
90 86 109 90 75
49
0
19 24 26 28 23
50
0
45 62 33 31 42
51
0
48 24 43 39 41
52
0
79 49 74 58 75
53
0
36 24 35 33 22
54
0
1 2 2 2 2
55
0
82 111 84 86 97
56
0
28 13 25 15 8
57
0
32 36 54 58 63
58
0
17 10 20 17 10
59
0
32 41 50 35 19
60
0
77 61 47 98 56
61
0
57 46 60 73 71
62
0
18 27 20 21 17
63
0
41 29 30 36 34
64
0
96 70 65 88 75
65
0
45 63 53 57 46
66
0
91 105 116 116 126
67
0
21 27 24 48 22
68
0
13 13 15 20 14
69
0
184 178 218 204 170
70
0
122 99 103 88 90
71
0
96 128 100 178 103
72
0
35 47 42 60 41
73
0
65 86 83 80 45
74
0
17 11 14 7 21
75
0
20 12 16 14 24
76
0
117 83 64 104 98
77
0
104 78 85 93 63
78
0
32 24 19 29 22
79
0
206 192 184 218 209
80
0
1 1 1 1 1
81
0
84 82 86 74 81
82
0
24 17 22 18 28
83
0
7 6 9 7 15
84
0
58 44 25 53 45
85
0
11 17 10 22 20
86
0
162 126 131 119 97
87
0
46 32 41 23 36
88
0
49 57 57 28 75
89
0
3 3 2 2 1
90
0
4 8 8 8 13
91
0
12 10 18 13 17
92
0
35 39 17 27 30
93
0
9 8 17 15 8
94
0
74 98 96 83 138
95
0
19 10 24 17 12
96
0
40 46 49 29 31
97
0
34 27 38 51 37
98
0
107 97 88 66 87
99
0
29 20 28 26 17
100
0
6 10 11 5 15
101
0
22 20 15 27 18
102
0
119 122 94 144 93
103
0
99 88 114 96 102
104
0
330 309 285 315 320
105
0
211 211 197 221 184
106
0
26 22 21 18 27
107
0
2 1 1 2 2
108
0
82 51 69 78 60
109
0
69 77 89 54 86
110
0
41 58 73 63 57
111
0
11 12 12 14 9
112
0
65 58 71 72 67
113
0
61 58 91 73 53
114
0
63 48 37 54 43
115
0
25 38 24 26 22
116
0
65 96 72 58 80
117
0
146 172 136 87 102
118
0
150 134 172 95 114
119
0
8 6 13 8 8
120
0
33 24 20 17 20
121
0
49 45 34 47 82
122
0
4 3 5 4 6
123
0
28 20 26 20 21
124
0
3 4 8 3 4
125
0
11 9 12 17 12
126
0
37 15 18 21 23
127
0
11 6 24 10 12
128
0
62 67 55 41 37
129
0
87 77 104 58 79
130
0
13 17 23 27 18
131
0
72 68 65 55 63
132
0
112 99 92 78 98
133
0
18 24 21 30 33
134
0
2 2 4 3 3
135
0
11 9 18 19 16
136
0
7 5 5 3 3
137
0
40 42 34 47 35
138
0
25 43 50 46 26
139
0
57 68 61 54 35
140
0
69 63 72 85 58
141
0
23 25 13 23 26
142
0
32 43 34 40 34
143
0
55 60 69 103 53
144
0
55 63 49 34 47
145
0
12 27 12 31 23
146
0
114 92 96 85 92
147
0
31 32 30 25 22
148
0
48 53 52 36 45
149
0
30 34 52 49 54
150
0
25 24 20 41 21
151
0
40 57 51 62 72
152
0
121 94 74 86 67
153
0
108 108 101 121 129
154
0
73 93 70 89 56
155
0
58 62 68 62 55
156
0
60 62 47 51 45
157
0
57 37 31 30 37
158
0
16 23 11 25 14
159
0
8 8 9 9 5
160
0
8 5 16 6 4
161
0
255 293 255 305 240
162
0
50 53 45 44 63
163
0
97 67 63 52 92
164
0
30 25 21 42 45
165
0
201 132 157 150 180
166
0
2 2 2 1 2
167
0
45 32 36 49 48
168
0
10 4 11 15 10
169
0
14 14 12 13 20
170
0
198 196 225 207 190
171
0
102 78 95 58 48
172
0
12 12 20 19 22
173
0
20 18 18 16 20
174
0
95 113 85 68 72
175
0
23 14 25 12 9
176
0
3 4 4 3 3
177
0
20 17 24 20 34
178
0
254 275 267 196 253
179
0
178 113 97 109 89
180
0
5 6 7 22 5
181
0
48 60 89 103 75
182
0
134 154 150 113 156
183
0
29 25 32 42 28
184
0
33 22 25 30 27
185
0
14 21 25 34 45
186
0
38 33 26 21 28
187
0
41 56 62 34 63
188
0
134 126 130 138 150
189
0
30 33 30 26 30
190
0
4 5 4 5 6
191
0
41 49 34 64 61
192
0
6 5 14 7 6
193
0
33 24 33 24 27
194
0
8 6 23 10 13
195
0
11 17 26 25 29
196
0
58 36 49 56 65
197
0
20 18 28 16 24
198
0
6 4 2 4 4
199
0
7 3 3 7 6
