200
10
935243
0
0
28 37 31 21 33 40 27 18 31 28
1
0
33 44 39 31 31 31 34 29 20 43
2
0
51 59 39 61 48 43 52 57 49 51
3
0
31 49 52 38 51 42 22 31 30 35
4
0
94 82 83 86 112 68 128 115 102 92
5
0
63 91 110 64 94 99 82 94 80 97
6
0
18 36 28 18 33 36 26 22 25 29
7
0
49 42 55 53 59 57 55 39 40 55
8
0
33 36 31 27 45 34 48 34 36 28
9
0
150 136 168 135 127 121 121 155 120 141
10
0
50 32 44 31 38 36 29 44 43 44
11
0
73 49 79 56 66 45 63 50 95 59
12
0
59 38 64 54 51 42 68 49 38 46
13
0
4 5 7 4 2 4 4 4 5 6
14
0
14 11 15 6 7 9 11 15 10 14
15
0
2 2 2 4 2 2 2 1 2 1
16
0
43 59 51 63 55 47 67 56 57 61
17
0
52 51 64 65 36 68 59 57 60 28
18
0
15 19 14 11 28 24 11 13 23 28
19
0
115 89 121 85 95 104 117 124 100 108
20
0
34 51 52 66 38 41 40 27 46 36
21
0
44 61 48 52 61 51 52 52 50 54
22
0
11 23 27 16 20 17 19 16 16 25
23
0
26 15 11 13 11 19 12 14 13 13
24
0
61 55 57 44 78 79 79 63 61 95
25
0
2 5 6 6 7 3 4 5 8 3
26
0
6 12 9 11 10 8 8 10 19 10
27
0
68 67 58 76 92 95 90 82 71 67
28
0
41 30 27 37 26 35 39 42 23 35
29
0
3 3 2 2 3 3 4 2 7 3
30
0
10 5 4 8 3 2 9 5 4 6
31
0
14 16 14 20 17 16 18 16 22 13
32
0
290 277 290 244 235 231 185 264 244 251
33
0
34 61 80 45 67 66 40 94 65 40
34
0
31 37 36 25 33 44 41 24 41 34
35
0
23 31 64 27 29 33 49 34 22 21
36
0
32 29 38 26 37 38 24 29 30 35
37
0
80 77 45 52 60 72 76 63 65 53
38
0
52 34 51 78 74 55 52 22 53 57
39
0
106 79 112 100 110 108 100 93 101 81
40
0
77 90 118 81 83 103 105 75 117 98
41
0
26 34 46 39 46 29 39 40 34 31
42
0
26 12 22 26 33 15 24 29 17 24
43
0
59 46 45 68 42 38 78 57 49 28
44
0
4 4 5 2 4 3 3 3 3 4
45
0
145 188 203 162 157 159 132 164 192 192
46
0
7 15 16 11 14 16 15 10 12 13
47
0
9 4 5 6 4 5 6 6 2 9
48
0
111 180 157 185 123 139 154 121 148 126
49
0
119 94 86 83 107 81 91 104 90 89
50
0
33 35 36 24 20 39 17 38 29 44
51
0
65 77 51 66 52 38 76 65 65 54
52
0
68 77 65 113 58 82 73 68 75 83
53
0
142 138 158 179 187 141 146 138 183 139
54
0
39 27 27 18 21 37 34 19 26 17
55
0
91 65 69 97 77 86 92 100 102 101
56
0
52 51 43 39 41 67 31 36 74 55
57
0
48 56 54 38 44 77 72 34 65 32
58
0
29 24 25 24 25 26 19 28 23 33
59
0
131 132 148 117 138 118 120 133 129 127
60
0
14 20 21 14 24 15 13 20 7 13
61
0
35 44 34 47 38 43 32 42 28 30
62
0
4 5 9 2 7 5 3 4 2 5
63
0
52 49 52 47 62 79 47 54 50 61
64
0
129 137 170 146 142 165 193 195 139 160
65
0
3 3 4 3 2 2 5 3 4 3
66
0
57 57 44 58 39 48 49 57 77 59
67
0
1 2 2 1 2 1 2 2 1 2
68
0
161 180 173 186 166 172 168 160 158 173
69
0
70 54 46 64 68 62 70 62 56 76
70
0
72 49 60 51 57 49 78 63 76 50
71
0
33 41 31 33 35 39 61 45 37 30
72
0
62 53 47 56 48 37 37 58 60 51
73
0
9 5 7 15 13 6 7 11 3 5
74
0
114 124 93 94 100 80 70 112 101 101
75
0
35 29 32 20 26 18 30 29 33 24
76
0
25 17 30 16 18 10 15 11 18 15
77
0
10 17 32 20 20 22 19 22 21 25
78
0
15 28 25 22 26 33 27 36 30 32
79
0
35 42 32 45 48 57 54 44 33 38
80
0
31 36 38 31 44 22 34 49 41 40
81
0
99 74 111 105 90 79 117 85 87 76
82
0
5 5 4 6 5 5 6 4 9 5
83
0
28 24 43 35 29 20 32 27 30 25
84
0
211 199 202 237 238 217 165 197 208 187
85
0
92 67 55 84 79 70 71 40 85 82
86
0
89 75 133 138 84 87 127 83 99 117
87
0
12 4 8 10 10 3 6 10 11 4
88
0
31 38 28 26 32 22 31 25 23 64
89
0
5 5 7 9 6 3 5 13 7 9
90
0
60 27 56 54 65 37 41 47 60 45
91
0
98 104 92 78 80 97 88 60 67 74
92
0
53 64 47 63 56 61 40 45 53 52
93
0
19 29 32 24 24 35 30 34 68 30
94
0
31 26 60 35 25 34 26 37 22 22
95
0
9 6 7 8 3 7 3 9 6 9
96
0
53 41 63 55 51 41 47 43 59 61
97
0
21 24 26 18 23 29 22 25 17 21
98
0
172 160 167 217 225 177 147 178 229 201
99
0
19 22 31 37 28 25 32 47 32 17
100
0
10 5 7 16 9 18 8 10 9 7
101
0
29 32 41 42 35 28 44 32 37 42
102
0
242 190 181 205 138 211 202 189 141 179
103
0
3 5 5 6 4 6 3 8 7 6
104
0
6 21 16 20 13 19 22 18 21 10
105
0
95 84 87 121 112 93 93 107 113 85
106
0
128 136 151 95 119 137 149 111 113 180
107
0
2 6 3 5 3 5 3 5 2 3
108
0
153 150 156 129 165 142 208 166 104 129
109
0
8 12 14 12 5 11 3 7 7 8
110
0
13 9 19 14 17 9 14 12 14 12
111
0
89 85 125 101 96 78 77 63 129 72
112
0
52 64 61 57 49 58 58 63 66 43
113
0
16 16 15 18 15 19 11 12 15 16
114
0
87 98 79 105 88 102 109 111 118 83
115
0
21 39 30 52 34 25 42 28 26 30
116
0
124 132 133 168 158 113 155 178 103 113
117
0
47 31 19 22 30 27 26 30 28 29
118
0
156 179 129 125 134 167 225 167 166 165
119
0
47 53 103 78 59 45 61 46 61 46
120
0
63 51 72 66 52 69 64 38 47 39
121
0
12 15 25 12 15 16 12 18 17 12
122
0
113 110 93 76 86 85 76 57 78 82
123
0
3 5 4 4 3 4 2 9 4 3
124
0
52 60 51 67 75 91 56 50 68 55
125
0
18 16 19 16 8 16 13 8 7 12
126
0
6 4 7 6 2 4 5 5 8 4
127
0
27 60 46 37 38 33 37 53 47 57
128
0
6 10 9 9 9 7 13 10 9 12
129
0
89 60 70 67 49 69 60 64 95 58
130
0
64 40 87 85 80 78 53 66 71 43
131
0
5 5 3 3 2 2 2 2 3 3
132
0
23 22 27 22 23 14 27 23 25 27
133
0
13 11 9 8 10 13 6 7 7 8
134
0
120 112 150 134 99 99 147 90 117 120
135
0
35 18 39 22 28 27 16 27 30 15
136
0
37 48 34 64 52 57 60 52 58 40
137
0
60 65 62 51 73 38 45 70 61 73
138
0
22 25 22 24 21 25 23 25 17 33
139
0
184 109 146 144 155 97 121 119 153 117
140
0
21 21 22 21 31 22 26 26 13 15
141
0
74 65 75 70 51 81 88 70 55 61
142
0
77 46 78 60 61 59 59 64 84 43
143
0
2 4 5 3 2 3 3 4 3 3
144
0
92 93 72 100 108 81 110 103 83 99
145
0
4 6 4 5 5 3 4 4 5 8
146
0
42 31 39 39 48 32 29 47 39 36
147
0
12 17 17 16 14 20 21 12 18 13
148
0
17 10 11 17 8 22 8 9 17 7
149
0
121 178 159 131 135 121 125 129 153 145
150
0
5 2 3 4 3 2 3 2 2 2
151
0
64 90 71 93 85 80 53 63 69 82
152
0
32 66 35 51 44 45 47 67 33 46
153
0
83 57 66 72 69 58 59 55 78 55
154
0
20 22 17 21 33 27 20 28 32 26
155
0
20 14 13 30 16 21 22 14 11 8
156
0
57 67 66 61 76 49 60 95 63 59
157
0
16 15 23 21 33 15 22 10 14 23
158
0
1 2 2 1 1 2 1 2 1 1
159
0
77 74 73 56 78 77 63 74 58 77
160
0
8 5 5 9 7 8 7 9 7 6
161
0
59 65 77 94 87 54 95 59 88 65
162
0
14 10 12 19 13 7 13 17 10 6
163
0
55 64 50 57 36 40 63 68 40 53
164
0
27 31 39 30 36 40 28 36 38 51
165
0
14 8 9 10 5 6 7 5 11 14
166
0
50 67 43 65 54 52 76 74 76 66
167
0
78 67 75 86 72 91 80 75 85 76
168
0
52 24 28 25 12 37 25 20 27 24
169
0
11 18 23 20 14 14 12 20 16 20
170
0
23 21 21 32 32 30 27 15 17 27
171
0
56 62 52 62 39 68 57 54 40 65
172
0
61 42 55 69 62 71 51 71 61 47
173
0
10 7 7 9 12 27 10 8 11 10
174
0
10 8 15 9 8 9 7 11 11 3
175
0
19 18 19 19 21 19 18 19 22 11
176
0
63 57 66 43 71 65 89 78 68 77
177
0
100 59 94 97 56 77 96 116 97 113
178
0
52 65 49 61 75 85 89 76 65 79
179
0
110 65 86 85 47 94 80 86 120 73
180
0
17 20 20 30 23 25 26 20 13 21
181
0
22 17 14 29 21 21 17 17 24 24
182
0
43 54 40 42 38 50 41 60 49 75
183
0
19 23 17 14 30 16 15 11 14 15
184
0
73 104 116 84 71 89 133 87 69 51
185
0
10 7 9 2 7 6 8 4 8 5
186
0
12 15 19 9 7 13 15 29 20 20
187
0
116 148 171 151 166 113 109 150 170 130
188
0
9 12 11 4 12 19 11 14 7 13
189
0
26 45 39 59 40 46 24 30 38 47
190
0
109 81 100 126 123 138 96 112 119 126
191
0
24 31 39 46 45 25 26 45 30 40
192
0
18 18 14 22 18 13 9 30 25 25
193
0
65 66 68 59 70 98 86 89 91 74
194
0
26 23 29 44 26 34 22 27 37 33
195
0
30 19 16 11 10 14 16 15 15 24
196
0
15 16 19 19 13 17 19 32 16 16
197
0
54 64 80 83 78 60 97 58 70 73
198
0
7 4 3 2 6 6 3 4 4 2
199
0
11 15 12 10 17 7 8 15 10 13
