30
10
730651
0
0
45 125 36 61 64 27 3 55 82 94
1
0
48 149 29 69 63 49 4 49 109 76
2
0
65 127 32 71 60 28 7 58 107 87
3
0
49 135 17 84 68 26 3 39 89 100
4
0
58 165 30 68 69 21 6 45 81 118
5
0
44 114 38 63 58 9 7 48 100 85
6
0
38 155 27 70 44 34 5 72 116 83
7
0
53 132 19 56 55 23 4 50 126 89
8
0
40 160 32 73 42 26 4 25 94 66
9
0
47 136 23 57 53 27 4 43 107 76
10
0
60 164 22 76 81 26 5 48 111 91
11
0
59 126 15 82 69 25 3 44 92 64
12
0
52 121 18 77 50 32 5 42 106 85
13
0
51 123 20 62 54 28 4 37 99 83
14
0
49 109 18 72 57 34 6 42 139 106
15
0
47 121 27 69 44 32 5 55 95 94
16
0
43 147 31 69 49 31 3 47 109 98
17
0
57 149 27 76 55 22 3 43 92 88
18
0
38 163 21 71 31 30 4 36 84 67
19
0
44 118 22 108 51 23 2 46 97 91
20
0
52 138 55 41 79 19 6 45 105 89
21
0
55 119 15 57 48 20 7 47 84 94
22
0
59 137 33 65 63 25 3 38 118 101
23
0
59 116 40 69 59 35 6 47 111 80
24
0
56 164 19 65 64 23 3 47 120 131
25
0
49 131 33 61 70 26 3 59 122 78
26
0
31 162 15 68 54 28 4 66 90 89
27
0
68 135 30 76 55 22 5 42 117 64
28
0
44 125 35 62 46 32 2 33 90 102
29
0
58 123 23 85 61 19 2 39 85 74
