50
10
89332
0
0
99 112 103 91 89 89 92 117 58 91
1
0
58 57 92 51 58 55 47 47 59 104
2
0
53 49 60 69 71 54 37 70 55 64
3
0
11 26 22 20 25 28 23 16 26 21
4
0
90 71 63 71 108 76 64 73 72 72
5
0
96 68 85 81 86 83 130 101 98 95
6
0
30 52 54 47 55 35 37 75 56 31
7
0
14 7 12 11 11 11 7 12 17 7
8
0
37 83 86 55 52 72 51 67 57 62
9
0
104 80 121 74 96 78 83 85 76 73
10
0
124 168 137 178 127 128 125 108 145 111
11
0
33 34 28 37 45 34 22 24 37 35
12
0
6 6 11 8 10 6 5 13 9 8
13
0
169 109 118 101 170 170 195 137 209 111
14
0
11 10 11 7 13 6 8 7 11 12
15
0
43 30 34 44 45 49 32 42 22 37
16
0
5 5 3 3 7 4 7 6 4 5
17
0
75 97 97 65 84 80 81 88 62 88
18
0
36 71 59 76 61 74 62 50 59 51
19
0
86 75 94 80 82 73 70 74 58 78
20
0
144 185 149 202 146 173 200 168 171 212
21
0
46 37 54 26 26 36 55 47 55 45
22
0
45 56 61 39 40 54 80 56 53 38
23
0
51 64 44 72 49 33 51 58 59 70
24
0
20 18 30 42 19 16 26 18 18 24
25
0
31 18 18 36 41 19 21 20 37 26
26
0
13 14 19 19 15 16 20 16 11 15
27
0
13 26 16 17 19 23 10 15 21 12
28
0
42 60 67 59 57 52 64 48 49 41
29
0
163 129 197 167 188 191 127 130 223 192
30
0
1 1 2 3 1 4 1 2 1 2
31
0
13 29 27 25 23 21 38 32 29 27
32
0
16 16 14 14 15 12 21 18 26 18
33
0
71 69 93 98 65 75 79 83 66 83
34
0
11 26 19 19 29 18 18 19 26 20
35
0
149 162 131 203 115 206 212 139 148 152
36
0
8 5 3 2 5 6 4 3 5 5
37
0
76 52 58 52 82 68 85 51 78 85
38
0
10 16 17 15 19 16 41 25 19 16
39
0
9 15 10 27 16 12 8 22 16 17
40
0
289 322 389 376 290 355 280 294 324 344
41
0
4 3 3 4 4 6 4 4 4 7
42
0
145 136 140 145 95 131 179 141 165 174
43
0
40 44 41 40 31 37 28 23 26 34
44
0
41 51 67 58 77 56 60 74 46 39
45
0
114 93 86 88 85 79 87 111 113 91
46
0
50 43 85 73 51 53 56 45 61 65
47
0
9 6 6 8 8 15 6 10 5 5
48
0
29 37 35 38 35 43 30 57 31 56
49
0
17 16 17 10 15 8 21 15 10 7
