50
20
339428
0
0
54 76 67 62 60 24 76 67 54 38 52 41 70 49 70 30 53 80 49 41
1
0
77 90 83 93 79 84 75 109 90 86 80 73 79 65 81 61 93 86 95 67
2
0
46 62 47 50 69 46 44 42 43 57 37 55 69 50 46 45 51 49 52 50
3
0
31 21 30 26 42 19 37 26 30 24 27 44 25 28 22 34 33 28 32 12
4
0
54 61 64 76 50 50 66 59 56 69 76 58 59 44 56 51 67 51 65 75
5
0
188 192 173 182 163 185 184 145 166 157 171 174 158 184 157 152 148 189 216 167
6
0
55 33 38 47 48 34 36 38 58 42 45 59 30 41 39 31 48 27 65 60
7
0
50 55 43 39 52 42 51 65 29 68 67 62 57 48 59 24 54 47 71 58
8
0
32 28 37 31 34 33 20 29 27 55 24 31 29 31 30 22 29 44 39 15
9
0
37 46 37 27 25 18 26 30 25 25 25 25 34 34 31 42 37 24 44 46
10
0
65 74 77 79 74 74 64 52 52 94 73 108 82 97 70 83 67 73 80 56
11
0
12 19 16 16 13 13 13 13 14 22 14 26 15 14 11 22 18 18 18 14
12
0
113 134 132 108 105 130 122 131 93 81 123 108 98 133 99 120 97 124 132 110
13
0
88 79 82 94 73 71 100 79 88 110 92 82 67 93 119 105 100 85 77 69
14
0
53 59 60 71 68 72 57 57 34 65 62 63 58 50 79 64 60 51 86 74
15
0
33 37 28 37 46 34 48 46 35 44 41 44 53 25 31 32 45 16 30 49
16
0
371 384 262 416 351 393 407 316 362 382 345 310 289 403 366 384 315 331 358 305
17
0
88 79 73 66 63 59 67 76 48 55 35 69 61 61 91 66 87 84 52 72
18
0
54 85 86 112 67 82 82 89 67 107 77 79 103 86 89 96 63 69 79 86
19
0
132 168 181 144 112 211 140 133 146 107 114 141 157 111 147 132 127 120 115 151
20
0
42 59 42 57 45 68 41 52 51 35 33 68 49 42 59 62 58 61 62 45
21
0
17 17 18 15 24 15 25 12 15 25 16 22 15 19 20 20 11 15 18 16
22
0
58 56 32 56 40 37 35 44 33 48 54 36 47 53 27 29 44 43 46 40
23
0
48 26 52 42 43 46 41 22 37 29 45 43 49 24 43 35 45 28 47 43
24
0
32 32 38 26 39 19 37 24 15 16 27 36 21 48 26 30 35 27 27 28
25
0
23 32 25 31 17 27 32 17 38 31 33 32 24 13 21 23 23 36 23 32
26
0
18 25 37 36 18 26 45 36 24 26 35 27 24 27 17 43 24 32 42 24
27
0
15 23 14 15 25 34 29 15 18 28 21 12 25 25 18 14 16 16 16 22
28
0
139 131 103 119 137 118 121 93 125 147 145 104 117 115 113 115 161 106 146 114
29
0
8 15 20 9 13 9 16 14 13 15 16 14 16 14 13 24 22 14 9 21
30
0
5 6 4 4 3 5 4 3 4 6 5 4 5 3 8 3 6 7 4 5
31
0
75 62 66 74 80 54 54 57 85 70 71 65 71 55 70 55 83 55 57 80
32
0
47 43 40 42 28 29 32 26 26 29 43 24 23 34 35 33 23 33 21 31
33
0
35 22 21 23 36 22 32 15 13 29 18 36 19 21 42 36 18 28 30 27
34
0
53 49 60 45 47 36 61 54 75 65 57 31 60 65 77 57 37 79 45 72
35
0
23 23 16 8 8 16 26 17 19 22 17 13 14 21 13 14 20 18 22 24
36
0
90 93 94 100 90 92 78 88 75 69 90 82 128 92 93 75 97 77 72 78
37
0
12 9 11 8 5 8 11 13 12 6 10 15 10 12 8 11 11 6 16 7
38
0
38 57 45 40 28 34 35 23 32 26 44 39 35 40 29 37 35 25 55 34
39
0
39 27 33 45 29 25 37 35 30 37 23 31 27 46 30 27 38 33 24 29
40
0
30 31 30 23 34 29 39 29 24 33 23 23 32 28 22 30 40 21 41 29
41
0
148 120 138 106 152 113 113 128 132 133 150 148 127 123 123 116 112 150 206 144
42
0
24 19 19 15 17 26 10 12 14 22 18 18 19 13 13 13 20 31 23 21
43
0
16 12 19 14 18 15 10 28 9 24 14 10 20 14 16 14 12 13 9 16
44
0
34 21 26 27 31 16 15 26 27 18 30 20 17 23 27 39 18 28 26 25
45
0
4 10 5 7 7 7 7 6 7 10 11 8 6 13 12 6 8 8 9 4
46
0
33 46 62 43 74 62 38 54 39 64 51 62 49 61 67 49 41 58 59 39
47
0
89 59 68 71 65 59 70 66 67 65 61 87 58 58 39 75 68 67 74 71
48
0
21 30 16 33 24 16 25 26 28 21 21 22 17 24 20 21 21 28 25 17
49
0
65 75 71 65 72 77 84 83 73 98 91 68 81 56 73 62 86 97 75 77
