200
10
919699
0
0
51 17 6 14 5 117 22 26 90 169
1
0
52 58 46 106 22 75 29 32 108 138
2
0
10 52 75 89 66 79 55 43 118 7
3
0
64 17 46 46 39 135 15 160 34 101
4
0
77 124 94 50 16 24 181 9 25 4
5
0
177 28 116 12 10 9 37 35 52 0
6
0
2 90 11 41 21 9 5 14 16 154
7
0
76 27 37 45 35 29 5 165 75 100
8
0
71 109 10 49 148 2 60 125 30 82
9
0
234 159 20 21 122 12 5 85 115 9
10
0
109 65 16 22 70 101 70 26 25 6
11
0
129 33 23 112 53 18 15 17 69 9
12
0
13 9 3 44 22 49 11 11 5 52
13
0
5 6 43 42 5 24 103 29 119 23
14
0
13 24 240 10 98 85 306 56 26 60
15
0
55 106 117 29 93 55 71 75 28 66
16
0
30 65 25 34 147 29 10 88 25 38
17
0
28 39 50 82 29 47 0 78 1 94
18
0
56 79 59 38 43 41 64 15 61 171
19
0
4 16 55 115 55 59 72 32 54 64
20
0
13 4 50 44 49 16 79 11 28 43
21
0
65 161 1 45 11 12 18 95 149 18
22
0
18 52 10 36 127 74 202 61 76 52
23
0
70 52 281 26 14 53 76 19 21 11
24
0
52 94 63 51 73 9 127 16 51 55
25
0
68 64 72 12 91 11 132 32 23 102
26
0
49 47 76 99 51 46 17 12 35 27
27
0
8 5 107 0 5 12 51 73 8 113
28
0
3 29 172 83 66 59 27 5 32 26
29
0
31 56 126 28 57 137 6 21 14 73
30
0
7 47 53 30 146 9 21 161 6 33
31
0
82 21 72 19 5 11 4 44 37 1
32
0
253 95 4 26 145 65 141 162 45 87
33
0
34 4 22 144 1 29 177 23 15 156
34
0
30 21 74 26 70 85 74 31 66 20
35
0
5 11 102 54 68 58 34 7 9 16
36
0
79 21 29 31 72 21 13 18 98 221
37
0
117 54 12 40 16 71 6 43 73 113
38
0
24 2 1 68 29 96 71 47 4 22
39
0
18 26 10 53 4 75 10 31 27 84
40
0
1 14 5 8 7 106 26 87 15 103
41
0
45 32 17 25 56 49 71 105 34 36
42
0
21 28 40 4 73 41 161 53 65 3
43
0
2 10 83 44 74 81 42 30 23 8
44
0
83 2 80 42 43 139 21 51 157 138
45
0
88 74 11 0 18 40 64 249 53 68
46
0
57 34 10 14 20 4 169 90 48 46
47
0
25 38 38 6 201 87 11 68 37 6
48
0
65 91 32 29 44 71 9 33 71 114
49
0
17 2 18 72 18 63 87 125 103 83
50
0
78 5 11 9 29 12 3 101 127 8
51
0
10 60 12 9 39 6 47 2 11 10
52
0
50 68 26 30 165 1 10 162 61 15
53
0
85 2 13 126 37 53 22 42 1 48
54
0
15 2 17 6 4 34 19 31 51 10
55
0
196 15 88 29 17 58 61 1 87 138
56
0
1 100 35 79 31 59 55 64 65 35
57
0
6 110 46 149 33 61 110 169 14 39
58
0
17 101 18 75 32 10 32 11 31 9
59
0
44 26 7 102 35 49 18 8 6 16
60
0
4 1 37 31 83 48 93 86 51 38
61
0
11 44 202 19 33 32 131 73 44 64
62
0
93 55 2 137 40 82 39 26 51 9
63
0
20 29 72 4 1 20 25 22 144 47
64
0
50 104 2 9 42 12 57 38 50 9
65
0
3 52 3 79 24 42 184 151 22 138
66
0
20 25 17 9 9 70 151 42 78 61
67
0
3 9 11 92 58 36 62 16 26 35
68
0
13 75 71 37 12 68 17 63 30 13
69
0
28 72 11 93 40 30 32 29 77 141
70
0
25 3 15 10 0 10 13 67 15 84
71
0
29 2 49 9 50 16 31 7 242 132
72
0
36 32 123 13 56 1 110 21 32 101
73
0
82 29 35 54 7 54 25 34 109 6
74
0
19 6 12 16 31 66 19 61 9 72
75
0
99 194 8 11 29 133 21 40 81 10
76
0
14 54 46 30 121 82 69 25 91 1
77
0
77 20 55 32 13 209 87 4 35 2
78
0
0 27 15 105 11 8 15 18 27 0
79
0
18 188 3 7 9 129 41 1 75 39
80
0
42 76 10 50 77 64 63 61 27 84
81
0
61 40 90 58 45 3 68 27 45 95
82
0
56 1 31 36 29 96 213 10 195 33
83
0
110 61 4 15 2 42 88 196 38 39
84
0
2 1 43 153 141 51 5 2 32 1
85
0
101 66 15 10 25 45 3 16 74 39
86
0
64 15 10 19 1 26 8 15 149 51
87
0
64 105 43 52 157 37 54 60 53 10
88
0
9 57 199 1 24 20 51 22 34 53
89
0
7 17 108 31 8 154 17 48 144 3
90
0
45 57 107 116 135 22 17 114 77 13
91
0
15 3 43 32 21 61 2 2 36 33
92
0
6 29 37 47 57 15 24 2 52 35
93
0
259 65 84 94 25 42 16 41 157 44
94
0
37 62 2 58 13 37 43 6 33 17
95
0
9 8 68 10 32 6 5 35 10 81
96
0
172 6 150 10 31 31 2 9 16 29
97
0
57 139 12 8 28 52 59 30 76 33
98
0
27 58 80 27 12 2 20 11 69 1
99
0
100 10 3 42 17 44 38 155 39 39
100
0
122 39 41 48 26 9 70 7 75 23
101
0
74 58 6 47 41 35 24 2 21 150
102
0
37 288 1 18 55 161 42 70 55 33
103
0
53 52 50 117 98 159 103 84 31 54
104
0
33 16 9 58 25 10 26 5 0 88
105
0
22 10 10 4 71 109 71 77 35 15
106
0
9 22 77 11 15 2 5 46 161 55
107
0
261 26 30 41 37 111 8 68 9 54
108
0
70 1 281 19 1 64 23 137 2 93
109
0
56 116 91 45 16 32 91 34 4 39
110
0
15 13 94 62 48 47 38 77 22 60
111
0
18 51 34 68 88 138 152 46 41 43
112
0
24 17 127 25 120 39 18 54 31 42
113
0
13 68 28 214 56 92 31 15 32 19
114
0
13 17 103 127 7 19 9 0 33 50
115
0
2 11 94 99 27 33 69 63 2 48
116
0
14 12 3 32 14 3 19 52 198 33
117
0
137 60 43 142 6 6 126 47 11 20
118
0
179 8 24 94 0 8 30 61 120 62
119
0
14 7 37 50 12 56 90 138 142 10
120
0
91 21 144 28 44 19 26 168 15 5
121
0
123 196 26 40 125 131 3 8 17 88
122
0
38 30 80 10 32 74 85 5 6 34
123
0
43 15 2 112 123 80 51 5 19 263
124
0
8 12 29 91 74 36 41 17 26 192
125
0
23 20 37 78 4 13 14 55 114 10
126
0
59 7 3 19 40 43 2 57 137 76
127
0
145 28 24 42 12 1 11 78 84 56
128
0
34 189 8 7 13 11 1 157 29 66
129
0
57 109 63 61 81 16 31 14 5 29
130
0
74 65 13 82 47 93 26 6 73 44
131
0
225 188 55 17 29 56 107 97 15 75
132
0
38 11 5 8 36 47 9 54 67 3
133
0
5 9 66 11 67 21 41 24 24 1
134
0
38 71 30 46 16 15 28 50 3 5
135
0
9 27 47 149 21 3 67 61 5 87
136
0
96 60 37 105 14 32 16 10 74 137
137
0
72 95 5 15 24 30 54 30 4 5
138
0
7 15 90 5 15 2 115 350 56 93
139
0
61 0 29 6 84 95 68 81 13 46
140
0
158 64 3 21 71 4 42 113 113 4
141
0
94 10 153 3 17 1 23 110 17 71
142
0
32 142 115 22 44 98 36 41 30 3
143
0
12 12 8 4 87 7 17 33 33 93
144
0
87 45 15 16 86 28 34 242 10 136
145
0
1 64 38 22 2 123 5 37 6 68
146
0
72 18 16 0 3 14 43 34 34 1
147
0
44 50 32 61 91 84 21 5 12 45
148
0
21 19 9 111 48 12 7 50 15 8
149
0
138 217 11 13 7 54 30 54 7 158
150
0
4 37 160 73 9 39 105 36 138 86
151
0
26 40 20 1 114 39 66 50 3 45
152
0
61 33 7 55 21 99 112 28 82 2
153
0
6 43 157 98 3 25 10 57 204 14
154
0
45 9 149 45 77 44 14 7 100 46
155
0
26 127 39 26 4 44 69 14 81 18
156
0
5 5 18 38 34 18 4 21 15 85
157
0
62 9 18 26 90 1 44 7 8 25
158
0
49 18 29 19 20 135 107 37 14 45
159
0
313 20 16 16 55 26 13 1 9 89
160
0
79 59 7 143 33 64 14 15 94 15
161
0
67 62 94 13 30 59 15 27 27 12
162
0
34 55 18 96 28 24 44 94 61 53
163
0
0 52 102 2 111 1 43 79 84 233
164
0
75 13 2 42 96 94 25 49 23 35
165
0
70 11 71 0 10 119 28 13 50 25
166
0
12 8 68 94 4 134 1 39 33 99
167
0
131 24 11 57 40 176 126 3 98 8
168
0
33 7 35 99 51 77 125 12 10 123
169
0
16 38 108 50 9 98 54 82 37 95
170
0
54 36 99 51 34 208 78 157 11 43
171
0
44 31 28 52 69 31 133 171 129 20
172
0
18 33 106 10 25 39 5 42 15 11
173
0
7 37 22 167 62 2 7 36 60 18
174
0
7 10 36 125 4 56 50 6 74 215
175
0
33 28 21 34 13 32 58 147 74 47
176
0
26 103 50 42 1 44 31 19 6 1
177
0
12 2 5 38 166 19 13 98 38 120
178
0
153 162 2 38 39 1 44 131 245 76
179
0
4 158 245 27 112 53 40 44 42 23
180
0
143 8 40 11 53 74 25 10 179 127
181
0
71 25 4 99 90 27 70 10 18 11
182
0
41 40 66 52 35 46 25 17 29 54
183
0
41 23 63 38 39 11 62 52 27 1
184
0
4 11 34 116 2 61 48 52 8 56
185
0
42 18 33 45 2 52 100 37 143 54
186
0
61 84 42 50 3 43 34 98 24 22
187
0
44 134 19 104 23 67 66 65 146 72
188
0
126 65 84 7 22 67 21 221 55 117
189
0
122 16 34 48 33 22 13 30 31 6
190
0
119 33 9 108 11 183 26 17 26 56
191
0
27 23 21 31 1 77 113 68 24 50
192
0
14 162 82 35 21 15 35 96 81 53
193
0
32 15 44 13 37 50 15 246 42 29
194
0
36 20 58 2 17 6 14 68 13 23
195
0
20 22 19 17 42 23 63 21 43 83
196
0
57 34 117 36 5 14 51 16 48 136
197
0
26 71 70 55 129 127 161 22 43 33
198
0
29 144 57 61 56 6 26 38 36 36
199
0
74 28 17 84 54 36 74 89 50 122
