200
20
356722
0
0
10 35 15 11 12 13 15 12 11 10 15 12 12 11 10 22 15 11 10 15
1
0
220 238 204 230 213 244 250 196 267 214 244 225 209 241 238 266 224 302 200 205
2
0
19 13 11 13 11 16 10 15 14 15 18 13 9 11 11 10 16 13 18 19
3
0
2 3 3 3 3 3 3 4 3 2 5 3 3 4 2 3 2 5 3 2
4
0
33 19 30 15 31 29 26 20 29 27 19 42 24 24 30 18 33 28 27 25
5
0
17 25 16 26 22 24 25 20 17 13 29 24 22 15 25 18 18 28 29 17
6
0
30 20 30 16 34 16 28 24 27 32 39 33 30 22 31 33 43 24 27 32
7
0
101 85 64 63 74 107 92 65 71 64 88 72 75 98 93 67 87 67 91 56
8
0
169 184 190 148 165 191 175 140 147 122 170 180 127 154 157 199 159 193 159 183
9
0
45 56 55 51 58 51 46 66 48 41 40 61 64 42 37 49 47 46 40 64
10
0
42 52 44 47 48 40 57 49 54 51 49 47 68 62 70 42 55 57 59 55
11
0
4 6 8 9 6 9 10 6 5 7 10 8 8 6 5 8 8 7 7 5
12
0
90 128 85 82 96 74 73 98 93 104 120 102 85 85 118 74 92 103 117 106
13
0
7 8 11 15 13 7 8 11 8 15 10 7 16 12 9 9 6 5 5 6
14
0
53 44 44 34 42 35 54 50 39 48 47 57 49 57 53 58 44 59 49 41
15
0
18 25 19 22 29 30 39 28 17 11 31 12 26 28 34 48 25 20 28 22
16
0
10 9 7 9 8 8 5 11 14 6 7 10 16 10 23 10 16 11 6 12
17
0
25 24 18 15 23 25 15 15 24 31 13 25 24 15 23 14 14 24 24 21
18
0
3 2 3 6 2 2 2 3 2 5 2 2 2 3 3 3 3 2 5 2
19
0
73 70 81 83 72 72 117 85 58 72 81 71 89 84 85 114 89 77 83 63
20
0
46 28 42 35 27 36 22 36 40 32 33 26 33 22 35 34 33 28 27 23
21
0
29 48 28 27 37 59 25 45 28 45 25 37 35 38 26 20 39 56 42 48
22
0
76 100 99 75 72 97 65 102 88 85 75 114 98 81 71 68 70 77 93 69
23
0
30 27 18 27 33 34 20 28 25 15 29 33 32 52 35 19 33 26 25 17
24
0
72 55 83 66 60 44 77 79 62 93 72 69 56 65 60 53 61 86 65 66
25
0
43 35 37 33 37 31 41 29 48 58 38 29 42 38 29 57 49 40 31 50
26
0
68 38 57 55 59 65 32 36 67 44 45 44 51 49 47 66 46 53 46 53
27
0
13 17 13 7 8 11 12 19 14 8 10 18 15 20 19 6 10 14 10 21
28
0
13 18 15 16 22 9 21 10 15 17 11 22 18 11 14 16 17 15 13 15
29
0
56 51 45 52 52 41 44 50 51 53 48 45 67 51 62 35 57 52 51 60
30
0
75 85 84 88 101 90 85 107 76 90 102 65 112 78 91 96 77 69 85 76
31
0
99 49 52 86 60 90 78 50 63 74 50 74 71 92 76 82 72 90 86 85
32
0
69 79 74 109 87 59 92 68 74 76 71 69 98 78 90 91 68 99 78 78
33
0
20 25 35 28 39 42 24 25 43 22 56 28 29 40 21 37 37 44 28 24
34
0
9 22 9 7 15 7 9 9 16 8 17 11 8 9 9 13 7 14 9 10
35
0
113 157 125 168 161 165 153 136 115 129 164 134 129 141 163 134 140 228 132 130
36
0
5 12 7 5 10 5 4 8 10 7 6 10 5 10 7 6 14 8 4 7
37
0
55 45 39 33 34 49 63 50 46 40 47 60 57 50 63 60 43 39 68 53
38
0
67 79 62 53 84 35 58 84 38 70 70 53 44 61 43 63 53 63 46 67
39
0
37 33 33 41 40 37 39 43 37 32 40 30 33 32 31 25 38 36 30 30
40
0
169 136 141 154 151 113 125 149 165 144 167 156 113 174 127 164 143 105 161 125
41
0
49 46 45 62 68 77 66 49 70 59 39 47 37 77 54 46 62 42 55 36
42
0
41 30 38 43 47 39 59 50 36 68 46 36 30 32 34 40 57 62 62 37
43
0
14 18 15 15 17 17 13 16 24 11 18 15 19 12 16 17 16 16 19 16
44
0
84 130 82 62 61 112 80 83 57 52 71 75 55 71 58 83 88 54 119 74
45
0
21 20 29 31 33 14 20 21 16 23 26 22 19 26 26 17 24 16 29 25
46
0
69 69 74 73 94 91 35 65 58 54 70 69 65 79 53 70 82 59 74 65
47
0
41 37 45 42 37 46 47 28 44 46 22 37 45 69 45 56 43 32 36 43
48
0
110 85 117 80 89 85 78 77 78 79 77 74 116 55 102 83 83 71 99 88
49
0
236 176 181 268 210 224 194 184 206 224 240 209 162 241 204 256 206 223 187 237
50
0
85 66 63 65 63 75 47 58 86 56 67 69 60 88 76 59 81 87 51 59
51
0
93 86 148 70 59 72 132 80 116 92 103 74 97 95 100 84 97 105 93 67
52
0
191 214 197 202 215 189 225 226 217 208 235 192 212 222 189 199 208 240 179 207
53
0
11 12 17 23 8 20 15 20 18 15 18 14 11 19 17 17 21 13 13 12
54
0
71 42 39 67 55 59 52 52 74 37 66 31 54 57 52 87 76 56 56 71
55
0
47 42 33 36 30 27 29 36 35 36 45 45 27 21 21 56 26 31 34 32
56
0
28 37 27 39 31 42 24 31 34 30 26 28 15 28 37 31 32 46 29 21
57
0
6 7 15 13 12 6 10 10 8 12 8 10 15 6 7 10 13 16 13 6
58
0
10 8 13 5 12 15 18 11 10 12 16 17 24 11 7 6 11 9 8 17
59
0
35 54 57 61 53 60 62 51 71 52 74 81 51 53 41 62 54 65 57 80
60
0
26 29 35 23 27 24 20 39 36 38 29 20 32 39 35 29 19 45 35 25
61
0
46 29 30 53 39 49 35 33 45 37 27 42 35 39 35 54 39 35 36 50
62
0
10 5 7 5 4 4 7 8 4 4 11 5 7 3 4 7 12 4 5 12
63
0
20 14 20 6 28 34 22 18 18 25 14 13 23 17 12 17 15 11 27 8
64
0
100 106 107 105 105 126 104 118 158 122 114 79 111 99 110 126 119 129 89 93
65
0
44 35 35 33 45 42 42 38 38 48 36 20 57 51 46 34 43 46 37 52
66
0
17 11 10 9 17 13 11 10 12 16 17 9 8 12 22 12 12 11 15 8
67
0
12 12 16 10 16 15 9 9 10 21 12 6 6 13 11 8 8 13 12 14
68
0
38 23 37 41 24 29 34 25 22 35 40 37 37 22 29 33 33 32 34 43
69
0
118 119 107 113 131 112 137 109 124 128 92 108 103 99 116 102 147 113 112 86
70
0
18 17 30 22 24 12 21 20 18 23 16 22 16 24 26 20 23 19 34 31
71
0
23 21 15 18 15 17 23 22 22 25 15 19 17 16 16 27 28 13 18 17
72
0
47 30 32 48 44 44 39 40 29 42 27 51 40 42 31 54 45 27 40 47
73
0
22 21 20 15 16 10 21 18 13 20 23 11 18 20 19 14 15 13 27 18
74
0
19 16 9 12 14 23 10 17 9 16 11 13 12 15 12 11 18 11 12 11
75
0
34 41 32 40 30 37 32 34 35 28 49 26 27 47 45 44 41 31 19 43
76
0
19 28 19 18 17 22 19 30 19 23 36 24 12 25 25 40 41 28 22 24
77
0
112 107 106 84 87 71 91 85 137 82 117 79 106 105 86 88 86 76 106 88
78
0
88 48 82 77 73 81 94 87 84 111 75 77 63 77 88 84 77 72 57 80
79
0
59 66 50 61 74 50 53 64 40 54 55 51 47 75 51 52 55 60 63 85
80
0
30 36 30 33 19 29 33 33 28 28 33 26 51 21 34 31 43 27 32 23
81
0
33 41 33 54 50 64 54 38 34 41 34 55 30 55 69 45 42 42 39 59
82
0
3 9 5 6 3 5 4 7 9 10 8 5 4 6 5 4 6 4 4 5
83
0
25 25 27 16 23 18 29 20 25 21 24 28 18 14 22 25 31 44 26 17
84
0
99 124 152 164 141 157 115 183 136 162 132 131 147 120 110 158 126 141 163 124
85
0
10 11 16 10 14 9 6 10 12 7 16 15 17 7 9 11 11 7 12 10
86
0
109 98 123 148 140 131 136 143 159 71 135 105 116 123 141 114 111 131 111 140
87
0
153 135 172 173 176 165 179 151 121 156 171 158 128 147 158 165 153 165 155 149
88
0
53 46 39 66 69 47 50 57 35 60 53 63 49 50 50 55 68 55 48 56
89
0
57 61 31 47 47 46 51 53 42 33 44 45 59 57 52 64 43 55 40 44
90
0
2 3 2 3 2 7 2 4 5 5 3 2 5 2 2 4 4 2 4 3
91
0
95 94 63 70 90 125 86 124 97 83 127 97 85 96 116 120 101 111 106 119
92
0
5 6 8 6 6 5 7 12 9 6 11 7 9 4 7 9 11 7 6 6
93
0
50 66 44 56 51 46 64 42 51 64 34 47 44 63 31 42 49 60 60 44
94
0
60 70 105 106 74 98 72 86 121 110 91 89 58 100 83 78 73 74 89 70
95
0
90 82 61 97 89 85 110 62 119 90 80 66 69 67 96 90 75 77 107 87
96
0
99 151 119 110 125 122 123 113 75 126 125 110 96 115 128 117 97 122 112 115
97
0
30 38 55 51 28 39 32 25 29 43 20 27 61 27 33 31 42 26 26 35
98
0
25 17 11 18 22 23 40 19 20 15 18 19 20 13 24 25 21 21 20 17
99
0
47 58 47 37 64 28 29 53 39 49 55 46 74 40 43 48 59 47 54 49
100
0
19 14 20 12 26 25 17 20 17 13 15 22 23 24 19 13 24 20 24 20
101
0
121 126 139 129 98 120 117 104 135 135 118 127 115 157 127 111 105 102 108 104
102
0
43 39 43 49 38 40 54 45 33 58 43 35 32 51 48 51 40 25 49 40
103
0
2 4 5 4 3 6 2 2 2 2 4 5 6 3 3 2 2 4 5 1
104
0
16 9 13 15 13 11 17 12 12 11 17 17 11 18 11 20 10 11 17 21
105
0
12 21 13 15 16 16 31 25 17 38 21 16 15 32 13 30 22 19 21 28
106
0
6 10 6 14 6 9 6 5 17 8 7 6 12 7 7 8 12 9 6 8
107
0
21 33 29 24 27 34 42 15 43 32 30 50 34 33 25 55 21 29 38 31
108
0
4 5 8 3 6 5 4 6 7 4 5 5 4 3 9 7 4 5 6 5
109
0
11 13 17 11 22 10 12 25 13 14 12 17 11 14 11 9 11 8 13 26
110
0
22 18 23 19 28 26 31 23 34 34 32 32 21 18 15 19 26 18 16 19
111
0
17 16 25 26 22 19 24 13 23 20 12 15 19 20 18 11 13 12 15 37
112
0
43 30 35 48 49 28 65 45 27 47 27 54 64 36 29 48 50 45 35 41
113
0
12 26 18 29 29 13 32 20 21 18 30 33 29 35 12 39 29 30 20 20
114
0
44 39 44 57 31 45 37 43 32 34 44 47 52 33 29 39 39 39 29 39
115
0
48 38 38 51 40 40 55 37 61 52 48 52 62 43 62 50 57 41 52 63
116
0
84 90 59 90 79 93 52 82 80 78 78 96 68 81 80 79 63 67 99 70
117
0
232 230 186 276 214 237 193 202 200 271 230 229 224 191 261 206 213 202 202 207
118
0
38 61 51 67 47 69 64 43 93 63 43 46 70 60 36 44 48 70 47 45
119
0
18 13 12 8 13 10 13 16 22 13 17 12 9 24 12 15 10 12 14 14
120
0
26 30 45 46 53 38 28 41 46 36 41 46 44 33 43 42 44 45 33 35
121
0
66 66 79 73 79 76 80 78 46 67 59 66 64 93 102 64 82 72 88 43
122
0
24 45 38 42 36 21 35 34 39 30 28 45 44 29 43 49 54 47 33 54
123
0
9 9 8 12 11 9 14 9 14 9 16 9 7 7 8 8 7 7 6 6
124
0
4 7 7 5 7 11 8 8 4 4 7 10 6 5 5 14 7 7 3 8
125
0
33 30 23 22 28 37 23 18 28 22 24 23 40 46 36 39 32 30 31 30
126
0
27 18 32 28 24 33 31 31 36 28 17 21 24 29 32 34 30 18 22 35
127
0
3 2 2 3 2 3 3 2 1 2 3 3 2 3 2 2 2 3 2 3
128
0
39 26 27 24 44 25 35 23 31 32 28 23 29 44 31 21 22 24 35 29
129
0
2 2 3 3 2 2 4 3 1 3 1 2 3 2 2 1 2 2 2 2
130
0
79 66 72 71 59 77 54 53 94 69 74 64 81 78 61 74 71 78 85 67
131
0
40 56 33 33 62 36 45 46 51 71 39 30 34 41 38 38 37 35 37 39
132
0
174 157 163 156 151 132 147 162 169 176 165 157 205 159 183 133 166 112 176 195
133
0
44 72 66 52 61 45 64 82 50 54 47 49 67 59 75 79 70 42 63 52
134
0
97 50 76 112 97 92 82 73 85 96 86 81 61 88 87 92 106 101 108 103
135
0
3 2 2 2 2 2 2 3 1 2 6 2 3 2 2 3 2 1 2 2
136
0
7 9 10 7 8 8 7 7 8 9 7 5 9 11 4 6 8 9 6 9
137
0
122 134 104 102 134 93 133 102 111 102 108 115 149 88 89 113 134 95 113 118
138
0
233 228 283 212 216 304 253 274 281 245 216 245 213 234 190 216 243 256 218 254
139
0
72 45 93 61 62 47 50 45 91 77 45 61 59 62 45 44 76 61 81 65
140
0
106 84 74 87 125 86 123 84 87 97 81 66 100 73 78 98 96 82 79 81
141
0
64 51 48 43 41 43 61 46 67 39 55 40 27 54 43 49 43 38 49 51
142
0
32 21 29 24 23 21 26 37 27 28 22 29 14 21 31 24 38 18 24 21
143
0
64 66 69 60 59 67 66 66 67 68 49 77 68 62 65 58 66 54 62 65
144
0
61 41 53 42 40 56 34 50 57 50 52 53 28 46 47 64 46 52 70 55
145
0
119 121 84 96 115 139 113 95 93 107 110 119 129 121 152 114 129 93 121 109
146
0
50 59 78 52 54 82 48 59 60 76 81 40 66 71 61 57 69 62 54 59
147
0
37 30 30 44 25 22 30 27 19 29 18 21 24 38 36 25 32 32 28 23
148
0
28 20 49 33 27 35 29 32 25 29 28 28 27 27 33 34 30 25 47 33
149
0
10 12 6 6 7 7 11 7 8 4 6 5 5 7 10 5 13 5 5 9
150
0
3 7 6 9 11 13 6 11 6 11 15 9 9 13 12 8 12 7 8 10
151
0
2 2 2 2 1 2 6 3 3 3 3 2 2 2 1 2 2 3 3 3
152
0
84 52 49 46 55 53 61 50 70 60 81 57 74 50 56 66 51 63 55 52
153
0
62 49 48 56 47 45 67 60 55 59 41 61 47 65 50 69 61 62 43 48
154
0
37 35 27 26 28 32 27 21 36 27 29 24 29 29 22 38 26 30 31 31
155
0
19 13 14 11 10 22 10 28 13 18 21 8 12 8 16 14 9 16 9 17
156
0
117 124 125 112 117 111 138 90 116 120 81 146 119 96 133 98 121 89 94 129
157
0
55 40 31 42 44 43 39 45 39 43 45 38 34 36 36 40 44 30 39 40
158
0
5 3 7 5 4 6 5 3 7 6 6 8 5 5 8 6 11 8 8 8
159
0
12 18 21 18 13 17 21 17 13 13 12 14 24 22 19 20 7 19 17 29
160
0
11 6 15 16 8 19 15 20 14 10 13 16 21 15 26 9 14 12 14 13
161
0
26 22 13 17 22 26 23 9 21 27 21 18 24 23 27 20 15 18 14 25
162
0
36 46 38 39 41 53 50 45 39 63 42 43 33 43 44 48 39 42 43 36
163
0
102 79 90 75 84 76 70 59 64 43 58 91 56 101 56 101 72 111 71 62
164
0
14 8 12 13 6 6 8 8 8 15 10 17 9 15 8 7 9 13 6 8
165
0
115 127 113 90 105 116 129 93 108 135 111 130 100 123 117 101 119 123 143 121
166
0
31 40 30 51 47 25 41 18 29 35 36 40 29 51 37 41 42 54 47 34
167
0
12 17 24 13 14 16 13 12 20 10 17 19 19 16 13 14 16 23 15 19
168
0
27 40 39 39 45 34 37 45 45 48 25 23 43 48 48 28 20 38 48 37
169
0
8 11 9 7 10 9 12 13 15 20 14 11 8 8 10 8 13 14 8 10
170
0
43 77 43 43 48 49 45 53 62 64 41 65 58 55 66 81 65 56 63 73
171
0
4 11 2 2 4 3 3 5 3 4 3 6 4 4 3 4 3 4 6 6
172
0
9 8 9 7 13 8 10 10 10 6 16 9 12 6 5 9 11 5 14 7
173
0
7 14 7 7 10 6 8 8 17 6 7 6 8 6 6 5 13 5 9 9
174
0
16 12 13 28 15 12 10 18 13 8 8 13 17 14 11 28 5 8 19 13
175
0
49 46 70 47 48 51 40 57 63 47 71 48 69 43 60 51 46 50 44 53
176
0
71 61 56 70 42 62 62 60 39 64 56 35 53 48 71 45 71 73 37 66
177
0
12 16 14 11 13 10 12 13 9 13 11 11 14 14 16 19 22 10 14 18
178
0
71 57 80 60 85 79 71 80 61 63 56 98 88 82 87 58 52 76 74 83
179
0
22 20 22 8 14 15 26 23 23 16 24 22 20 21 25 22 18 17 32 16
180
0
45 31 35 36 33 13 26 37 24 27 23 34 24 44 42 46 28 43 36 33
181
0
19 41 25 29 36 42 30 26 27 27 46 27 29 45 36 36 24 33 29 32
182
0
120 127 117 143 140 159 155 136 144 168 103 130 143 156 159 121 143 125 125 135
183
0
100 102 70 82 76 95 84 78 72 83 84 114 99 86 90 94 80 86 90 107
184
0
1 1 1 1 1 1 1 1 1 1 1 1 1 1 1 1 1 1 1 1
185
0
23 17 36 27 21 41 40 18 32 23 21 34 26 18 21 26 18 28 40 34
186
0
55 34 50 31 51 37 39 49 42 40 34 38 28 43 28 41 37 36 50 40
187
0
20 27 19 33 24 20 28 27 20 29 15 24 18 23 18 19 31 29 19 31
188
0
149 176 170 192 140 157 178 169 107 129 151 134 190 128 138 183 110 201 148 137
189
0
20 28 35 26 28 38 27 23 18 23 16 26 27 20 25 25 29 12 25 19
190
0
84 88 93 122 114 105 86 114 108 96 126 56 82 89 166 94 76 94 73 74
191
0
14 18 27 32 19 27 26 22 17 21 28 22 14 28 24 18 16 14 18 21
192
0
22 14 14 11 22 14 17 20 13 17 9 16 15 10 18 15 15 28 14 16
193
0
21 24 25 30 25 16 13 12 28 13 12 26 14 20 23 28 16 16 25 14
194
0
6 7 6 7 7 8 7 10 8 12 8 12 7 12 8 10 5 10 12 8
195
0
25 30 43 22 25 29 27 40 30 41 30 21 26 26 31 28 45 33 24 26
196
0
10 5 11 6 10 8 8 11 10 7 14 9 6 13 12 7 9 15 12 10
197
0
22 29 31 21 33 22 19 35 28 19 25 44 17 27 30 26 38 24 21 23
198
0
2 2 2 2 2 3 4 5 3 8 2 5 5 4 7 2 3 2 2 2
199
0
6 5 5 9 7 8 4 3 7 6 7 2 6 12 4 8 4 5 3 4
