100
10
572340
0
0
150 1 31 31 63 5 1 95 69 55
1
0
192 2 29 35 102 10 1 108 88 60
2
0
153 2 28 46 70 4 1 75 111 33
3
0
159 4 44 36 74 6 1 71 91 52
4
0
189 3 37 42 106 10 1 62 97 30
5
0
194 3 31 49 97 10 1 68 104 67
6
0
151 2 32 42 89 9 1 61 93 53
7
0
140 2 36 38 66 7 1 70 63 48
8
0
168 3 31 38 72 13 1 100 111 65
9
0
132 2 24 43 73 15 1 88 88 65
10
0
133 2 23 33 71 8 1 118 104 50
11
0
225 4 31 31 88 8 1 80 138 43
12
0
151 3 31 37 79 6 1 64 99 66
13
0
165 3 46 23 72 6 1 97 80 53
14
0
161 2 29 44 93 7 1 79 109 40
15
0
153 3 23 47 77 5 1 72 137 57
16
0
158 2 28 50 88 7 1 70 104 48
17
0
149 3 27 43 68 14 1 54 86 73
18
0
143 4 33 37 85 8 1 68 73 56
19
0
159 1 35 34 98 14 1 91 118 55
20
0
152 2 23 31 83 7 2 66 119 46
21
0
124 4 36 51 92 15 1 69 100 53
22
0
175 3 36 35 89 6 1 70 116 37
23
0
132 3 39 56 70 7 1 71 114 48
24
0
134 4 29 25 78 12 1 69 129 52
25
0
124 5 35 26 77 13 2 81 104 50
26
0
121 2 26 27 81 8 1 77 94 57
27
0
152 2 41 36 108 6 1 63 121 69
28
0
145 3 49 46 103 6 1 78 84 69
29
0
145 2 30 30 78 8 1 80 112 58
30
0
126 3 36 29 64 9 1 54 108 52
31
0
152 3 30 34 78 8 1 75 144 50
32
0
152 2 41 24 73 6 1 62 113 71
33
0
169 2 21 26 56 8 1 71 91 51
34
0
123 5 40 30 60 6 1 80 96 60
35
0
145 4 34 26 81 13 1 67 85 48
36
0
138 4 28 36 88 7 1 96 121 63
37
0
151 6 34 42 76 10 2 56 120 58
38
0
146 2 24 44 63 15 1 85 99 68
39
0
158 3 33 31 80 15 1 46 107 50
40
0
134 3 29 42 72 7 1 74 100 64
41
0
120 7 22 33 77 7 2 72 82 60
42
0
164 3 41 37 85 6 1 70 81 49
43
0
142 3 31 41 101 9 1 80 131 87
44
0
125 2 54 30 73 4 1 82 90 86
45
0
192 3 36 43 100 11 2 85 103 58
46
0
139 3 27 49 78 11 1 101 99 67
47
0
154 2 29 45 77 6 1 70 103 49
48
0
180 4 20 39 97 5 1 89 107 60
49
0
155 3 29 25 75 10 1 60 80 60
50
0
139 3 48 24 78 6 1 62 104 55
51
0
151 5 38 24 91 7 1 82 102 52
52
0
150 3 26 33 65 6 1 90 96 71
53
0
142 1 36 37 93 10 1 64 131 51
54
0
194 3 21 41 82 5 1 59 121 47
55
0
139 3 29 21 84 8 1 66 93 56
56
0
142 2 38 32 78 12 1 87 94 49
57
0
123 1 36 32 76 6 1 82 130 40
58
0
124 3 44 47 67 3 1 74 85 42
59
0
145 4 27 47 65 6 1 71 84 54
60
0
133 2 34 40 105 9 1 95 84 62
61
0
157 3 19 40 81 12 1 57 89 57
62
0
181 4 27 47 81 10 1 53 85 50
63
0
167 3 32 29 72 6 1 80 98 68
64
0
153 3 36 33 62 7 1 74 120 51
65
0
107 2 19 37 68 12 1 59 119 83
66
0
136 2 18 46 108 9 1 67 133 57
67
0
118 2 23 31 79 5 1 67 73 48
68
0
162 3 37 37 101 6 1 73 95 59
69
0
142 4 29 36 98 5 1 74 107 64
70
0
157 3 30 48 61 9 1 49 116 57
71
0
152 4 25 31 61 10 1 87 94 44
72
0
147 2 27 57 79 7 1 71 115 47
73
0
140 3 19 27 61 13 2 112 104 49
74
0
124 2 39 48 67 14 1 94 108 38
75
0
132 2 44 31 83 8 1 69 118 50
76
0
161 2 35 42 109 8 1 69 84 56
77
0
172 3 26 30 77 10 1 69 117 64
78
0
169 3 44 41 65 6 1 96 105 49
79
0
156 4 18 33 89 6 1 98 92 61
80
0
162 3 25 58 81 9 1 84 106 48
81
0
139 2 29 28 71 6 1 89 113 39
82
0
211 3 32 36 96 11 1 63 110 46
83
0
177 2 36 32 59 13 1 64 142 47
84
0
152 6 32 31 69 8 2 71 136 57
85
0
143 3 18 32 81 9 1 87 104 48
86
0
136 6 41 34 73 5 1 76 89 50
87
0
119 4 44 30 76 13 1 83 104 45
88
0
151 2 20 38 74 6 1 72 77 45
89
0
165 2 23 27 101 6 1 82 126 52
90
0
160 3 31 47 69 9 1 87 132 50
91
0
140 3 24 63 85 5 1 65 100 46
92
0
177 2 37 36 62 6 1 89 145 58
93
0
135 1 34 34 97 11 1 82 105 56
94
0
158 2 46 46 63 6 1 51 109 48
95
0
146 4 45 50 73 8 1 93 126 35
96
0
154 6 19 25 67 9 1 74 114 60
97
0
146 2 25 32 88 9 1 93 106 46
98
0
143 4 28 27 76 10 1 77 111 59
99
0
119 5 25 52 64 4 1 67 107 45
