100
10
544855
0
0
15 28 33 32 24 22 21 24 39 35
1
0
41 60 57 45 38 56 69 44 44 49
2
0
68 77 87 56 55 63 55 57 62 73
3
0
89 75 69 48 82 66 51 53 80 39
4
0
91 67 59 67 57 86 49 68 86 68
5
0
18 29 13 29 28 18 44 16 25 22
6
0
28 21 31 35 11 31 18 13 23 14
7
0
128 128 136 114 126 122 102 130 129 105
8
0
24 17 20 24 30 39 25 20 37 33
9
0
18 19 21 19 20 11 13 17 15 23
10
0
6 8 4 10 5 8 8 7 6 8
11
0
145 100 91 126 114 95 93 102 73 112
12
0
4 7 5 4 10 5 6 10 9 6
13
0
12 10 10 12 12 9 7 15 6 10
14
0
43 41 55 38 44 38 41 34 74 39
15
0
68 62 59 69 60 74 66 107 74 76
16
0
33 24 20 36 39 26 24 21 19 20
17
0
6 13 8 8 11 9 5 8 6 5
18
0
24 36 20 26 37 46 37 27 31 42
19
0
116 118 110 117 94 139 100 108 123 128
20
0
16 13 19 19 17 17 17 15 16 10
21
0
57 48 32 40 46 35 45 66 38 52
22
0
3 2 2 2 2 3 2 3 3 2
23
0
19 16 22 24 17 17 33 16 21 14
24
0
76 70 72 67 75 101 102 68 90 81
25
0
50 52 70 38 51 34 61 55 59 57
26
0
50 64 34 65 38 47 43 41 43 48
27
0
8 7 12 2 4 6 5 7 3 7
28
0
4 3 3 5 6 6 10 5 6 4
29
0
88 72 62 80 74 79 89 72 88 81
30
0
30 29 39 20 56 35 19 26 42 43
31
0
4 6 9 7 5 8 9 10 5 9
32
0
31 23 46 30 46 15 34 27 42 27
33
0
7 8 8 8 7 8 15 9 10 10
34
0
9 12 12 14 11 13 11 10 14 16
35
0
35 47 29 23 38 50 27 20 42 36
36
0
37 26 22 30 26 19 33 29 52 24
37
0
73 66 61 56 72 74 69 88 67 53
38
0
31 35 38 23 39 33 35 25 41 37
39
0
24 52 57 28 22 31 30 39 37 42
40
0
140 189 203 139 148 169 147 141 128 125
41
0
33 15 17 16 21 10 24 27 22 19
42
0
22 47 41 36 51 24 27 28 37 33
43
0
25 29 26 21 35 20 34 15 26 23
44
0
22 13 15 14 13 14 10 22 15 36
45
0
34 22 31 23 18 26 32 20 28 30
46
0
5 2 3 3 4 5 4 5 3 4
47
0
67 91 52 49 59 69 26 43 108 85
48
0
17 23 20 17 18 12 23 20 21 29
49
0
7 7 9 8 8 13 9 12 8 11
50
0
46 41 62 56 58 80 57 68 57 62
51
0
50 29 50 46 23 37 38 44 29 45
52
0
77 71 57 69 67 79 90 57 67 63
53
0
59 65 53 48 47 47 40 94 68 64
54
0
28 18 46 21 23 33 38 31 20 23
55
0
49 92 70 77 96 75 44 54 83 62
56
0
152 168 149 144 137 197 191 150 164 194
57
0
17 9 17 15 17 23 16 16 8 12
58
0
74 50 51 56 69 58 80 52 70 59
59
0
107 139 124 98 108 109 85 106 112 103
60
0
136 118 89 113 128 117 76 114 112 98
61
0
169 102 120 116 111 120 122 77 130 107
62
0
216 233 277 227 257 212 285 212 244 208
63
0
11 10 6 11 9 15 11 4 10 10
64
0
35 43 29 39 30 36 39 34 27 31
65
0
22 29 15 29 25 22 20 16 32 29
66
0
31 21 22 19 14 13 20 15 19 20
67
0
32 35 34 41 39 26 32 37 51 25
68
0
45 42 45 47 40 34 46 40 65 31
69
0
12 17 13 18 16 17 21 16 11 13
70
0
126 117 104 88 106 99 152 149 115 112
71
0
50 40 57 38 61 42 49 48 45 37
72
0
9 5 12 8 10 5 6 11 12 9
73
0
5 4 5 6 5 4 5 3 3 8
74
0
40 55 30 40 37 43 39 27 34 39
75
0
85 59 79 69 53 73 68 64 47 80
76
0
76 75 66 76 49 60 68 61 83 49
77
0
133 150 155 154 171 149 148 143 189 135
78
0
233 283 176 241 234 202 254 266 222 138
79
0
45 41 47 48 37 38 43 48 45 34
80
0
63 58 58 43 56 61 36 47 47 57
81
0
22 23 29 25 19 20 21 28 28 18
82
0
70 72 94 104 73 131 107 87 97 111
83
0
89 82 73 61 67 82 72 49 88 80
84
0
13 16 13 12 9 10 12 10 7 7
85
0
4 7 5 3 14 3 3 11 4 6
86
0
41 51 44 32 49 32 55 43 71 30
87
0
196 200 155 205 168 152 166 188 159 214
88
0
16 28 27 43 20 28 34 38 37 25
89
0
1 1 1 1 1 1 1 1 1 1
90
0
10 5 4 3 4 6 5 3 4 4
91
0
6 8 5 11 4 9 7 9 8 9
92
0
83 94 104 96 117 87 152 113 88 105
93
0
4 4 3 2 2 2 4 2 6 4
94
0
53 58 45 57 63 69 59 53 61 74
95
0
13 25 13 14 14 12 20 20 17 11
96
0
124 120 126 107 101 117 141 113 127 111
97
0
71 49 63 46 62 69 69 61 73 80
98
0
55 42 35 40 25 24 28 42 37 33
99
0
21 23 33 26 23 25 27 23 22 29
