50
5
461052
0
0
37 17 16 22 35
1
0
31 28 21 35 24
2
0
81 118 89 130 109
3
0
2 2 2 2 4
4
0
37 43 31 41 30
5
0
68 50 52 53 42
6
0
83 72 84 61 74
7
0
174 169 157 185 132
8
0
32 21 48 59 43
9
0
23 19 26 23 28
10
0
233 194 291 265 292
11
0
8 10 12 8 10
12
0
82 91 92 78 84
13
0
61 83 55 58 75
14
0
64 43 61 53 35
15
0
13 7 11 13 10
16
0
78 74 63 80 59
17
0
19 13 27 23 16
18
0
68 77 75 77 67
19
0
78 69 61 97 113
20
0
3 4 7 4 5
21
0
12 17 13 6 10
22
0
66 68 67 78 76
23
0
46 30 56 44 70
24
0
131 123 105 111 121
25
0
3 2 3 3 3
26
0
90 78 83 72 83
27
0
32 18 18 14 30
28
0
8 10 7 9 12
29
0
66 65 63 84 82
30
0
20 13 23 8 19
31
0
50 50 44 39 77
32
0
17 7 10 8 5
33
0
18 27 27 22 15
34
0
94 83 108 72 114
35
0
30 54 62 46 37
36
0
35 18 27 32 23
37
0
22 16 15 18 13
38
0
23 15 26 23 30
39
0
15 21 23 41 29
40
0
91 66 90 99 59
41
0
17 18 23 27 26
42
0
9 6 11 10 8
43
0
36 38 29 45 27
44
0
140 156 115 166 160
45
0
43 23 23 34 40
46
0
6 11 18 13 6
47
0
89 60 59 75 68
48
0
83 93 88 76 82
49
0
110 114 141 158 143
