50
20
346196
0
0
14 44 7 2 26 104 2 97 56 62 14 15 68 26 23 132 21 32 49 103
1
0
219 45 79 52 51 57 47 134 17 9 53 51 10 42 43 7 0 36 33 45
2
0
50 6 9 151 52 35 25 318 13 57 33 79 52 80 75 39 37 66 144 268
3
0
38 60 92 24 109 4 22 125 22 51 18 80 56 208 10 121 75 32 135 15
4
0
181 55 50 43 11 3 75 21 79 43 40 151 23 56 25 13 8 31 44 71
5
0
45 30 10 204 37 19 5 31 6 0 1 52 136 1 32 238 7 76 27 6
6
0
80 80 48 27 35 45 54 11 205 107 30 22 121 90 39 15 33 17 50 123
7
0
153 219 14 8 31 50 88 53 48 16 21 46 144 19 93 71 99 46 8 94
8
0
29 19 54 7 155 27 24 76 50 7 28 25 4 77 67 15 25 191 161 79
9
0
51 67 47 38 99 62 48 6 21 94 7 11 34 141 35 48 43 3 49 91
10
0
11 19 37 18 5 19 13 17 4 180 256 17 30 6 29 24 22 16 4 128
11
0
23 63 85 10 10 49 96 4 136 18 40 127 58 189 55 45 29 10 83 47
12
0
44 9 34 17 1 35 8 5 137 32 118 4 10 106 47 110 193 107 5 81
13
0
30 156 14 23 102 140 15 61 28 70 1 82 4 42 27 36 21 25 39 44
14
0
144 1 4 3 2 54 2 16 26 22 43 100 2 30 10 39 16 106 56 81
15
0
119 0 4 119 20 26 11 99 12 10 47 42 352 121 147 26 5 28 7 9
16
0
67 77 26 12 37 1 56 8 25 143 45 25 120 44 40 1 0 9 69 382
17
0
72 20 43 65 38 58 4 33 116 26 88 23 10 108 122 275 43 87 6 1
18
0
41 144 84 89 42 19 62 498 51 129 238 3 92 20 15 11 7 117 42 85
19
0
36 1 12 132 44 16 47 87 98 18 25 58 1 83 202 49 57 86 29 150
20
0
47 96 18 4 91 73 15 148 5 25 56 33 35 82 75 4 12 3 13 50
21
0
4 57 124 33 224 31 28 41 27 20 25 9 52 19 18 25 27 16 88 13
22
0
72 29 53 56 79 24 58 86 18 24 171 31 80 47 15 8 53 65 1 276
23
0
28 120 36 16 48 19 143 213 21 53 6 11 23 146 100 33 52 54 142 67
24
0
10 67 12 5 0 15 61 51 56 12 51 67 41 47 111 102 157 18 106 11
25
0
47 12 8 76 36 157 49 90 4 67 16 61 94 64 12 1 20 62 163 77
26
0
19 20 51 216 4 34 1 41 31 66 41 9 55 15 3 22 44 8 26 7
27
0
49 59 82 46 14 17 1 60 29 21 1 143 10 91 135 40 5 15 57 21
28
0
124 38 95 30 16 56 244 21 113 15 7 12 9 45 21 0 111 11 16 11
29
0
4 120 61 90 164 1 91 7 18 167 85 18 20 39 4 191 5 25 60 50
30
0
65 11 4 9 4 15 239 31 74 19 11 46 110 8 26 45 69 57 19 2
31
0
171 26 24 172 87 44 1 65 48 148 34 31 49 19 27 75 47 8 40 15
32
0
35 100 16 19 22 0 39 85 61 27 207 5 29 82 31 56 64 39 78 55
33
0
0 177 45 67 14 27 17 45 19 5 183 51 5 37 3 128 30 19 11 91
34
0
37 20 60 18 11 36 3 50 181 53 39 22 4 51 106 8 105 57 84 16
35
0
21 61 7 16 69 4 26 59 65 49 12 100 12 29 18 113 77 43 35 44
36
0
7 30 2 21 63 60 69 11 101 5 24 32 110 54 1 61 38 77 7 38
37
0
166 84 110 98 10 4 19 18 12 81 66 94 28 108 23 180 44 57 44 122
38
0
84 100 90 281 17 50 103 5 12 107 8 118 129 48 13 30 16 28 244 25
39
0
36 148 40 58 54 9 13 9 60 13 30 102 4 2 31 4 44 95 66 19
40
0
52 4 16 11 47 4 55 5 41 13 63 75 122 37 51 19 12 129 25 143
41
0
108 58 34 35 30 85 21 73 1 6 24 68 35 35 15 15 39 1 18 7
42
0
18 52 32 112 45 1 34 17 0 326 55 14 8 35 7 39 31 9 19 38
43
0
55 7 6 17 10 89 23 16 54 11 86 8 29 37 43 34 128 13 17 3
44
0
33 186 49 40 285 13 56 1 81 76 32 9 40 7 31 80 45 5 91 13
45
0
63 3 102 21 49 91 33 3 77 103 144 162 45 21 3 7 30 84 101 151
46
0
2 34 100 19 176 68 14 14 8 179 8 2 106 23 8 24 75 40 61 10
47
0
30 48 132 16 3 67 8 17 20 19 2 16 35 49 26 79 52 60 72 38
48
0
1 8 153 119 67 63 60 99 77 20 80 23 77 114 16 7 11 27 50 22
49
0
35 6 77 89 26 24 92 9 90 26 62 30 6 49 35 48 30 93 182 81
