200
10
478491
0
0
31 34 33 23 25 24 19 21 36 22
1
0
337 368 307 311 292 347 377 269 394 319
2
0
17 23 20 25 19 25 21 29 23 25
3
0
27 22 35 34 26 26 21 17 30 22
4
0
115 91 117 110 96 114 115 90 103 92
5
0
32 28 35 26 22 38 56 29 31 47
6
0
86 85 129 100 91 108 90 119 101 111
7
0
26 23 14 27 17 20 31 19 28 19
8
0
12 13 15 15 11 8 27 12 11 16
9
0
47 38 31 32 39 54 45 30 40 42
10
0
16 20 21 27 23 15 19 21 21 12
11
0
78 76 91 84 92 63 74 118 86 84
12
0
8 7 8 9 11 6 8 9 7 11
13
0
27 29 35 28 26 30 29 37 31 30
14
0
48 62 96 72 86 75 48 58 81 72
15
0
40 56 32 29 42 46 56 36 39 45
16
0
2 3 3 2 1 2 3 2 1 2
17
0
75 105 82 69 70 112 53 80 109 90
18
0
56 27 40 63 51 51 42 49 43 32
19
0
34 33 43 32 43 36 32 20 45 20
20
0
209 157 164 195 152 173 198 201 202 185
21
0
151 149 126 92 99 165 139 106 107 115
22
0
54 82 77 62 97 66 96 62 75 72
23
0
21 15 19 24 11 25 26 25 21 13
24
0
96 88 122 129 93 97 104 90 86 83
25
0
15 12 17 12 15 11 12 15 20 6
26
0
11 16 19 12 26 20 11 22 10 13
27
0
106 109 137 77 81 73 106 74 132 69
28
0
74 78 66 95 85 63 67 68 87 73
29
0
66 42 52 66 73 63 46 47 68 51
30
0
6 7 5 3 4 6 10 6 10 7
31
0
140 122 110 110 169 151 110 122 81 171
32
0
256 212 214 229 197 240 235 204 237 273
33
0
50 29 47 51 33 39 29 34 32 37
34
0
6 16 33 17 36 21 27 20 24 15
35
0
95 81 83 87 120 75 107 84 109 107
36
0
72 53 49 52 51 68 53 62 58 70
37
0
7 2 7 7 6 4 4 5 6 6
38
0
3 3 1 3 3 3 4 5 4 4
39
0
76 69 88 81 65 94 69 90 63 108
40
0
16 16 12 12 12 21 17 14 9 14
41
0
24 40 40 39 33 31 31 45 23 17
42
0
69 89 73 71 79 51 90 61 61 89
43
0
48 57 60 47 57 75 91 59 73 72
44
0
41 82 55 67 61 65 51 49 39 44
45
0
2 3 5 6 3 3 3 5 3 4
46
0
51 44 27 44 36 39 38 35 32 35
47
0
177 182 185 196 117 171 133 193 205 127
48
0
34 46 48 51 46 47 59 44 41 45
49
0
233 155 195 179 163 178 148 152 196 127
50
0
142 146 129 169 173 163 148 166 149 92
51
0
7 3 5 7 5 6 3 5 4 8
52
0
54 73 59 64 65 74 39 83 52 56
53
0
55 45 46 63 72 50 64 32 30 48
54
0
77 64 51 71 53 66 68 56 68 55
55
0
10 13 7 4 8 14 19 7 9 6
56
0
13 8 8 9 12 8 7 10 12 5
57
0
5 5 10 6 4 3 6 6 8 11
58
0
82 112 93 106 114 109 108 85 117 86
59
0
5 6 6 7 5 6 3 9 5 10
60
0
57 115 90 95 102 90 94 121 82 106
61
0
39 19 29 18 39 26 41 28 32 21
62
0
10 24 16 13 14 14 11 14 21 10
63
0
24 14 14 14 24 20 11 9 11 19
64
0
65 63 48 80 52 62 44 54 63 47
65
0
69 83 63 49 63 68 82 67 62 63
66
0
1 1 1 1 1 1 1 1 1 1
67
0
32 25 34 26 30 46 44 30 44 40
68
0
63 62 34 51 48 46 48 70 61 64
69
0
26 26 27 20 30 25 27 21 27 22
70
0
8 5 6 4 7 4 5 5 5 3
71
0
287 254 253 260 285 370 315 333 274 342
72
0
50 53 37 48 55 49 63 57 34 65
73
0
26 34 24 20 31 29 17 25 43 30
74
0
4 2 3 4 4 2 2 4 6 3
75
0
23 40 43 44 38 21 28 39 28 36
76
0
45 53 51 97 66 43 63 52 47 45
77
0
31 23 32 41 33 24 24 37 32 32
78
0
77 76 51 94 77 109 97 78 59 63
79
0
49 47 73 50 52 39 43 35 43 68
80
0
21 10 26 11 32 20 25 16 14 21
81
0
44 43 48 39 43 80 69 72 55 68
82
0
182 126 137 141 91 125 137 163 141 137
83
0
12 16 17 10 18 31 29 10 19 12
84
0
110 111 112 116 143 130 101 89 136 112
85
0
8 11 6 11 13 10 8 7 8 4
86
0
13 16 12 17 16 15 15 22 7 20
87
0
41 45 28 52 51 49 47 34 50 52
88
0
9 5 6 4 5 6 6 4 11 7
89
0
34 44 33 46 34 28 45 28 37 38
90
0
2 1 2 2 1 3 2 5 2 1
91
0
23 40 26 32 44 28 34 36 25 27
92
0
100 93 71 82 117 74 102 72 106 131
93
0
33 29 28 29 30 40 27 27 30 36
94
0
14 13 9 21 11 13 11 17 33 14
95
0
67 41 55 61 68 68 58 68 47 60
96
0
64 55 66 64 49 52 47 51 44 46
97
0
25 31 30 23 10 33 15 28 14 22
98
0
76 81 81 86 88 84 90 102 84 69
99
0
6 9 8 7 6 4 8 9 8 12
100
0
57 43 37 44 35 37 53 50 29 39
101
0
11 9 18 14 10 12 9 15 16 8
102
0
69 81 94 67 79 86 60 61 78 76
103
0
6 5 3 4 5 3 2 4 5 3
104
0
4 8 5 4 5 8 3 6 6 5
105
0
32 32 43 51 37 34 44 41 33 35
106
0
59 74 77 59 79 61 60 73 72 86
107
0
103 103 95 138 118 84 111 114 104 123
108
0
115 101 104 80 93 78 103 108 111 122
109
0
47 26 30 34 32 28 21 23 26 37
110
0
92 89 73 52 76 63 61 58 77 57
111
0
131 134 127 128 143 133 106 159 184 159
112
0
83 77 60 60 74 58 59 40 72 67
113
0
211 158 220 165 163 166 135 160 175 194
114
0
46 45 66 50 43 63 52 44 62 42
115
0
80 112 78 122 107 98 56 101 81 108
116
0
27 33 37 32 23 25 33 47 25 25
117
0
177 190 202 183 184 204 136 203 207 199
118
0
193 203 156 174 215 165 176 177 203 210
119
0
77 55 48 53 97 72 62 98 81 68
120
0
6 9 3 6 5 12 11 10 5 7
121
0
127 148 110 143 156 108 122 97 132 136
122
0
72 71 90 91 55 80 60 82 83 50
123
0
8 9 8 8 8 15 9 7 15 12
124
0
42 68 61 53 58 39 56 60 63 25
125
0
5 7 4 4 3 6 5 4 6 4
126
0
129 121 155 122 114 126 94 123 169 154
127
0
78 105 107 112 67 123 122 90 85 84
128
0
23 47 26 46 31 48 40 29 35 43
129
0
5 3 3 5 6 4 5 6 6 7
130
0
4 3 4 1 4 5 4 5 5 3
131
0
2 4 3 3 2 3 2 3 4 6
132
0
241 262 253 289 273 290 286 270 360 341
133
0
17 9 13 16 15 12 13 14 7 8
134
0
47 43 27 36 40 35 42 27 46 41
135
0
65 55 99 53 51 63 50 65 51 57
136
0
47 72 63 52 34 71 47 43 43 54
137
0
38 87 91 80 87 70 85 93 107 96
138
0
11 12 8 19 10 6 7 15 9 5
139
0
25 25 15 21 11 22 18 22 14 15
140
0
32 41 44 59 59 41 54 48 54 39
141
0
32 37 42 43 74 43 41 43 32 39
142
0
23 34 31 35 40 45 25 38 40 50
143
0
7 9 5 3 2 9 7 9 6 7
144
0
2 5 5 3 5 2 4 3 5 3
145
0
104 70 79 49 62 63 68 88 50 63
146
0
228 219 248 196 270 207 207 247 227 223
147
0
39 16 25 31 18 22 20 20 14 17
148
0
12 15 27 12 19 17 14 11 11 14
149
0
41 33 50 35 34 33 26 49 42 37
150
0
17 18 22 11 6 26 13 17 15 24
151
0
54 38 56 74 40 65 75 63 51 60
152
0
149 158 132 148 144 107 200 119 157 178
153
0
87 93 113 78 96 81 145 67 77 70
154
0
23 24 21 19 35 26 25 22 29 29
155
0
18 18 24 26 18 19 30 22 18 23
156
0
107 101 85 96 114 139 96 109 98 105
157
0
33 44 42 23 32 31 33 35 45 39
158
0
30 49 25 35 28 22 22 36 19 24
159
0
1 1 1 1 1 2 1 2 1 1
160
0
8 9 11 17 15 13 7 17 18 12
161
0
82 89 74 70 105 63 72 70 99 92
162
0
75 81 73 103 72 66 70 97 59 101
163
0
1 1 3 1 1 2 1 1 2 2
164
0
35 38 50 38 45 27 42 35 26 59
165
0
36 34 42 40 25 31 102 44 60 50
166
0
9 6 10 9 7 6 8 11 14 17
167
0
1 1 1 2 4 3 2 1 1 1
168
0
57 82 67 70 67 57 59 60 57 68
169
0
197 185 180 272 142 187 158 172 192 184
170
0
57 69 56 62 65 81 65 62 48 72
171
0
118 73 65 75 115 79 83 85 74 109
172
0
34 31 38 26 29 30 29 47 35 52
173
0
89 143 136 111 105 132 93 111 90 158
174
0
61 58 45 43 59 58 70 70 71 49
175
0
37 75 54 64 64 59 54 77 35 65
176
0
10 10 18 16 12 13 11 11 11 24
177
0
252 302 260 245 234 238 280 238 240 305
178
0
35 31 25 32 36 26 23 31 32 31
179
0
90 64 78 138 84 86 70 91 89 93
180
0
47 42 50 40 49 48 65 55 46 65
181
0
8 5 4 10 6 6 6 13 7 8
182
0
19 18 22 17 15 24 13 22 20 22
183
0
15 30 33 18 22 23 34 19 21 29
184
0
111 126 191 182 157 167 131 122 179 146
185
0
6 14 9 22 5 13 6 8 12 17
186
0
33 32 44 52 31 31 48 51 37 42
187
0
9 5 13 10 8 13 7 11 3 5
188
0
95 102 77 97 71 91 75 68 64 97
189
0
15 14 16 9 14 13 11 12 11 13
190
0
7 15 14 10 8 14 19 8 10 9
191
0
64 65 75 84 60 70 48 49 64 64
192
0
22 14 17 21 12 21 24 20 21 15
193
0
39 21 41 29 28 18 25 26 36 28
194
0
14 18 10 12 10 16 15 5 10 7
195
0
18 25 34 24 23 45 30 25 30 21
196
0
28 24 8 17 17 16 12 12 31 13
197
0
48 49 37 46 40 39 41 66 31 35
198
0
116 110 106 104 108 93 99 102 107 77
199
0
15 22 30 18 17 25 29 18 16 23
