20
20
277526
0
0
33 28 10 24 39 216 64 84 75 43 4 19 37 9 88 17 63 147 32 299
1
0
30 49 9 30 25 181 49 57 116 64 5 33 24 14 115 29 66 87 34 278
2
0
41 40 6 29 47 234 55 40 87 50 3 26 35 13 97 27 84 123 60 301
3
0
49 26 19 32 48 203 50 74 99 49 3 39 26 6 95 23 106 108 17 309
4
0
24 23 6 34 43 194 75 78 101 65 2 29 28 7 89 27 68 112 28 282
5
0
43 31 8 18 26 199 50 72 121 80 6 12 43 10 62 23 91 140 40 286
6
0
28 30 11 19 38 199 74 60 97 62 2 19 26 11 83 29 60 118 26 289
7
0
25 37 7 24 33 252 61 61 83 86 2 25 29 9 96 18 55 144 20 329
8
0
48 42 7 16 29 174 40 71 99 64 8 26 31 6 93 24 76 83 34 255
9
0
51 27 8 13 27 180 40 65 128 49 3 38 33 5 85 12 80 158 40 237
10
0
36 36 14 37 40 179 68 90 133 61 5 45 31 5 75 28 59 160 49 303
11
0
41 36 11 25 29 194 47 87 87 74 6 25 22 7 112 32 69 147 37 343
12
0
37 47 11 20 29 218 62 70 85 82 3 29 30 10 96 22 105 157 28 276
13
0
40 34 12 31 14 206 62 75 119 67 4 35 15 7 98 27 56 123 48 299
14
0
40 31 23 32 45 190 47 70 104 59 4 33 31 6 124 22 92 97 25 326
15
0
24 35 13 25 37 209 67 58 116 83 4 29 34 5 72 30 58 108 27 262
16
0
28 42 6 27 47 238 50 71 107 59 4 21 33 10 73 22 81 119 31 291
17
0
52 25 8 32 30 180 57 74 95 56 3 26 28 12 85 21 63 120 30 331
18
0
39 29 16 33 41 218 60 66 106 63 3 26 29 6 90 35 108 118 45 266
19
0
27 25 10 22 39 221 63 48 102 38 2 24 26 9 82 27 65 132 35 293
