100
5
17259
0
0
82 28 54 203 56
1
0
150 5 134 90 39
2
0
89 52 28 24 16
3
0
215 116 91 94 23
4
0
28 8 4 64 43
5
0
22 17 44 41 32
6
0
17 109 6 4 16
7
0
5 11 48 182 51
8
0
118 65 1 26 43
9
0
60 10 6 25 69
10
0
10 130 35 64 34
11
0
3 57 42 10 25
12
0
41 14 25 12 56
13
0
25 31 59 16 60
14
0
35 8 13 132 6
15
0
40 13 167 52 69
16
0
168 172 4 12 83
17
0
40 41 33 5 40
18
0
21 59 35 65 22
19
0
54 25 2 57 153
20
0
111 2 16 8 26
21
0
96 217 75 107 20
22
0
21 58 43 26 30
23
0
128 35 73 69 50
24
0
30 20 26 49 61
25
0
3 0 67 87 1
26
0
17 32 169 22 14
27
0
48 65 56 1 42
28
0
68 19 220 6 2
29
0
117 18 81 11 4
30
0
70 1 141 28 10
31
0
15 30 72 170 53
32
0
13 80 31 100 13
33
0
3 62 40 120 10
34
0
23 66 4 36 12
35
0
120 53 94 27 47
36
0
68 21 57 46 5
37
0
18 54 2 57 85
38
0
60 7 26 41 0
39
0
93 37 32 56 83
40
0
2 65 183 208 23
41
0
17 120 2 54 56
42
0
5 46 6 31 17
43
0
11 230 45 16 9
44
0
5 30 137 19 131
45
0
77 39 94 97 60
46
0
164 66 7 111 9
47
0
6 13 6 12 96
48
0
120 130 16 137 26
49
0
89 27 103 69 74
50
0
57 12 10 41 68
51
0
50 9 6 9 15
52
0
48 98 38 104 77
53
0
12 3 15 65 37
54
0
1 2 116 121 32
55
0
292 20 106 86 86
56
0
51 177 26 68 118
57
0
40 45 23 10 63
58
0
73 123 63 60 45
59
0
78 10 12 43 167
60
0
8 10 6 44 22
61
0
6 66 4 75 12
62
0
28 24 37 2 41
63
0
48 42 85 3 15
64
0
329 3 89 69 41
65
0
70 46 25 111 17
66
0
14 23 71 4 189
67
0
45 69 11 99 30
68
0
120 51 39 139 121
69
0
58 104 13 66 2
70
0
132 27 114 87 63
71
0
50 88 118 116 10
72
0
25 25 20 76 6
73
0
4 53 9 20 4
74
0
18 8 43 30 8
75
0
41 52 17 19 32
76
0
30 97 13 18 36
77
0
102 118 33 92 1
78
0
37 10 93 41 111
79
0
11 190 3 105 18
80
0
47 42 24 56 16
81
0
3 41 122 3 240
82
0
2 210 122 38 19
83
0
4 40 31 89 149
84
0
39 235 23 15 102
85
0
110 17 8 72 16
86
0
91 66 75 42 34
87
0
201 96 225 14 11
88
0
25 53 11 189 50
89
0
10 45 60 27 102
90
0
67 22 17 37 29
91
0
20 20 12 7 4
92
0
20 63 110 9 54
93
0
6 33 5 47 76
94
0
64 2 27 113 62
95
0
83 6 2 33 3
96
0
4 162 0 58 12
97
0
60 28 6 185 23
98
0
64 169 46 28 95
99
0
23 4 67 61 36
