30
5
319384
0
0
81 42 6 132 47
1
0
65 2 56 18 20
2
0
25 89 34 36 243
3
0
4 11 77 48 16
4
0
16 2 53 119 34
5
0
156 6 7 62 14
6
0
25 106 36 11 164
7
0
74 12 57 31 8
8
0
94 34 5 45 38
9
0
76 193 60 152 77
10
0
75 128 20 55 124
11
0
74 32 68 46 8
12
0
23 15 22 2 27
13
0
261 36 8 57 51
14
0
7 17 65 132 11
15
0
20 35 76 151 59
16
0
25 45 11 3 121
17
0
16 14 18 8 97
18
0
99 50 1 42 22
19
0
75 3 20 64 8
20
0
3 111 16 167 57
21
0
98 48 6 112 82
22
0
24 7 135 27 63
23
0
142 62 70 28 16
24
0
24 13 62 39 69
25
0
1 67 8 21 15
26
0
55 195 20 6 51
27
0
111 15 7 75 4
28
0
5 7 20 109 59
29
0
20 53 114 84 21
