50
5
65644
0
0
33 30 25 25 27
1
0
143 110 124 142 112
2
0
93 100 53 68 78
3
0
77 50 55 43 45
4
0
85 70 53 70 74
5
0
52 60 69 72 53
6
0
23 50 23 40 24
7
0
14 12 16 16 6
8
0
39 40 35 31 37
9
0
15 24 16 17 13
10
0
50 55 64 32 48
11
0
23 36 60 27 52
12
0
16 16 13 26 15
13
0
19 15 18 15 17
14
0
136 129 106 125 131
15
0
18 12 25 16 20
16
0
15 12 13 18 18
17
0
37 33 21 17 10
18
0
25 40 32 29 41
19
0
26 47 52 50 52
20
0
4 3 3 3 4
21
0
25 21 18 25 22
22
0
61 56 50 47 63
23
0
12 9 22 12 17
24
0
25 36 18 25 21
25
0
76 41 41 58 49
26
0
101 64 93 57 91
27
0
81 59 72 98 91
28
0
32 45 34 42 50
29
0
28 31 27 35 21
30
0
71 108 63 69 50
31
0
32 37 30 40 26
32
0
44 49 70 60 77
33
0
7 5 6 7 7
34
0
11 9 22 13 16
35
0
183 195 213 207 170
36
0
48 26 30 47 45
37
0
56 57 79 53 47
38
0
37 42 68 25 33
39
0
82 86 96 89 64
40
0
5 6 4 3 5
41
0
62 73 77 55 67
42
0
1 1 1 1 1
43
0
13 16 21 25 32
44
0
42 47 56 85 58
45
0
19 22 14 32 13
46
0
18 15 19 36 22
47
0
1 2 1 1 2
48
0
52 55 60 63 67
49
0
34 35 33 42 59
