200
10
403059
0
0
6 111 17 9 34 8 31 52 33 18
1
0
3 94 11 7 12 4 47 57 25 13
2
0
6 72 17 10 15 3 37 39 29 8
3
0
6 81 12 6 24 4 31 33 18 13
4
0
8 71 16 10 20 5 30 47 22 16
5
0
3 87 7 6 18 5 35 41 24 6
6
0
4 69 7 7 22 5 27 45 26 10
7
0
8 99 10 6 20 5 32 43 38 10
8
0
6 69 21 7 13 4 33 47 21 8
9
0
6 89 10 5 25 3 27 50 25 7
10
0
6 79 16 8 18 4 22 53 22 23
11
0
10 70 23 8 18 4 15 42 41 14
12
0
3 63 16 8 17 3 19 39 20 9
13
0
5 95 10 5 11 5 20 37 19 12
14
0
6 93 10 9 21 5 25 45 22 13
15
0
3 73 15 5 23 8 24 64 29 11
16
0
4 76 8 5 13 6 32 53 48 12
17
0
3 101 18 8 25 5 22 52 33 15
18
0
6 74 8 8 19 7 36 72 41 12
19
0
7 81 15 9 21 5 32 54 22 12
20
0
5 67 13 7 16 7 34 33 41 10
21
0
8 69 9 5 20 6 38 45 38 12
22
0
6 73 7 8 21 4 26 64 21 11
23
0
5 74 13 5 32 8 36 46 22 12
24
0
3 75 13 5 24 4 17 54 28 18
25
0
5 80 13 6 19 3 35 68 37 16
26
0
3 56 12 9 21 5 34 68 41 17
27
0
8 72 24 8 14 6 39 68 34 16
28
0
10 90 15 11 16 7 22 62 34 17
29
0
6 82 8 11 11 4 27 68 32 18
30
0
9 91 19 7 11 6 19 35 25 16
31
0
9 58 7 6 18 2 28 51 31 11
32
0
5 70 9 12 14 4 28 66 27 9
33
0
5 109 6 5 16 4 18 54 30 10
34
0
7 74 11 11 16 5 32 53 29 11
35
0
6 47 8 14 18 4 27 35 34 12
36
0
6 71 9 11 19 6 22 55 27 5
37
0
7 77 17 5 17 6 36 61 35 16
38
0
4 77 12 8 16 4 35 56 32 16
39
0
5 68 7 8 32 4 25 47 24 19
40
0
12 90 11 8 20 4 39 57 23 14
41
0
14 56 12 12 21 3 32 50 29 11
42
0
8 97 12 11 16 5 40 54 24 14
43
0
5 83 7 11 19 4 24 56 30 8
44
0
5 101 17 6 18 10 24 54 26 15
45
0
6 85 14 7 17 4 21 48 35 22
46
0
4 91 9 7 20 7 26 44 21 15
47
0
6 78 8 9 21 3 36 39 22 14
48
0
6 106 18 9 13 6 21 35 23 15
49
0
8 62 7 12 19 5 28 43 33 12
50
0
11 60 10 8 33 5 38 44 19 14
51
0
13 98 12 12 16 7 22 40 25 12
52
0
3 63 11 10 24 7 26 59 24 7
53
0
6 73 16 10 17 3 17 56 22 14
54
0
4 104 14 8 17 6 37 49 30 6
55
0
11 87 14 6 16 9 23 43 31 14
56
0
7 80 19 7 33 2 23 44 36 8
57
0
6 76 9 8 21 10 14 47 24 19
58
0
9 73 17 4 9 6 39 40 22 11
59
0
7 115 8 8 19 6 27 41 25 9
60
0
8 100 19 10 27 4 25 56 27 8
61
0
9 91 8 5 18 7 46 77 37 13
62
0
14 77 21 9 26 5 31 53 49 13
63
0
5 92 15 7 19 4 31 46 23 7
64
0
7 82 19 6 19 6 45 43 36 15
65
0
13 80 17 7 16 5 34 37 32 12
66
0
7 90 11 9 20 6 26 46 36 14
67
0
9 88 15 8 18 4 21 40 21 21
68
0
15 83 18 8 21 3 31 44 21 15
69
0
12 72 9 5 14 5 24 30 21 17
70
0
4 85 13 8 26 4 36 48 60 16
71
0
8 113 12 7 22 3 35 32 27 10
72
0
6 90 9 5 27 3 30 49 30 13
73
0
9 101 14 10 14 7 44 46 24 19
74
0
11 71 16 9 21 7 31 46 18 18
75
0
4 61 13 10 22 5 23 65 22 10
76
0
12 77 13 4 13 4 39 45 34 11
77
0
7 81 9 5 23 5 40 49 28 13
78
0
5 124 16 8 18 5 26 64 37 5
79
0
7 88 6 7 26 7 27 44 28 10
80
0
8 111 12 7 15 9 24 55 31 9
81
0
5 76 10 6 22 12 41 56 28 13
82
0
4 74 15 9 19 7 57 47 30 12
83
0
6 80 12 10 16 5 32 67 20 11
84
0
5 97 13 7 11 5 22 32 27 4
85
0
7 95 14 9 20 3 46 79 14 13
86
0
7 84 25 6 16 6 45 47 16 13
87
0
3 67 9 10 17 6 35 58 31 14
88
0
6 78 14 6 18 5 22 66 22 20
89
0
6 101 8 8 20 6 32 46 38 18
90
0
3 64 17 13 25 5 27 48 23 15
91
0
8 68 20 6 21 7 28 61 45 15
92
0
6 74 9 7 20 2 28 30 30 21
93
0
7 71 9 10 22 7 32 60 34 10
94
0
4 85 7 6 30 7 26 45 27 20
95
0
7 104 13 16 21 4 37 49 23 6
96
0
7 69 7 10 29 5 16 68 28 12
97
0
6 70 13 5 21 6 31 62 36 11
98
0
12 77 11 7 15 2 15 31 24 14
99
0
7 80 16 3 20 4 28 61 37 12
100
0
3 62 14 10 21 6 20 40 16 11
101
0
5 100 17 7 16 6 31 64 21 13
102
0
6 66 15 5 32 5 29 50 33 7
103
0
5 99 14 6 23 4 22 57 16 22
104
0
9 97 10 11 23 6 30 52 40 13
105
0
6 82 8 13 24 6 32 42 38 10
106
0
7 65 10 6 28 6 27 42 26 10
107
0
8 85 10 17 12 3 36 36 15 11
108
0
5 91 11 10 26 6 33 42 15 11
109
0
7 98 14 7 22 3 21 64 16 8
110
0
7 108 8 7 19 4 21 64 24 11
111
0
5 77 20 8 16 4 31 52 26 18
112
0
7 73 7 9 28 3 26 57 31 9
113
0
12 47 14 9 28 4 31 63 26 13
114
0
8 78 11 11 26 11 35 39 26 11
115
0
6 80 13 7 28 3 27 48 42 15
116
0
7 55 10 9 25 4 32 71 38 11
117
0
6 98 15 4 17 6 26 37 34 8
118
0
5 77 8 9 18 5 27 46 35 5
119
0
5 75 11 6 19 4 20 49 28 18
120
0
13 89 18 10 27 9 33 43 15 11
121
0
8 67 11 8 12 3 19 45 38 11
122
0
8 93 24 12 19 6 23 59 26 15
123
0
8 67 13 8 15 6 28 44 23 8
124
0
10 65 15 6 16 4 39 55 25 11
125
0
8 85 13 5 17 7 39 48 24 14
126
0
9 101 12 8 24 3 29 45 35 10
127
0
6 72 5 8 16 2 29 40 39 14
128
0
10 60 12 8 24 5 40 29 34 12
129
0
5 85 10 13 19 6 28 36 22 14
130
0
6 114 13 8 21 3 25 66 24 6
131
0
7 91 13 8 21 5 20 38 30 11
132
0
8 81 11 9 15 8 21 51 17 13
133
0
9 62 13 9 25 6 27 33 23 13
134
0
5 78 13 6 21 8 14 54 27 10
135
0
9 74 13 6 26 5 21 42 26 10
136
0
5 85 6 4 20 7 28 35 38 15
137
0
6 48 9 7 21 7 31 43 43 14
138
0
6 106 12 17 24 3 33 47 31 10
139
0
7 76 10 5 12 5 30 32 31 13
140
0
7 74 8 8 17 4 27 29 38 18
141
0
6 106 8 8 12 5 22 47 34 13
142
0
5 61 14 8 25 4 35 37 26 15
143
0
5 82 18 6 21 6 37 36 31 16
144
0
8 56 13 5 24 15 44 55 24 18
145
0
5 71 9 8 21 3 41 47 34 12
146
0
14 79 10 10 20 4 23 65 29 8
147
0
6 78 12 5 32 4 38 52 32 11
148
0
6 95 10 4 10 5 41 56 43 21
149
0
7 91 16 7 18 6 28 44 27 10
150
0
7 67 9 7 14 5 34 54 25 13
151
0
7 93 16 5 23 6 27 36 33 12
152
0
7 74 14 6 17 4 34 41 16 7
153
0
5 49 7 6 24 6 16 45 24 11
154
0
9 76 11 7 17 3 43 52 32 14
155
0
9 76 10 9 16 3 34 32 27 11
156
0
7 70 11 10 11 4 47 62 24 11
157
0
9 79 9 13 23 5 34 63 21 14
158
0
6 83 14 15 11 4 36 49 12 9
159
0
10 125 17 7 18 4 26 50 35 18
160
0
14 90 23 6 22 5 24 56 19 15
161
0
4 67 14 4 18 6 22 37 33 16
162
0
8 86 11 9 19 5 19 36 42 10
163
0
6 80 12 6 26 5 20 32 50 6
164
0
5 82 11 6 15 4 29 59 33 13
165
0
9 88 9 10 23 3 21 62 38 13
166
0
8 83 16 7 21 6 33 37 32 20
167
0
8 64 7 9 14 6 23 36 25 23
168
0
13 83 21 6 18 8 28 66 29 10
169
0
5 81 12 8 10 2 32 38 31 12
170
0
8 74 20 9 20 5 26 41 31 13
171
0
6 89 10 5 23 4 20 51 32 12
172
0
12 101 13 6 23 5 28 41 39 13
173
0
5 62 13 17 22 6 38 67 28 10
174
0
7 85 7 10 13 7 28 47 19 15
175
0
5 102 17 8 14 3 26 41 30 15
176
0
9 86 12 5 20 5 28 72 27 12
177
0
7 73 16 9 17 6 29 33 18 8
178
0
7 118 15 7 14 4 24 42 30 9
179
0
10 73 10 5 14 8 20 38 25 12
180
0
7 88 15 10 14 5 17 66 21 16
181
0
14 113 11 5 22 6 28 44 23 11
182
0
6 66 15 6 20 3 26 46 20 7
183
0
7 56 18 7 30 3 37 56 21 19
184
0
6 74 14 10 24 5 39 67 36 15
185
0
5 68 14 10 11 5 32 47 22 6
186
0
5 74 15 7 21 5 32 51 23 11
187
0
4 81 10 8 31 5 18 42 23 11
188
0
5 67 21 9 21 5 22 75 26 9
189
0
5 88 9 5 19 5 23 41 26 15
190
0
4 69 11 6 19 5 24 34 24 17
191
0
5 82 7 6 21 5 17 52 19 19
192
0
7 65 9 8 18 8 34 33 27 12
193
0
6 87 14 7 21 4 18 53 18 21
194
0
11 73 9 9 13 8 31 48 33 13
195
0
4 73 18 6 24 4 22 51 19 9
196
0
7 59 16 10 14 2 23 41 19 11
197
0
10 76 14 11 13 4 24 33 28 12
198
0
5 82 8 3 13 8 43 51 32 18
199
0
5 56 10 7 18 5 30 37 26 14
