30
10
3010004
0
0
56 34 43 52 28 74 8 39 92 41 
1
0
27 15 93 93 42 22 32 32 70 43 
2
0
5 56 87 30 81 23 44 13 53 85 
3
0
73 38 43 89 38 96 67 44 48 45 
4
0
52 42 70 25 74 79 24 33 22 40 
5
0
3 34 79 88 81 68 50 29 90 60 
6
0
48 62 4 77 62 11 74 39 13 23 
7
0
51 59 38 39 48 37 51 60 10 40 
8
0
89 49 19 7 41 90 4 82 22 74 
9
0
36 86 2 45 28 93 55 21 7 35 
10
0
78 4 36 12 44 68 49 21 8 87 
11
0
36 29 40 15 26 63 21 19 79 88 
12
0
2 70 33 39 13 21 55 29 66 52 
13
0
19 8 16 11 83 32 34 82 23 68 
14
0
73 52 77 74 80 41 6 4 81 26 
15
0
70 80 79 27 81 84 24 86 6 82 
16
0
33 3 43 45 51 92 83 66 37 91 
17
0
57 99 99 93 93 87 2 58 30 11 
18
0
64 9 97 16 9 99 3 59 8 82 
19
0
40 8 76 16 12 87 43 69 19 62 
20
0
45 35 39 71 28 1 31 30 87 2 
21
0
61 52 28 87 39 14 82 78 25 48 
22
0
6 99 84 60 11 99 90 58 28 33 
23
0
57 69 21 38 79 29 67 50 53 68 
24
0
72 3 34 86 28 61 11 58 66 51 
25
0
73 34 21 60 38 93 92 9 74 91 
26
0
69 27 73 88 8 67 63 13 91 92 
27
0
69 2 2 91 29 74 40 30 72 4 
28
0
73 3 22 86 49 17 54 82 33 77 
29
0
49 86 91 58 75 74 39 3 50 32 
