30
10
3010101
0
0
50 54 53 52 53 51 54 59 50 61 
1
0
73 72 77 67 71 70 76 76 77 69 
2
0
26 26 26 23 18 18 22 24 18 17 
3
0
97 90 99 98 95 91 99 94 96 89 
4
0
73 67 73 70 68 72 73 65 68 74 
5
0
49 45 47 52 46 54 55 48 49 52 
6
0
78 77 78 86 83 78 85 78 85 84 
7
0
85 81 84 81 80 87 82 79 78 80 
8
0
16 16 22 19 22 21 25 23 15 17 
9
0
70 73 70 71 74 75 70 69 67 73 
10
0
39 39 43 39 37 38 40 36 37 35 
11
0
7 12 10 13 12 14 16 7 11 11 
12
0
74 66 69 75 67 64 65 70 65 64 
13
0
22 16 24 16 26 17 24 20 20 19 
14
0
76 73 74 71 77 76 78 79 69 70 
15
0
30 34 37 35 35 28 38 28 33 31 
16
0
30 22 30 31 22 30 21 25 24 28 
17
0
64 61 63 64 69 68 65 61 62 65 
18
0
62 59 68 64 60 65 68 66 61 63 
19
0
53 53 58 52 57 57 50 51 58 50 
20
0
15 17 16 17 17 19 22 24 21 17 
21
0
15 11 14 12 11 17 16 21 16 15 
22
0
87 86 84 79 90 83 88 81 89 87 
23
0
79 76 76 73 81 73 77 77 75 75 
24
0
78 77 74 71 72 78 73 77 76 75 
25
0
20 18 22 22 21 25 15 14 24 17 
26
0
21 15 22 17 22 15 20 15 22 16 
27
0
57 58 56 61 62 65 55 59 56 61 
28
0
32 41 34 33 32 33 33 39 35 40 
29
0
31 31 25 21 28 28 25 31 31 25 
