30
5
3005101
0
0
50 50 57 51 52 
1
0
74 77 80 79 81 
2
0
79 78 77 79 80 
3
0
75 73 72 71 75 
4
0
89 95 93 88 93 
5
0
5 12 11 8 4 
6
0
81 76 78 80 80 
7
0
48 46 49 46 47 
8
0
93 91 91 91 98 
9
0
60 59 58 51 59 
10
0
85 87 84 84 91 
11
0
17 15 16 16 22 
12
0
79 76 78 80 76 
13
0
30 31 31 25 32 
14
0
35 30 33 39 32 
15
0
15 18 18 15 15 
16
0
35 37 39 38 41 
17
0
25 18 22 20 27 
18
0
69 74 78 73 68 
19
0
22 27 30 28 22 
20
0
15 15 15 25 20 
21
0
13 16 15 16 13 
22
0
6 6 13 7 10 
23
0
13 21 10 14 15 
24
0
14 20 19 16 18 
25
0
65 58 61 60 58 
26
0
78 75 80 81 82 
27
0
45 39 46 45 42 
28
0
44 51 51 43 43 
29
0
25 28 21 22 22 
