200
10
20010015
0
0
60 41 15 42 9 84 86 44 89 29 
1
0
12 57 43 60 97 25 71 22 40 49 
2
0
83 26 3 66 67 53 3 53 51 23 
3
0
2 52 77 49 36 15 29 11 73 18 
4
0
41 83 48 84 42 39 43 21 27 21 
5
0
60 56 56 14 87 90 89 24 63 79 
6
0
48 15 87 23 29 9 61 92 3 29 
7
0
17 39 41 13 75 49 12 61 52 75 
8
0
27 45 99 10 56 95 57 90 50 5 
9
0
86 16 11 53 50 14 34 74 61 18 
10
0
32 61 5 20 11 86 41 33 55 47 
11
0
40 19 22 69 45 86 93 17 16 71 
12
0
4 18 79 2 60 5 7 75 93 54 
13
0
45 3 2 10 71 53 58 4 67 8 
14
0
12 43 12 82 91 83 63 45 77 23 
15
0
81 85 43 25 10 70 31 52 35 95 
16
0
25 75 82 5 69 90 34 60 39 90 
17
0
82 44 53 76 93 90 29 52 80 71 
18
0
92 24 11 30 40 39 31 97 65 58 
19
0
18 29 87 90 77 76 15 78 1 35 
20
0
61 94 67 51 53 94 34 53 4 38 
21
0
28 85 56 53 36 68 75 9 24 73 
22
0
46 86 40 91 51 78 14 39 62 64 
23
0
22 38 41 93 85 77 70 82 77 48 
24
0
17 34 13 38 55 65 85 87 82 6 
25
0
74 95 4 70 42 85 88 67 34 43 
26
0
84 11 43 48 79 8 60 86 55 1 
27
0
25 12 2 77 90 63 28 36 1 4 
28
0
37 48 80 89 42 77 24 62 4 91 
29
0
31 99 35 15 41 61 7 76 3 2 
30
0
47 20 18 15 82 75 91 88 64 53 
31
0
21 13 82 71 15 87 55 84 89 54 
32
0
34 78 4 80 82 81 9 14 18 63 
33
0
63 2 41 60 15 79 60 3 22 84 
34
0
55 95 5 86 33 63 58 9 14 7 
35
0
79 46 92 65 3 70 27 7 86 81 
36
0
24 20 16 73 30 84 52 73 77 11 
37
0
17 46 59 68 26 45 39 61 35 39 
38
0
95 32 26 48 88 16 72 93 43 47 
39
0
28 47 92 31 7 96 42 52 58 10 
40
0
80 64 60 77 47 15 70 84 9 13 
41
0
96 11 22 79 55 59 30 29 48 5 
42
0
46 95 49 28 28 79 23 89 44 54 
43
0
56 94 10 61 17 83 33 54 7 25 
44
0
45 27 45 47 91 67 48 92 28 4 
45
0
61 51 77 64 47 68 87 1 41 88 
46
0
19 24 99 40 81 57 17 84 53 40 
47
0
91 94 52 10 64 43 57 48 97 13 
48
0
53 73 33 85 23 91 73 33 23 18 
49
0
77 7 86 14 75 51 81 6 22 61 
50
0
1 81 58 56 92 95 73 97 39 66 
51
0
78 80 56 7 31 52 67 94 63 93 
52
0
98 44 76 71 67 27 40 98 10 88 
53
0
99 7 51 82 94 95 45 22 94 66 
54
0
62 33 16 42 12 2 3 21 85 34 
55
0
58 82 38 32 33 24 66 90 51 51 
56
0
14 82 86 98 5 52 13 17 33 96 
57
0
76 50 87 16 68 37 15 55 85 86 
58
0
75 30 1 65 95 6 9 40 19 49 
59
0
11 34 22 96 68 52 75 52 77 70 
60
0
94 6 88 94 33 31 40 67 88 25 
61
0
69 55 36 2 73 9 94 69 41 63 
62
0
93 97 95 70 65 71 46 76 54 81 
63
0
93 79 46 72 82 96 43 94 30 64 
64
0
46 58 39 28 12 29 80 55 19 10 
65
0
87 88 88 84 17 97 4 45 34 73 
66
0
58 28 12 14 17 60 20 92 10 31 
67
0
59 66 12 65 90 32 53 89 67 88 
68
0
85 77 37 47 17 10 34 11 6 78 
69
0
11 82 88 91 5 67 27 84 91 50 
70
0
48 25 85 79 91 60 18 54 34 59 
71
0
15 90 68 8 49 14 94 6 70 80 
72
0
98 10 29 77 63 62 94 99 72 92 
73
0
72 3 55 66 79 35 56 43 53 66 
74
0
30 66 76 77 43 37 95 47 25 3 
75
0
92 35 22 54 37 25 38 61 67 42 
76
0
99 74 10 75 94 85 46 19 50 17 
77
0
27 46 23 60 38 6 30 63 83 44 
78
0
81 29 96 16 58 73 31 97 38 32 
79
0
53 50 79 76 99 46 38 89 82 84 
80
0
59 5 71 65 89 8 43 45 41 62 
81
0
5 86 13 83 36 7 39 4 22 91 
82
0
94 86 64 36 50 13 83 83 64 77 
83
0
90 7 37 97 54 76 48 72 90 57 
84
0
13 14 39 51 38 84 83 80 7 35 
85
0
24 43 50 60 16 47 24 53 66 88 
86
0
57 36 77 75 4 9 78 18 66 96 
87
0
97 23 74 23 18 58 78 68 89 78 
88
0
15 27 53 37 50 12 96 57 75 16 
89
0
33 83 81 84 25 63 11 13 11 99 
90
0
2 32 68 65 27 14 2 17 56 51 
91
0
44 27 7 92 4 3 34 9 75 13 
92
0
38 20 57 17 98 41 73 14 50 31 
93
0
48 66 49 84 14 71 74 78 52 52 
94
0
65 36 60 83 60 10 45 85 82 70 
95
0
71 46 60 16 73 30 69 83 11 96 
96
0
40 31 87 33 69 92 66 12 69 47 
97
0
52 49 35 32 71 12 28 58 18 1 
98
0
66 61 42 63 40 25 44 28 86 49 
99
0
49 87 41 29 56 80 8 81 26 52 
100
0
61 11 91 87 14 49 22 36 4 33 
101
0
56 95 16 44 14 74 53 48 21 43 
102
0
86 9 29 47 83 7 12 46 64 73 
103
0
4 93 39 55 25 25 51 46 80 68 
104
0
5 51 87 54 98 50 54 73 34 89 
105
0
34 86 49 7 20 97 35 73 21 62 
106
0
63 91 76 25 2 35 85 49 29 91 
107
0
12 17 94 85 39 28 25 47 7 11 
108
0
34 65 16 93 69 46 50 23 72 3 
109
0
66 83 10 2 44 84 20 73 74 71 
110
0
14 58 59 17 90 58 91 55 63 40 
111
0
17 66 76 75 76 3 73 89 53 84 
112
0
13 34 33 15 90 27 79 36 60 18 
113
0
36 97 52 27 51 61 58 9 43 95 
114
0
69 38 68 75 37 78 73 77 72 73 
115
0
28 67 12 77 42 95 20 37 50 65 
116
0
52 80 52 72 38 25 8 57 33 77 
117
0
1 48 26 10 90 67 77 12 44 41 
118
0
18 5 30 80 92 90 57 21 87 75 
119
0
47 8 57 55 24 62 65 63 54 20 
120
0
1 12 3 63 71 5 29 59 27 95 
121
0
95 36 82 76 59 53 52 79 26 25 
122
0
6 23 6 99 95 68 3 54 57 17 
123
0
41 58 89 16 10 90 34 79 68 5 
124
0
98 66 27 91 97 61 77 50 11 1 
125
0
70 77 60 37 67 5 18 69 38 47 
126
0
3 37 65 36 58 62 56 3 6 74 
127
0
80 45 56 8 90 3 85 58 34 74 
128
0
85 35 33 14 95 66 70 20 32 93 
129
0
89 78 96 41 14 68 95 34 47 74 
130
0
45 46 67 92 23 17 65 71 36 90 
131
0
9 33 11 91 48 44 11 22 90 39 
132
0
79 15 13 96 60 1 99 58 34 40 
133
0
95 22 41 81 6 45 84 8 68 54 
134
0
1 57 98 42 15 58 93 47 32 79 
135
0
81 50 96 32 27 1 10 84 81 98 
136
0
56 9 58 12 89 42 76 50 52 97 
137
0
61 97 81 93 54 84 15 22 68 56 
138
0
14 12 9 69 55 37 65 56 68 44 
139
0
63 66 48 33 16 23 2 9 1 77 
140
0
14 95 17 48 48 73 73 4 83 26 
141
0
94 93 19 62 99 69 15 28 58 19 
142
0
57 52 26 44 15 3 97 99 30 39 
143
0
98 29 95 72 48 58 56 36 50 11 
144
0
74 89 78 2 75 98 77 3 49 49 
145
0
67 16 32 15 75 72 99 7 21 93 
146
0
75 65 7 2 34 35 55 77 13 44 
147
0
8 14 62 6 23 37 97 37 61 25 
148
0
18 23 51 33 27 48 28 82 24 49 
149
0
46 71 17 65 68 26 79 67 70 23 
150
0
84 56 20 40 20 44 37 85 98 80 
151
0
19 41 46 21 84 15 45 66 86 9 
152
0
32 46 98 72 44 69 2 83 41 12 
153
0
56 56 48 8 90 94 70 79 19 26 
154
0
76 25 14 81 12 14 23 66 21 83 
155
0
26 98 79 41 29 95 38 45 79 84 
156
0
20 5 64 86 53 77 46 85 39 67 
157
0
14 51 39 38 5 68 69 84 28 28 
158
0
19 60 51 51 75 69 5 91 63 59 
159
0
69 19 54 86 42 67 4 64 56 71 
160
0
30 96 37 63 41 97 31 87 85 23 
161
0
53 11 13 20 57 12 68 16 6 12 
162
0
38 86 82 25 23 18 9 96 43 76 
163
0
25 16 30 31 99 57 79 62 40 75 
164
0
80 57 13 70 47 97 23 95 23 4 
165
0
24 62 11 73 10 86 51 17 51 43 
166
0
63 55 21 63 49 66 96 61 54 65 
167
0
98 90 15 39 75 62 71 26 15 19 
168
0
68 94 26 7 14 51 98 48 5 62 
169
0
99 79 44 57 6 78 76 9 48 32 
170
0
48 96 48 63 85 34 9 32 47 96 
171
0
19 31 26 76 72 73 10 21 1 3 
172
0
72 90 14 94 69 71 76 25 59 82 
173
0
46 18 3 27 85 43 33 15 55 3 
174
0
1 13 65 16 72 54 18 83 91 51 
175
0
45 13 91 44 42 75 51 2 7 19 
176
0
64 89 78 4 26 22 37 7 8 33 
177
0
49 92 69 68 25 3 52 63 10 31 
178
0
65 29 50 7 59 63 84 8 3 23 
179
0
58 24 95 60 65 22 45 28 12 84 
180
0
38 85 35 84 69 53 26 52 34 34 
181
0
17 27 49 22 61 56 62 58 53 88 
182
0
32 17 30 65 15 12 29 63 45 81 
183
0
72 86 93 54 74 96 32 69 58 83 
184
0
34 93 76 49 51 41 33 1 40 84 
185
0
40 8 24 80 74 27 89 64 17 82 
186
0
47 87 65 40 75 26 82 44 12 32 
187
0
56 7 12 31 12 84 7 57 51 13 
188
0
89 37 78 66 25 28 22 45 52 63 
189
0
23 24 5 70 50 88 15 49 21 1 
190
0
27 82 45 72 32 85 10 88 48 94 
191
0
65 93 49 63 71 79 94 21 64 36 
192
0
71 33 5 83 34 19 64 31 62 86 
193
0
54 32 78 1 57 83 90 72 99 97 
194
0
42 65 9 73 85 58 18 66 99 9 
195
0
97 2 4 65 29 77 90 82 79 80 
196
0
95 82 63 15 93 95 72 29 32 80 
197
0
87 64 6 37 83 67 34 58 69 91 
198
0
31 38 98 47 56 58 47 6 39 79 
199
0
9 34 58 4 96 2 54 62 31 47 
