200
10
20010019
0
0
61 37 66 51 82 70 25 41 96 19 
1
0
64 38 66 52 89 71 27 45 97 18 
2
0
64 37 67 60 80 66 27 43 90 14 
3
0
60 43 61 50 87 69 22 46 95 20 
4
0
60 38 69 60 83 64 22 43 89 20 
5
0
62 40 67 59 89 68 26 45 98 22 
6
0
64 44 63 61 89 68 26 44 90 22 
7
0
65 44 60 55 87 62 22 39 97 17 
8
0
61 45 66 61 83 67 32 40 94 17 
9
0
64 42 69 51 83 64 28 39 97 14 
10
0
60 45 60 57 89 72 24 43 92 14 
11
0
58 45 59 58 87 68 23 45 94 20 
12
0
61 45 66 59 89 72 26 39 93 14 
13
0
58 42 60 57 90 68 23 45 94 21 
14
0
65 45 61 50 81 64 28 38 97 22 
15
0
65 38 59 58 84 71 23 42 88 15 
16
0
64 37 60 60 90 64 26 43 93 19 
17
0
59 39 69 55 91 64 26 45 92 19 
18
0
59 40 64 57 82 63 28 38 95 22 
19
0
58 45 62 51 82 67 29 39 89 18 
20
0
55 42 64 55 81 66 25 46 98 19 
21
0
63 42 69 59 82 71 29 38 94 19 
22
0
65 37 66 55 87 70 26 40 94 20 
23
0
61 45 65 51 87 70 22 43 97 19 
24
0
64 43 63 52 87 67 32 44 92 20 
25
0
57 44 66 55 84 68 25 43 94 16 
26
0
64 38 66 51 83 64 22 46 89 19 
27
0
55 42 69 59 84 66 23 43 94 16 
28
0
56 42 61 55 88 68 30 41 90 20 
29
0
56 42 62 52 89 63 27 41 94 14 
30
0
57 45 63 59 91 73 26 43 91 14 
31
0
59 41 62 55 88 64 28 43 90 20 
32
0
63 43 69 51 88 63 24 42 93 12 
33
0
60 39 66 51 85 64 24 44 96 16 
34
0
56 35 67 58 89 70 27 40 96 23 
35
0
63 37 68 60 91 65 29 45 99 14 
36
0
57 41 69 58 89 68 30 45 95 13 
37
0
64 40 69 54 89 69 24 47 95 17 
38
0
63 36 61 51 81 68 26 47 93 20 
39
0
63 44 61 53 88 70 27 43 99 16 
40
0
64 44 62 52 85 66 29 46 96 16 
41
0
58 36 66 60 84 66 28 43 95 20 
42
0
61 43 62 56 86 70 25 43 99 13 
43
0
55 39 69 54 88 66 22 38 92 14 
44
0
64 37 62 55 85 67 22 44 94 15 
45
0
62 41 67 60 86 66 30 38 97 21 
46
0
59 37 63 59 88 69 28 42 89 13 
47
0
61 40 59 57 81 71 25 44 99 20 
48
0
60 44 60 59 81 62 24 42 89 21 
49
0
55 43 70 52 89 66 26 45 99 13 
50
0
62 41 63 59 87 70 21 40 95 16 
51
0
65 45 66 57 80 64 25 42 91 17 
52
0
55 41 67 50 87 69 31 47 93 13 
53
0
55 40 67 52 88 71 29 41 96 13 
54
0
57 41 69 60 88 71 29 45 98 13 
55
0
55 37 59 54 83 68 21 42 90 20 
56
0
58 36 69 50 85 62 23 46 95 15 
57
0
59 42 61 58 89 72 22 40 92 18 
58
0
58 44 70 57 85 72 31 47 97 19 
59
0
61 44 69 55 86 73 32 37 94 13 
60
0
62 38 65 54 85 70 22 47 95 12 
61
0
54 36 61 56 81 70 22 41 97 15 
62
0
57 42 67 59 86 70 22 46 99 15 
63
0
59 39 61 50 81 66 28 37 97 17 
64
0
64 36 68 58 90 70 21 47 92 18 
65
0
62 40 68 55 83 69 30 45 98 20 
66
0
65 36 67 55 83 64 23 38 91 20 
67
0
62 39 62 60 82 69 31 41 95 15 
68
0
59 35 69 53 86 65 31 45 90 18 
69
0
60 42 63 50 89 70 24 45 91 17 
70
0
62 42 62 55 87 70 21 37 92 21 
71
0
55 36 61 57 88 69 26 39 97 21 
72
0
59 39 69 55 88 68 21 37 91 18 
73
0
59 40 64 57 83 71 25 38 90 14 
74
0
63 44 70 50 85 64 27 46 97 20 
75
0
63 41 64 50 85 67 21 47 97 15 
76
0
60 45 61 50 88 71 24 42 89 19 
77
0
64 42 61 56 82 64 22 42 95 20 
78
0
61 44 59 51 82 72 25 44 94 13 
79
0
64 45 67 57 81 66 28 39 90 12 
80
0
60 42 67 56 82 70 26 46 98 12 
81
0
54 46 63 60 89 72 22 45 97 19 
82
0
62 36 65 54 89 68 32 46 96 21 
83
0
61 42 65 57 90 65 24 46 96 14 
84
0
63 45 67 53 86 65 31 39 98 12 
85
0
60 44 70 60 85 69 31 41 89 22 
86
0
64 42 69 57 86 65 29 43 96 15 
87
0
56 41 67 56 80 66 31 42 96 20 
88
0
64 42 60 51 81 70 22 39 90 18 
89
0
65 45 62 51 82 71 27 39 97 13 
90
0
62 36 61 60 84 64 24 42 95 13 
91
0
63 42 66 53 83 67 27 45 98 21 
92
0
60 38 67 51 90 73 25 46 98 17 
93
0
55 44 68 61 90 68 28 45 90 22 
94
0
55 37 62 50 91 71 22 44 92 16 
95
0
55 35 66 55 88 72 29 46 93 17 
96
0
64 39 59 53 85 67 22 41 98 20 
97
0
62 35 63 51 87 66 31 37 96 12 
98
0
56 44 66 55 89 68 27 37 89 14 
99
0
63 45 61 59 82 69 28 37 92 18 
100
0
59 43 63 60 90 67 24 43 98 15 
101
0
55 40 64 59 85 68 28 46 94 21 
102
0
63 43 61 59 87 67 21 46 94 22 
103
0
62 37 67 59 83 71 31 39 97 21 
104
0
61 44 65 59 89 63 29 42 95 21 
105
0
64 39 63 51 90 69 29 37 95 12 
106
0
57 40 67 54 85 72 32 47 95 21 
107
0
60 38 60 59 85 70 31 41 91 15 
108
0
62 42 65 54 86 69 32 40 98 16 
109
0
65 43 62 54 88 69 26 45 92 15 
110
0
56 41 59 58 85 66 31 42 90 19 
111
0
58 38 63 52 86 66 27 43 92 18 
112
0
65 42 61 53 83 65 26 42 99 16 
113
0
57 40 69 53 85 69 27 39 93 18 
114
0
62 39 61 52 89 73 27 45 99 18 
115
0
56 36 62 61 90 69 21 43 90 15 
116
0
64 45 68 54 85 70 29 46 99 14 
117
0
55 40 68 59 85 70 29 40 93 19 
118
0
65 39 69 50 88 70 25 47 95 23 
119
0
58 41 61 51 91 68 29 37 99 16 
120
0
55 37 61 55 84 67 26 40 95 12 
121
0
55 44 60 52 87 70 22 38 94 20 
122
0
55 37 65 61 81 70 21 46 93 22 
123
0
55 44 65 50 82 63 28 38 95 15 
124
0
60 41 69 50 83 67 25 47 95 22 
125
0
63 43 60 52 90 71 25 37 89 22 
126
0
63 39 69 50 88 69 27 39 96 15 
127
0
61 40 65 50 87 64 23 45 97 13 
128
0
56 40 68 54 90 62 26 43 89 22 
129
0
54 44 66 60 86 64 24 41 98 22 
130
0
62 43 61 52 82 64 26 37 91 15 
131
0
59 35 68 55 88 72 23 42 97 17 
132
0
62 40 70 59 80 66 32 44 94 17 
133
0
60 35 69 59 88 69 25 42 95 15 
134
0
58 37 63 54 85 65 29 37 98 14 
135
0
61 38 61 58 83 65 24 47 95 21 
136
0
57 41 60 56 83 66 30 41 94 20 
137
0
60 42 62 53 85 63 29 38 92 18 
138
0
55 42 66 52 82 71 26 44 92 22 
139
0
60 42 66 50 81 62 24 40 95 19 
140
0
63 41 64 51 90 66 26 46 94 22 
141
0
63 37 64 50 81 62 24 38 97 14 
142
0
61 43 66 56 87 69 31 37 94 16 
143
0
62 45 69 57 80 71 30 44 94 13 
144
0
58 40 69 53 81 66 30 45 99 16 
145
0
58 44 70 53 87 67 22 46 93 15 
146
0
58 40 61 54 88 64 25 41 91 15 
147
0
56 41 65 60 90 67 28 37 94 12 
148
0
59 42 62 59 88 67 22 44 96 21 
149
0
62 35 65 55 88 70 29 39 91 21 
150
0
55 35 62 60 85 64 28 43 94 19 
151
0
63 45 65 52 83 63 27 37 98 12 
152
0
58 37 62 60 85 62 26 46 90 19 
153
0
55 41 68 59 88 72 30 46 99 19 
154
0
63 43 61 52 90 63 21 43 98 18 
155
0
62 44 60 57 90 67 26 45 95 16 
156
0
63 43 65 54 91 63 26 42 98 21 
157
0
62 38 67 57 90 71 28 37 96 17 
158
0
64 38 68 53 84 68 30 45 90 14 
159
0
58 36 67 57 89 68 29 43 98 20 
160
0
59 45 64 55 88 63 32 44 97 16 
161
0
65 43 65 51 85 62 26 46 95 14 
162
0
55 43 70 59 89 69 31 39 97 21 
163
0
65 38 64 54 89 67 32 39 99 22 
164
0
64 41 62 54 89 71 25 44 89 16 
165
0
58 43 69 60 88 70 28 39 99 18 
166
0
60 45 69 59 89 66 29 46 96 14 
167
0
60 36 64 50 89 68 23 42 93 22 
168
0
61 43 60 60 88 68 29 47 97 20 
169
0
54 36 61 51 81 64 23 41 91 13 
170
0
62 37 65 57 89 69 21 47 89 12 
171
0
55 37 70 54 87 65 29 44 90 17 
172
0
56 43 67 55 90 62 29 38 97 22 
173
0
58 45 67 57 86 70 21 45 96 17 
174
0
64 43 69 56 83 62 24 47 97 22 
175
0
62 42 64 59 81 63 21 45 97 14 
176
0
55 41 70 55 88 64 29 37 89 13 
177
0
63 37 64 59 89 67 24 42 96 17 
178
0
59 44 61 59 80 64 22 44 91 22 
179
0
63 35 70 51 91 65 24 38 95 21 
180
0
65 38 67 54 86 68 26 44 89 12 
181
0
61 44 66 53 85 69 32 42 94 19 
182
0
59 41 68 60 82 63 30 47 91 16 
183
0
65 36 68 50 81 71 29 39 99 18 
184
0
57 44 69 53 91 69 30 37 91 16 
185
0
56 39 64 53 91 68 26 44 96 12 
186
0
57 35 64 60 81 67 27 41 94 13 
187
0
64 44 67 59 82 64 29 43 92 16 
188
0
62 45 69 51 90 64 21 47 92 19 
189
0
56 45 61 56 91 65 28 39 92 18 
190
0
62 35 68 54 85 64 29 40 93 20 
191
0
56 38 63 53 82 67 31 45 93 19 
192
0
63 46 63 52 86 70 30 45 94 21 
193
0
59 36 65 50 82 65 22 37 95 18 
194
0
63 36 63 58 90 64 21 40 93 13 
195
0
63 44 61 52 87 65 25 40 98 15 
196
0
59 45 60 53 87 64 24 47 96 13 
197
0
55 37 66 50 80 64 21 39 93 14 
198
0
59 42 68 51 81 62 32 46 97 19 
199
0
56 45 62 55 90 65 25 44 91 19 
