200
20
20020016
0
0
68 90 22 86 57 8 91 60 15 76 94 91 4 98 17 67 39 97 42 57 
1
0
62 34 66 84 65 8 64 11 83 31 73 12 71 76 55 27 57 52 92 46 
2
0
64 70 22 96 75 99 50 67 4 44 50 78 46 50 78 6 37 60 38 56 
3
0
97 62 68 90 62 13 40 70 22 21 22 2 10 70 56 94 74 61 67 56 
4
0
62 38 63 22 23 53 97 18 79 83 7 53 5 43 31 47 68 17 24 77 
5
0
41 2 72 69 8 88 43 91 47 60 10 47 32 58 53 6 81 89 89 97 
6
0
96 94 2 65 39 83 33 19 87 63 41 36 9 59 75 36 47 88 56 98 
7
0
49 25 87 50 52 30 44 12 72 62 86 87 52 51 5 2 93 21 66 79 
8
0
91 89 70 92 79 61 20 94 64 25 66 5 73 31 11 71 29 47 18 40 
9
0
73 85 11 54 16 18 20 47 40 54 83 49 11 58 65 70 49 55 5 47 
10
0
73 36 53 80 90 49 61 39 37 34 76 68 55 58 86 87 57 79 76 54 
11
0
8 72 30 1 65 2 35 23 73 10 18 38 43 29 85 95 59 12 96 69 
12
0
52 1 91 82 80 98 66 33 71 18 6 15 56 39 10 28 96 66 6 19 
13
0
21 24 59 15 44 24 23 37 7 61 40 89 60 45 25 53 30 11 69 81 
14
0
79 94 19 25 10 98 69 63 60 98 57 49 21 73 57 43 49 45 18 60 
15
0
35 99 28 29 77 88 77 52 63 75 53 82 38 37 96 77 35 53 86 40 
16
0
41 75 25 69 69 31 86 71 70 71 75 33 51 44 82 20 52 69 40 25 
17
0
81 50 43 7 85 24 70 80 52 49 73 27 73 6 24 61 8 12 66 81 
18
0
46 14 47 69 89 55 41 78 34 12 3 75 95 3 73 40 95 18 96 45 
19
0
66 23 40 36 53 69 81 97 87 5 27 24 63 13 76 15 23 58 18 53 
20
0
88 15 75 25 38 97 95 76 57 11 69 34 39 15 79 74 64 29 80 34 
21
0
69 26 8 89 83 41 60 78 74 15 67 62 24 44 87 5 70 92 42 55 
22
0
81 55 48 55 67 7 87 11 59 25 94 72 58 41 48 44 30 1 20 4 
23
0
51 38 81 40 47 45 29 23 36 97 34 88 2 20 53 11 19 93 74 12 
24
0
68 28 46 62 1 40 92 7 48 8 50 48 54 24 78 97 99 32 7 73 
25
0
56 87 31 12 80 77 87 1 9 42 65 63 25 28 78 55 75 44 75 39 
26
0
58 57 15 96 18 95 25 24 29 28 17 57 74 95 38 73 98 61 23 13 
27
0
9 29 67 25 51 29 77 50 90 22 75 5 6 87 31 77 91 54 1 34 
28
0
78 23 87 63 10 20 62 19 54 8 43 21 59 28 97 83 42 70 26 96 
29
0
92 26 68 26 69 82 4 29 52 29 62 50 31 7 49 46 92 5 21 91 
30
0
59 88 50 16 62 43 44 13 5 81 47 12 87 29 39 74 47 56 25 80 
31
0
95 21 90 53 52 25 83 50 33 49 5 3 73 39 80 37 8 34 48 57 
32
0
14 81 85 42 52 91 45 4 8 57 14 70 39 63 49 59 98 15 10 8 
33
0
33 11 23 81 28 14 28 14 43 9 95 6 35 25 48 61 93 86 77 95 
34
0
11 88 52 10 34 82 96 84 96 22 96 7 67 22 60 2 25 49 85 47 
35
0
46 8 50 71 22 89 81 45 79 66 59 23 5 77 81 74 27 22 26 93 
36
0
25 73 94 88 12 91 97 67 47 71 73 90 60 48 97 99 80 64 32 81 
37
0
4 14 18 69 48 46 42 94 22 15 88 65 64 72 92 84 31 80 79 71 
38
0
32 95 15 84 47 76 13 57 3 22 90 75 23 88 87 68 64 9 1 75 
39
0
4 58 92 36 53 93 12 29 53 72 86 43 38 41 11 46 7 76 70 82 
40
0
44 56 90 76 98 28 60 15 67 13 51 66 62 94 4 40 50 92 83 50 
41
0
45 80 55 66 84 5 11 23 85 31 45 47 23 82 11 30 55 67 73 4 
42
0
78 74 49 50 44 43 93 19 2 63 14 62 61 59 10 46 90 39 86 83 
43
0
87 25 30 69 6 62 36 44 6 11 4 75 38 23 31 60 12 2 14 76 
44
0
29 21 36 88 51 35 99 28 94 56 73 62 82 8 45 79 88 73 21 75 
45
0
54 91 96 52 89 38 17 20 58 51 60 91 67 86 76 26 83 72 99 53 
46
0
17 40 53 29 86 72 75 47 33 15 16 79 21 59 15 67 35 12 95 92 
47
0
87 14 47 73 42 67 12 91 64 13 63 56 33 27 73 48 40 89 39 69 
48
0
89 25 87 18 53 49 23 93 83 24 26 68 36 75 15 63 67 45 55 76 
49
0
33 18 73 58 42 51 70 46 59 66 88 55 37 14 39 91 46 39 54 18 
50
0
71 76 30 72 74 95 76 13 9 63 97 6 71 65 59 1 38 76 94 72 
51
0
58 59 2 36 67 84 96 51 9 51 3 68 46 24 56 51 26 26 14 9 
52
0
96 73 93 50 66 68 59 92 82 27 75 37 70 71 1 15 7 9 67 59 
53
0
34 14 74 30 51 27 85 19 14 82 92 78 36 78 79 70 66 99 31 47 
54
0
63 42 76 72 28 11 55 22 64 50 7 1 50 63 10 41 57 20 1 92 
55
0
81 48 23 79 51 76 59 92 23 39 89 29 40 85 1 97 34 21 31 42 
56
0
79 45 36 24 85 51 23 39 47 4 37 75 42 87 82 5 58 29 63 52 
57
0
22 80 27 23 89 87 11 16 50 10 43 81 96 57 35 13 54 54 60 20 
58
0
74 13 53 6 75 44 70 40 90 59 85 37 57 84 31 13 38 37 31 65 
59
0
80 38 1 58 75 10 27 64 76 85 42 4 70 38 1 16 11 94 81 8 
60
0
38 97 18 54 66 38 20 13 83 20 30 5 95 50 97 43 7 28 72 96 
61
0
43 46 40 93 11 64 60 45 85 11 59 43 6 70 44 98 11 68 57 92 
62
0
37 55 6 20 17 81 6 91 45 95 41 53 2 16 50 62 62 10 58 93 
63
0
59 25 39 3 92 99 38 59 52 65 33 55 19 12 12 8 51 91 25 41 
64
0
87 39 64 29 41 82 21 3 88 35 44 20 95 67 93 54 33 39 71 20 
65
0
14 24 85 87 47 8 59 79 80 52 85 64 89 68 95 18 71 59 35 9 
66
0
29 2 58 71 89 67 72 71 74 30 14 24 77 85 11 54 81 97 57 91 
67
0
1 35 82 71 9 41 48 9 80 88 14 16 82 94 59 45 88 64 95 39 
68
0
45 46 20 44 51 56 79 23 80 2 63 11 47 19 47 26 22 36 82 35 
69
0
66 44 72 16 60 38 82 26 28 97 56 56 86 56 5 15 60 61 2 38 
70
0
5 79 72 89 49 74 99 70 74 74 96 20 50 20 73 83 90 42 51 53 
71
0
95 30 98 86 48 60 42 86 61 74 88 75 6 94 89 26 84 97 82 29 
72
0
8 3 9 30 58 94 74 84 33 78 47 95 39 92 78 73 55 22 42 87 
73
0
81 44 47 41 6 15 14 83 43 13 17 89 85 40 95 95 51 13 76 55 
74
0
30 4 95 7 95 62 42 50 15 32 5 78 3 13 37 35 22 67 36 82 
75
0
84 98 73 96 74 81 46 11 86 4 99 6 18 66 17 96 66 17 48 14 
76
0
73 18 25 70 7 65 72 34 67 13 66 78 97 45 96 15 95 69 28 57 
77
0
16 89 6 80 71 46 33 16 45 77 35 17 52 92 32 47 3 75 54 17 
78
0
71 31 44 82 78 10 73 11 31 78 68 72 7 61 13 35 60 75 97 6 
79
0
35 34 69 8 40 26 57 32 75 65 73 18 51 87 7 64 25 51 64 8 
80
0
60 91 21 34 45 66 49 73 8 84 29 51 76 56 40 34 40 88 80 29 
81
0
82 5 56 79 29 79 96 12 27 27 87 70 41 69 70 58 90 40 91 38 
82
0
63 30 3 26 66 11 46 98 92 48 36 33 94 92 89 60 14 75 29 74 
83
0
15 41 98 86 56 80 14 62 57 98 83 30 52 72 41 78 5 59 16 70 
84
0
47 92 33 71 2 21 54 66 41 1 96 8 32 35 78 92 3 90 60 91 
85
0
30 51 64 99 16 23 20 55 28 9 60 22 56 20 73 78 6 59 45 94 
86
0
56 5 1 4 40 40 11 52 71 81 89 16 20 55 25 60 54 60 5 64 
87
0
81 6 55 21 97 85 46 78 28 8 80 66 41 26 66 52 24 17 49 93 
88
0
73 97 47 46 13 20 48 3 50 86 10 50 17 45 23 26 23 42 33 31 
89
0
93 81 72 73 34 33 76 60 6 3 88 60 55 24 55 49 60 14 28 65 
90
0
20 69 73 31 87 34 19 90 65 74 81 70 91 99 56 42 46 76 38 70 
91
0
96 74 33 28 90 29 36 54 41 4 85 52 15 17 6 4 74 49 55 74 
92
0
88 56 28 30 8 60 49 48 98 16 32 67 90 67 10 66 15 43 16 71 
93
0
73 60 83 3 40 89 50 22 48 52 64 8 36 73 91 47 24 50 39 51 
94
0
38 58 6 62 82 16 3 48 58 33 39 86 76 23 59 9 79 8 16 38 
95
0
37 93 32 96 33 29 36 82 69 53 65 39 81 46 24 62 50 79 38 53 
96
0
62 63 82 60 31 13 69 3 64 52 43 55 54 18 21 75 4 55 13 48 
97
0
47 30 24 48 86 93 84 60 3 13 86 68 52 59 58 58 78 35 93 73 
98
0
10 38 1 6 42 9 17 46 2 5 15 57 45 53 19 42 57 30 94 21 
99
0
85 37 28 20 63 89 89 11 32 60 77 56 44 39 58 38 77 25 4 96 
100
0
19 24 64 86 53 15 33 9 88 53 76 87 42 50 29 33 22 46 63 50 
101
0
21 12 19 76 53 36 68 51 65 82 67 22 87 11 68 35 50 7 22 92 
102
0
27 96 53 22 42 59 94 95 22 9 6 66 89 6 70 80 52 89 15 65 
103
0
49 86 53 95 37 72 3 9 39 87 53 77 98 89 86 63 86 8 97 43 
104
0
40 96 64 2 53 39 74 58 25 23 58 77 33 70 98 20 1 89 32 14 
105
0
46 63 93 64 43 75 75 55 23 47 13 67 45 9 55 8 95 67 67 47 
106
0
49 22 55 56 52 20 11 69 18 52 11 44 2 33 64 15 80 71 16 39 
107
0
69 27 68 11 69 19 33 87 58 82 68 71 89 95 53 67 78 34 89 17 
108
0
37 69 58 30 27 81 74 93 27 5 91 53 74 44 30 53 49 31 81 69 
109
0
95 32 69 61 53 31 37 60 10 81 39 12 24 7 19 9 88 8 87 14 
110
0
70 6 17 38 79 91 91 91 56 72 1 38 44 92 56 66 72 21 70 36 
111
0
84 42 28 90 97 19 65 12 24 35 38 73 88 67 57 34 28 80 67 64 
112
0
52 1 62 88 83 76 70 19 70 66 88 65 5 62 98 86 48 66 36 79 
113
0
63 45 59 90 34 41 75 79 12 64 75 41 89 88 36 28 55 69 69 51 
114
0
81 37 85 42 27 67 38 77 42 34 97 23 15 56 10 51 34 92 58 5 
115
0
52 28 57 69 3 67 40 80 92 9 78 43 45 91 56 86 76 43 5 97 
116
0
36 40 57 79 66 6 2 22 66 80 79 99 5 84 1 43 81 63 41 50 
117
0
73 52 70 94 23 81 56 91 48 87 38 86 97 73 20 32 9 12 25 47 
118
0
98 78 61 9 95 45 75 33 50 16 67 20 14 81 41 94 27 13 64 69 
119
0
87 19 57 27 7 76 3 27 6 48 18 66 25 53 78 29 41 89 38 10 
120
0
99 58 79 8 73 2 11 53 33 15 98 91 80 71 80 86 91 26 1 6 
121
0
12 28 9 83 50 13 62 59 5 53 92 30 64 39 81 24 57 40 60 73 
122
0
6 93 27 99 50 19 78 62 68 14 91 95 54 12 34 18 96 55 86 13 
123
0
76 96 52 46 98 28 15 90 57 81 91 51 16 54 17 18 75 48 59 10 
124
0
77 13 61 84 28 54 12 54 92 56 40 46 39 62 33 14 26 80 71 25 
125
0
61 78 38 3 7 70 48 92 1 25 61 10 76 97 58 8 91 43 82 29 
126
0
94 7 53 14 90 7 89 90 25 7 28 1 51 73 58 1 5 3 80 17 
127
0
15 24 46 7 51 23 71 13 69 81 63 10 68 97 74 35 70 47 80 53 
128
0
98 70 8 44 66 7 91 9 97 12 31 52 63 28 10 4 73 20 4 14 
129
0
60 69 45 62 96 92 32 86 58 52 30 66 56 9 90 94 32 21 82 60 
130
0
25 15 29 44 25 28 90 31 26 20 90 27 53 3 64 64 41 98 31 59 
131
0
33 96 8 66 91 14 94 35 3 7 23 92 95 33 80 29 50 56 32 97 
132
0
30 71 70 94 2 39 98 29 90 58 23 20 18 56 69 52 50 27 3 47 
133
0
11 32 61 14 32 66 62 96 85 70 47 75 28 59 54 43 92 43 14 14 
134
0
54 2 46 81 43 76 67 2 35 83 16 85 65 7 82 93 13 78 70 54 
135
0
45 21 79 74 45 21 35 20 12 1 15 82 69 98 21 86 70 76 79 17 
136
0
47 30 99 60 43 74 26 72 70 31 83 46 55 24 66 70 9 83 51 44 
137
0
9 68 43 20 50 38 21 5 35 61 47 31 65 5 16 24 59 35 46 74 
138
0
59 90 98 5 3 80 80 46 70 50 71 81 91 90 95 46 23 28 98 24 
139
0
23 14 47 69 73 63 50 43 93 72 68 71 54 79 25 94 69 87 22 1 
140
0
81 47 75 29 18 27 30 39 66 54 16 21 22 18 46 79 46 96 44 61 
141
0
99 98 15 7 39 63 38 94 78 67 84 14 59 4 44 77 9 89 32 73 
142
0
59 40 85 4 22 28 83 8 93 36 99 22 90 64 29 57 27 62 70 43 
143
0
64 10 94 32 43 9 64 23 52 80 11 7 48 41 81 94 68 43 6 12 
144
0
77 29 11 67 8 69 43 68 74 61 25 85 27 62 51 39 8 18 76 45 
145
0
74 63 92 8 48 97 62 80 24 71 85 96 62 13 74 74 82 5 53 40 
146
0
10 9 24 99 48 22 77 51 34 9 91 59 6 71 50 50 16 39 1 37 
147
0
62 71 95 17 84 96 84 27 85 11 74 65 23 26 77 20 60 5 55 9 
148
0
69 15 23 80 30 96 37 90 47 35 56 48 12 89 48 71 49 96 64 24 
149
0
10 51 38 45 47 16 46 45 44 6 81 7 83 55 58 39 59 4 65 97 
150
0
61 54 2 56 97 99 14 19 21 71 68 32 13 76 6 30 28 4 82 92 
151
0
10 62 7 51 89 49 69 63 39 1 98 24 28 26 52 68 17 7 25 45 
152
0
75 20 97 53 37 54 70 17 57 91 26 28 11 24 71 87 35 69 36 58 
153
0
33 56 83 59 37 17 81 69 3 28 33 78 64 83 61 90 65 95 69 39 
154
0
58 26 77 38 38 72 8 19 55 65 49 89 84 58 29 74 56 46 61 89 
155
0
58 8 98 67 16 59 26 74 92 48 33 16 27 88 53 48 62 69 24 78 
156
0
45 70 23 57 47 6 41 32 19 24 72 59 16 20 29 63 85 65 48 29 
157
0
33 3 57 99 91 64 15 62 82 27 44 51 36 9 36 63 77 22 53 82 
158
0
15 25 83 67 61 33 15 89 87 58 6 64 61 72 23 93 38 24 47 43 
159
0
23 78 19 28 99 16 83 12 7 55 86 3 51 77 82 45 8 26 95 22 
160
0
96 19 31 97 77 68 45 95 2 26 6 39 80 13 16 43 2 10 90 92 
161
0
32 63 33 69 47 97 82 83 27 75 31 15 89 46 80 8 60 36 18 67 
162
0
90 24 10 75 97 62 82 23 75 63 95 72 60 27 62 76 41 33 25 22 
163
0
95 58 26 6 60 55 87 57 19 26 50 35 56 20 95 58 68 77 79 44 
164
0
58 48 92 79 90 96 40 99 50 66 35 75 77 68 19 5 62 1 11 23 
165
0
87 2 18 84 69 6 46 14 14 13 78 5 48 33 6 90 65 94 30 22 
166
0
4 95 19 57 80 16 30 64 42 6 19 52 5 67 93 67 86 76 60 99 
167
0
34 74 7 36 93 54 11 77 43 2 41 12 55 4 85 38 57 53 86 29 
168
0
50 52 14 50 78 24 56 64 54 18 18 58 58 47 22 86 49 62 81 49 
169
0
54 39 73 48 4 89 90 50 29 8 15 48 89 46 68 68 75 99 96 69 
170
0
50 89 23 75 6 49 44 24 63 27 17 70 54 68 55 5 6 31 20 19 
171
0
56 28 62 17 97 28 57 7 99 66 31 68 2 46 33 74 88 22 81 70 
172
0
55 73 3 30 92 27 68 89 91 88 25 17 27 1 27 23 7 1 98 72 
173
0
61 4 62 29 52 39 75 56 17 64 34 25 27 40 26 70 8 37 34 32 
174
0
71 77 79 3 89 34 95 72 62 50 21 10 61 30 7 43 1 10 76 39 
175
0
21 33 1 89 8 94 21 75 2 7 82 18 80 67 5 68 85 94 49 12 
176
0
47 86 69 99 1 10 11 71 24 90 90 65 30 9 76 22 30 70 2 95 
177
0
71 74 1 58 78 41 3 30 4 90 78 90 12 59 10 66 24 37 16 63 
178
0
96 8 42 38 80 68 17 3 81 89 60 91 3 71 30 99 30 65 7 73 
179
0
12 9 25 53 56 56 98 35 18 44 16 51 6 90 88 78 88 59 35 43 
180
0
96 18 80 5 33 52 77 47 76 85 73 82 69 68 21 45 45 21 35 4 
181
0
62 76 5 18 90 63 32 91 56 75 74 35 22 33 92 35 65 40 21 4 
182
0
57 56 63 94 29 1 84 45 20 61 78 47 84 91 82 82 10 18 45 93 
183
0
40 25 37 21 36 40 29 31 81 81 77 27 44 46 90 11 43 62 40 28 
184
0
45 89 49 96 26 78 9 67 84 56 4 51 36 79 14 18 72 23 31 7 
185
0
10 61 76 27 88 26 46 34 84 56 87 73 91 57 47 40 85 42 90 36 
186
0
8 28 1 33 34 83 79 84 41 23 20 13 4 59 45 34 92 96 67 72 
187
0
68 31 51 7 7 44 17 11 35 26 85 35 84 14 77 23 59 63 7 24 
188
0
40 34 50 55 73 68 98 88 97 30 18 89 35 41 30 84 6 7 69 74 
189
0
69 15 67 30 99 87 27 10 99 63 17 52 70 88 10 75 90 93 23 76 
190
0
36 53 55 31 81 24 48 32 86 76 19 1 79 20 91 36 21 37 77 56 
191
0
71 47 76 12 31 94 84 44 95 12 99 88 39 78 15 22 40 25 5 52 
192
0
25 3 2 81 66 53 26 18 12 97 6 53 84 44 52 49 35 14 49 46 
193
0
96 74 87 47 19 5 53 82 62 71 68 1 21 47 7 83 99 5 29 87 
194
0
61 11 28 57 20 36 17 9 11 79 66 38 93 76 29 57 29 28 93 51 
195
0
88 32 26 73 39 65 51 59 70 37 87 76 25 87 14 89 58 78 48 82 
196
0
58 39 78 38 83 1 33 92 70 44 96 47 77 36 31 84 73 96 69 30 
197
0
89 41 72 50 66 54 50 3 99 38 1 99 48 28 92 37 73 59 13 68 
198
0
5 9 63 46 16 82 41 19 26 34 49 57 92 43 3 18 79 6 57 96 
199
0
88 81 84 11 50 69 47 18 51 21 5 20 77 2 42 64 70 56 83 56 
