200
5
20005021
0
0
53 73 68 74 16 
1
0
55 70 68 76 23 
2
0
57 74 72 69 17 
3
0
59 76 65 78 19 
4
0
52 70 65 74 24 
5
0
57 71 70 69 20 
6
0
61 78 65 79 22 
7
0
60 73 68 75 19 
8
0
51 73 73 77 16 
9
0
52 74 65 77 21 
10
0
56 74 67 71 20 
11
0
53 75 64 76 21 
12
0
60 71 68 69 22 
13
0
52 78 64 70 24 
14
0
56 78 65 73 24 
15
0
57 79 71 71 17 
16
0
55 69 70 77 19 
17
0
53 78 74 71 23 
18
0
55 69 68 79 16 
19
0
58 68 67 78 19 
20
0
57 68 70 76 25 
21
0
52 76 68 76 17 
22
0
58 73 68 70 20 
23
0
55 70 68 73 23 
24
0
54 76 70 73 16 
25
0
57 78 72 71 16 
26
0
57 78 74 70 26 
27
0
61 71 69 72 22 
28
0
57 78 74 72 25 
29
0
55 72 64 70 21 
30
0
60 71 74 70 21 
31
0
58 77 67 78 22 
32
0
57 78 71 70 16 
33
0
57 74 67 72 16 
34
0
57 77 75 72 18 
35
0
60 68 72 71 20 
36
0
58 74 70 77 25 
37
0
59 70 66 68 22 
38
0
60 72 73 76 24 
39
0
52 69 74 75 17 
40
0
52 69 74 77 24 
41
0
56 74 72 74 19 
42
0
54 75 74 79 16 
43
0
59 70 64 74 17 
44
0
58 75 67 76 24 
45
0
60 77 73 74 25 
46
0
58 69 74 77 20 
47
0
58 68 65 79 23 
48
0
55 77 71 75 18 
49
0
52 72 72 77 19 
50
0
62 71 65 79 17 
51
0
57 76 71 71 25 
52
0
52 72 74 71 17 
53
0
56 75 69 71 26 
54
0
51 73 68 75 19 
55
0
56 76 73 76 26 
56
0
60 70 65 74 16 
57
0
53 71 69 73 24 
58
0
58 75 66 71 23 
59
0
52 78 69 75 22 
60
0
52 76 74 73 15 
61
0
57 74 67 69 22 
62
0
58 69 67 71 20 
63
0
53 77 70 72 21 
64
0
61 71 70 73 15 
65
0
56 70 66 71 21 
66
0
56 78 67 76 18 
67
0
59 68 65 70 15 
68
0
60 69 65 74 20 
69
0
61 77 74 69 24 
70
0
59 70 72 71 20 
71
0
54 74 70 79 18 
72
0
52 78 67 71 21 
73
0
59 77 64 73 24 
74
0
56 69 67 79 17 
75
0
59 77 71 75 22 
76
0
53 73 72 70 18 
77
0
60 72 67 78 23 
78
0
52 72 66 73 20 
79
0
56 72 71 72 20 
80
0
62 78 65 76 16 
81
0
59 76 65 72 25 
82
0
59 71 74 69 25 
83
0
52 76 66 75 17 
84
0
54 78 69 74 21 
85
0
60 77 68 71 16 
86
0
54 77 73 74 15 
87
0
60 73 74 77 15 
88
0
60 73 67 73 16 
89
0
56 74 65 74 17 
90
0
58 73 66 71 16 
91
0
55 72 67 71 16 
92
0
53 76 74 76 19 
93
0
58 77 68 69 24 
94
0
61 74 67 69 19 
95
0
56 75 72 78 26 
96
0
51 76 66 78 22 
97
0
58 76 70 75 16 
98
0
51 68 64 77 22 
99
0
54 76 71 69 16 
100
0
60 73 67 75 25 
101
0
57 74 72 70 18 
102
0
56 75 73 69 24 
103
0
55 72 71 74 24 
104
0
56 70 65 74 24 
105
0
56 70 66 79 15 
106
0
51 75 65 73 16 
107
0
54 72 70 75 20 
108
0
54 71 71 78 25 
109
0
52 70 67 70 17 
110
0
53 69 64 74 19 
111
0
57 74 64 74 16 
112
0
51 68 69 70 22 
113
0
53 78 68 71 23 
114
0
52 72 66 74 25 
115
0
58 68 68 76 21 
116
0
57 71 68 79 16 
117
0
61 69 69 71 16 
118
0
52 75 64 72 22 
119
0
57 73 74 76 17 
120
0
58 75 69 70 24 
121
0
52 72 74 75 26 
122
0
56 77 70 70 18 
123
0
59 70 72 77 23 
124
0
60 74 67 69 21 
125
0
53 72 68 73 25 
126
0
58 68 64 70 19 
127
0
56 69 66 72 23 
128
0
52 76 66 78 21 
129
0
60 72 72 79 26 
130
0
59 72 68 77 17 
131
0
51 74 69 69 22 
132
0
54 78 71 74 26 
133
0
54 75 67 72 22 
134
0
57 71 67 76 19 
135
0
60 69 70 74 20 
136
0
60 75 64 70 20 
137
0
59 74 72 78 21 
138
0
60 68 74 69 18 
139
0
52 77 68 77 15 
140
0
58 78 68 70 18 
141
0
53 74 73 70 20 
142
0
52 72 65 73 23 
143
0
52 68 70 78 18 
144
0
54 78 66 76 16 
145
0
57 78 67 79 17 
146
0
62 72 69 72 19 
147
0
52 71 66 70 16 
148
0
60 78 71 75 18 
149
0
56 74 64 73 22 
150
0
56 75 73 78 17 
151
0
61 79 72 79 25 
152
0
62 75 70 77 26 
153
0
56 78 68 72 23 
154
0
59 74 72 75 23 
155
0
55 73 69 76 16 
156
0
59 71 72 77 18 
157
0
59 71 68 70 22 
158
0
53 76 72 79 16 
159
0
57 73 72 75 21 
160
0
53 73 66 69 16 
161
0
52 69 74 78 17 
162
0
53 69 69 69 18 
163
0
52 77 74 77 18 
164
0
54 69 65 74 24 
165
0
59 71 66 77 15 
166
0
59 76 68 79 20 
167
0
61 78 66 72 19 
168
0
61 68 71 73 17 
169
0
55 71 68 69 26 
170
0
54 71 66 74 15 
171
0
55 77 65 74 24 
172
0
56 71 73 70 23 
173
0
52 74 73 73 23 
174
0
61 68 71 72 19 
175
0
61 72 72 78 17 
176
0
59 75 73 77 20 
177
0
57 70 67 71 19 
178
0
60 69 64 73 21 
179
0
60 68 73 70 24 
180
0
55 71 74 77 21 
181
0
56 68 66 69 20 
182
0
61 68 73 70 20 
183
0
51 77 65 70 17 
184
0
56 72 70 78 15 
185
0
57 78 64 70 24 
186
0
55 78 71 79 24 
187
0
59 69 73 71 20 
188
0
52 74 65 75 25 
189
0
60 68 69 69 16 
190
0
61 77 70 77 23 
191
0
55 75 73 79 18 
192
0
58 70 68 74 25 
193
0
59 76 72 73 16 
194
0
57 78 73 76 18 
195
0
60 76 68 71 19 
196
0
62 68 70 75 17 
197
0
54 73 74 69 16 
198
0
57 74 72 76 23 
199
0
58 77 64 69 16 
