30
10
3010002
0
0
50 56 59 55 57 54 52 56 55 50 
1
0
33 30 36 36 40 35 39 32 36 31 
2
0
86 79 86 84 82 88 79 84 85 79 
3
0
36 33 29 26 31 27 31 29 28 32 
4
0
27 28 22 25 22 28 26 25 21 23 
5
0
4 3 3 9 8 11 10 10 9 10 
6
0
47 48 54 49 52 53 49 53 54 51 
7
0
85 82 88 80 89 89 86 90 83 86 
8
0
21 20 23 26 29 20 22 30 27 25 
9
0
56 58 65 64 61 57 65 66 57 58 
10
0
76 77 78 78 82 78 77 76 75 73 
11
0
87 84 86 83 86 78 79 85 86 89 
12
0
79 75 75 80 81 84 79 75 80 85 
13
0
48 51 54 47 56 53 54 48 56 51 
14
0
19 24 15 22 18 17 22 19 25 18 
15
0
4 10 5 4 12 8 13 14 9 6 
16
0
21 22 25 20 20 25 25 26 16 20 
17
0
68 71 68 64 66 70 68 66 72 70 
18
0
22 23 18 23 22 18 17 19 17 17 
19
0
53 57 53 61 57 60 59 53 54 52 
20
0
41 43 47 46 49 43 42 41 49 45 
21
0
6 3 9 2 9 5 3 12 3 10 
22
0
63 59 59 55 62 64 63 55 62 55 
23
0
71 72 69 80 77 75 74 76 70 73 
24
0
18 18 16 14 21 18 19 13 23 13 
25
0
11 12 13 12 8 13 5 11 12 5 
26
0
61 64 60 61 59 61 59 58 65 62 
27
0
73 76 71 70 74 72 74 71 76 69 
28
0
11 11 8 9 15 12 12 12 10 15 
29
0
11 15 9 14 9 10 13 14 13 14 
