200
20
20020025
0
0
70 66 63 66 66 66 68 62 63 63 70 61 67 64 63 66 71 71 64 68 
1
0
79 88 81 81 83 89 84 81 87 87 83 86 86 83 88 87 81 82 85 81 
2
0
33 28 28 36 35 30 29 33 36 27 35 36 30 28 30 36 30 32 37 27 
3
0
49 48 49 50 52 45 47 46 48 42 42 42 43 48 47 44 42 52 50 45 
4
0
36 28 30 34 36 29 34 26 30 33 37 29 26 32 32 26 30 35 27 34 
5
0
62 65 56 59 58 61 60 61 59 55 63 61 59 55 63 61 55 60 54 65 
6
0
38 41 39 37 37 42 37 35 45 45 39 44 44 36 41 41 45 41 39 38 
7
0
74 69 72 72 73 65 69 66 70 66 72 69 66 70 68 72 73 75 73 70 
8
0
5 10 9 7 3 7 8 11 13 3 5 4 10 12 11 6 3 5 12 10 
9
0
46 42 47 43 44 40 41 46 39 43 41 47 46 42 40 46 48 49 48 46 
10
0
56 60 58 58 54 60 59 58 54 51 60 57 60 57 52 56 54 49 55 57 
11
0
28 24 30 31 27 21 28 22 25 28 30 25 25 29 24 25 30 28 28 26 
12
0
70 66 65 69 73 73 72 66 73 67 73 65 72 73 65 65 73 66 72 68 
13
0
80 83 79 88 79 87 85 79 78 80 79 87 81 85 82 82 79 79 82 88 
14
0
71 68 62 68 67 67 71 72 68 67 62 64 63 72 66 72 63 72 70 65 
15
0
61 65 56 64 64 57 60 63 58 60 63 60 58 60 59 57 57 58 57 62 
16
0
77 75 77 78 73 73 80 81 74 75 74 73 80 75 79 81 73 74 77 81 
17
0
13 17 18 20 19 15 16 14 15 17 19 22 13 16 12 14 14 19 14 19 
18
0
38 30 29 30 29 34 36 37 29 38 32 35 31 39 38 33 40 40 32 35 
19
0
75 71 69 69 73 71 72 70 77 78 75 70 75 74 70 76 78 77 79 69 
20
0
23 25 24 24 26 27 21 20 28 26 29 23 20 23 24 26 24 25 22 20 
21
0
25 19 26 19 21 20 18 21 27 20 28 22 29 27 19 25 27 27 24 23 
22
0
26 34 34 34 33 26 30 32 34 25 24 28 30 35 26 33 26 27 27 27 
23
0
72 69 68 72 71 70 66 64 67 74 73 70 73 66 64 65 65 69 69 70 
24
0
51 49 48 47 54 50 56 57 49 47 55 57 49 47 47 55 55 49 48 53 
25
0
24 21 17 18 18 23 17 17 18 17 23 22 24 26 21 17 21 19 26 26 
26
0
61 60 62 65 64 65 62 62 62 60 67 64 63 60 61 63 69 69 61 64 
27
0
74 78 77 73 77 73 78 74 81 74 82 76 75 73 78 73 74 83 74 73 
28
0
6 6 14 12 10 12 13 8 12 14 10 7 7 8 13 13 8 5 10 13 
29
0
32 35 34 36 38 39 36 33 38 37 31 39 37 39 35 35 39 37 31 34 
30
0
26 26 27 33 27 28 28 30 30 31 27 30 23 24 32 24 32 29 23 24 
31
0
77 72 76 75 78 72 69 71 70 68 77 71 73 74 76 77 68 72 70 77 
32
0
72 70 66 74 71 67 73 71 66 71 72 67 69 68 71 75 69 72 72 65 
33
0
19 26 28 23 28 19 22 26 25 19 21 25 28 25 28 28 27 24 26 20 
34
0
63 59 66 61 64 61 65 63 65 64 59 65 61 64 56 59 58 60 63 58 
35
0
47 50 55 47 50 50 48 54 51 48 49 49 47 50 53 56 46 50 56 49 
36
0
13 17 19 22 19 19 23 20 22 15 14 18 17 15 16 19 13 13 19 21 
37
0
8 9 6 8 6 7 3 8 4 11 4 3 2 8 2 7 10 10 4 1 
38
0
59 64 59 61 56 56 59 65 64 61 62 63 65 61 59 57 60 59 59 64 
39
0
26 26 27 21 23 24 18 24 19 18 23 22 20 21 20 24 19 27 28 25 
40
0
13 15 11 17 8 12 10 10 14 18 18 12 15 9 9 11 10 16 10 11 
41
0
54 47 49 47 52 53 52 48 56 48 53 54 45 55 45 56 52 53 55 52 
42
0
57 48 48 55 54 56 55 47 50 49 55 53 49 48 48 56 56 47 53 54 
43
0
62 65 63 66 66 71 69 63 63 71 64 65 63 68 61 69 62 67 70 64 
44
0
9 8 15 16 14 19 17 15 17 8 14 15 18 13 12 19 13 16 11 15 
45
0
12 11 18 19 14 11 11 20 11 17 16 14 14 19 21 15 21 12 12 17 
46
0
58 58 66 66 65 62 57 60 64 63 65 62 61 63 65 60 60 58 67 64 
47
0
53 50 56 59 53 52 60 52 52 50 51 57 56 55 51 54 55 57 53 59 
48
0
12 3 4 9 4 14 13 6 7 5 12 5 11 5 5 11 11 5 12 13 
49
0
35 40 39 33 39 33 33 38 33 32 35 41 38 36 38 40 34 40 32 40 
50
0
15 14 12 11 18 20 15 12 12 16 18 12 15 17 16 14 15 17 14 12 
51
0
13 14 17 18 10 11 18 17 17 16 16 8 10 15 12 9 12 16 18 17 
52
0
66 64 58 59 55 56 57 63 61 58 58 64 58 55 65 64 56 55 63 62 
53
0
40 40 37 35 38 35 37 36 39 35 34 35 44 40 44 38 38 37 39 38 
54
0
74 71 77 77 78 74 76 75 77 78 81 75 73 71 78 77 81 76 74 80 
55
0
10 15 7 10 14 13 7 16 15 17 10 14 15 8 8 17 14 11 13 11 
56
0
74 73 79 81 80 75 77 78 71 76 77 75 82 71 72 74 79 79 79 74 
57
0
7 7 9 14 12 9 11 13 7 14 5 10 8 11 11 15 10 13 8 14 
58
0
79 88 84 87 81 84 80 82 82 77 86 84 81 82 87 87 84 81 84 77 
59
0
93 90 92 93 89 93 89 100 95 96 94 91 94 95 90 97 96 98 89 94 
60
0
75 77 75 74 77 73 69 70 68 72 69 76 70 71 75 77 74 71 71 69 
61
0
25 32 32 30 29 24 29 25 27 23 30 28 30 28 33 26 33 31 23 33 
62
0
54 52 51 51 51 52 49 58 55 52 58 54 50 53 53 48 57 51 51 54 
63
0
56 63 65 56 65 56 57 56 66 63 59 66 57 58 57 58 58 55 57 62 
64
0
80 80 83 86 88 87 87 89 83 85 80 84 87 84 80 88 85 80 86 83 
65
0
40 37 40 43 37 36 46 43 45 37 40 37 40 41 44 41 44 35 36 40 
66
0
90 89 84 85 88 85 92 86 82 82 91 82 82 91 88 91 84 85 90 92 
67
0
85 84 89 84 90 86 86 81 91 82 84 81 85 85 91 83 82 88 82 88 
68
0
8 17 12 11 7 10 11 14 15 8 11 14 9 12 12 17 11 14 9 17 
69
0
43 44 44 45 45 43 46 40 46 44 40 39 45 39 44 44 47 48 43 42 
70
0
28 32 31 30 32 38 37 36 28 31 29 31 31 30 31 28 33 38 38 33 
71
0
60 64 66 62 60 58 63 68 61 62 65 60 57 62 58 64 61 67 67 66 
72
0
10 12 9 10 17 11 11 11 13 13 13 15 12 16 10 13 13 12 11 10 
73
0
34 27 26 34 27 24 28 34 33 27 27 30 30 26 26 32 33 27 24 29 
74
0
10 10 11 11 14 10 7 8 7 12 15 11 7 6 7 5 15 13 14 9 
75
0
17 13 13 20 18 22 15 16 19 20 16 13 18 13 21 23 17 19 19 21 
76
0
18 18 20 18 13 16 21 16 19 21 20 23 21 19 22 19 13 16 20 14 
77
0
53 50 57 54 50 48 54 57 51 53 55 56 58 50 55 57 47 52 54 56 
78
0
11 13 10 9 12 8 12 8 4 5 10 14 12 13 10 14 12 5 9 8 
79
0
7 16 16 5 12 15 13 8 15 13 16 15 13 7 15 13 10 6 11 7 
80
0
94 88 92 90 91 94 90 94 87 96 89 94 94 93 97 89 92 93 87 96 
81
0
27 28 26 27 29 28 22 22 22 25 22 20 29 25 20 26 22 28 25 22 
82
0
37 39 36 35 39 36 40 31 31 30 35 34 40 38 38 33 37 34 36 31 
83
0
51 57 53 57 56 50 47 56 48 55 54 55 50 54 50 50 56 57 50 58 
84
0
50 49 48 46 52 51 46 50 53 50 51 50 53 45 50 55 54 46 50 46 
85
0
16 13 14 13 20 20 21 18 13 19 15 20 12 11 20 15 13 19 13 17 
86
0
70 69 62 60 64 64 70 60 60 65 67 64 63 71 68 63 65 68 62 66 
87
0
55 60 59 55 56 52 61 54 56 59 58 52 52 60 58 52 56 52 61 58 
88
0
86 90 84 89 87 92 93 89 86 89 91 91 92 88 89 95 87 87 91 94 
89
0
63 55 62 66 64 60 57 60 57 59 57 64 62 63 59 61 64 66 61 56 
90
0
36 36 41 37 41 40 37 38 44 43 36 37 40 35 37 39 38 35 39 36 
91
0
6 8 8 9 9 11 12 12 4 2 8 6 5 6 2 6 5 4 2 13 
92
0
38 32 34 35 35 41 38 37 36 34 34 34 42 38 33 39 40 40 37 34 
93
0
63 58 65 65 61 59 60 58 59 59 65 58 58 59 64 65 63 55 62 55 
94
0
31 33 32 37 30 38 29 30 39 36 38 36 36 32 34 28 32 36 29 32 
95
0
19 20 15 18 21 16 23 14 17 21 19 18 15 13 22 18 20 18 21 20 
96
0
12 10 10 10 11 12 9 12 10 5 13 6 4 8 10 4 5 12 12 3 
97
0
44 48 46 46 41 47 41 41 41 38 43 40 40 44 37 42 46 40 48 42 
98
0
78 69 74 71 77 78 75 77 68 71 76 74 70 79 71 76 71 78 70 76 
99
0
40 39 40 32 36 31 37 31 36 33 35 35 38 34 36 40 30 33 33 34 
100
0
81 75 75 77 74 75 81 79 81 75 81 80 75 79 73 73 73 73 76 81 
101
0
42 45 46 43 41 45 44 41 45 46 42 39 40 37 44 45 40 40 40 36 
102
0
80 73 79 70 77 75 74 79 80 71 78 79 76 72 73 72 75 80 77 77 
103
0
45 44 48 53 44 50 49 54 48 44 50 54 44 49 49 46 46 50 54 50 
104
0
18 11 11 17 11 17 18 14 12 12 11 17 11 9 13 12 18 9 19 16 
105
0
31 33 36 32 29 35 28 35 29 32 28 30 29 35 33 35 31 28 29 27 
106
0
75 82 80 79 75 78 80 76 74 80 79 82 82 76 80 83 78 82 82 80 
107
0
18 12 19 12 12 16 18 17 18 16 10 18 16 10 10 10 11 20 14 17 
108
0
89 97 96 94 89 94 88 88 96 97 88 89 90 88 88 93 94 89 89 92 
109
0
6 8 4 9 4 12 9 5 10 12 7 11 7 11 4 5 12 8 10 2 
110
0
50 47 49 44 48 42 48 45 48 43 48 48 48 49 44 44 41 48 43 48 
111
0
33 38 29 35 38 33 30 33 32 28 28 30 29 37 31 30 29 32 38 29 
112
0
69 68 62 61 67 66 68 64 64 70 65 68 67 66 65 62 69 60 65 64 
113
0
32 35 34 33 34 38 36 36 38 36 40 31 33 41 34 35 41 34 34 39 
114
0
57 55 51 48 54 59 56 58 54 50 56 54 55 57 55 49 53 56 50 54 
115
0
8 15 13 18 9 14 15 9 11 10 15 13 11 14 17 12 15 13 11 9 
116
0
24 30 28 31 21 27 27 23 26 23 25 24 26 22 22 23 23 23 30 26 
117
0
47 43 38 46 46 45 43 40 39 44 46 43 41 42 36 45 44 38 41 44 
118
0
56 51 57 56 50 57 55 51 51 57 53 54 50 57 60 51 50 60 54 53 
119
0
78 81 83 74 79 75 79 75 73 81 79 80 80 78 80 81 79 84 74 79 
120
0
78 71 72 69 73 78 75 78 69 78 75 72 75 69 78 73 70 77 73 78 
121
0
77 71 79 81 74 78 81 75 73 78 72 72 80 75 75 79 72 78 73 78 
122
0
9 9 14 15 7 12 14 11 8 14 15 7 7 10 16 14 10 15 6 10 
123
0
65 67 59 61 69 64 65 69 61 69 68 62 68 61 63 61 69 63 67 70 
124
0
15 23 23 18 21 13 20 17 21 22 21 22 14 22 22 23 18 17 24 14 
125
0
60 66 64 61 67 63 61 65 63 65 68 64 66 66 59 66 67 60 63 63 
126
0
75 71 74 79 73 72 70 78 81 74 71 80 78 71 78 76 80 78 71 74 
127
0
52 46 50 46 50 51 51 55 54 51 53 51 48 47 45 49 48 48 54 53 
128
0
59 56 61 59 65 66 60 63 65 66 64 65 66 56 57 59 64 61 57 57 
129
0
35 36 37 40 42 37 33 38 37 42 34 36 41 35 35 34 42 40 41 33 
130
0
7 10 13 8 13 15 8 8 13 8 7 14 5 14 12 10 7 4 12 15 
131
0
55 59 59 58 61 53 55 58 60 52 60 51 53 52 61 55 56 62 53 57 
132
0
95 87 86 91 92 86 89 86 93 91 88 89 86 96 90 96 88 93 89 95 
133
0
7 11 8 6 10 6 4 4 9 13 11 3 11 8 8 11 4 7 12 9 
134
0
69 64 69 60 69 63 59 68 65 59 61 64 66 63 65 66 62 60 59 59 
135
0
19 17 20 20 25 19 16 20 24 16 21 24 24 19 21 23 26 23 21 17 
136
0
64 64 65 67 71 64 70 72 68 65 67 68 64 67 67 72 67 67 66 70 
137
0
40 40 35 36 31 33 31 36 34 34 37 41 34 32 35 35 35 33 37 34 
138
0
76 77 77 78 71 74 71 74 74 73 78 70 73 68 70 70 75 76 77 77 
139
0
55 61 55 57 65 59 63 56 61 56 58 64 55 56 62 54 61 65 57 57 
140
0
28 26 35 36 31 34 27 28 27 26 36 32 31 29 34 28 29 34 35 30 
141
0
76 82 82 77 81 74 78 74 80 80 79 73 79 77 74 76 82 78 77 72 
142
0
90 85 93 93 93 87 90 88 95 91 89 90 91 92 89 91 85 87 88 92 
143
0
47 52 51 44 52 53 50 46 51 46 46 51 45 47 44 48 51 47 50 48 
144
0
87 95 96 92 89 91 87 93 96 91 97 96 90 96 90 87 96 94 93 97 
145
0
88 93 89 86 90 90 94 88 94 89 85 94 90 87 88 93 90 95 89 87 
146
0
38 38 33 43 36 42 42 34 39 34 42 34 36 36 36 43 41 35 39 38 
147
0
54 53 53 55 48 49 49 55 52 50 49 46 55 49 54 54 47 47 47 52 
148
0
42 40 34 37 39 40 36 36 39 34 33 35 36 34 34 37 33 36 41 33 
149
0
31 25 31 23 23 32 30 26 24 27 31 26 22 23 32 29 24 28 22 26 
150
0
19 23 24 22 28 28 18 26 18 18 26 19 27 20 20 23 28 20 23 25 
151
0
37 33 32 32 31 35 32 40 41 38 40 41 33 33 36 35 36 38 32 39 
152
0
58 59 58 67 62 60 57 67 63 61 59 57 57 59 63 63 59 58 65 66 
153
0
89 94 90 92 84 84 86 91 86 87 84 87 93 90 85 86 93 88 87 85 
154
0
11 13 14 9 12 9 11 5 10 13 12 5 14 3 5 12 10 10 7 5 
155
0
62 58 56 62 64 65 65 60 57 60 58 66 59 64 63 61 60 64 62 63 
156
0
69 68 73 70 67 75 75 76 71 74 70 77 67 72 71 69 75 69 71 70 
157
0
64 64 63 65 65 67 58 64 64 59 64 63 59 56 60 57 65 57 63 57 
158
0
49 45 49 49 42 51 51 49 47 49 50 47 44 47 51 43 47 50 48 44 
159
0
50 40 50 47 44 49 42 46 50 40 50 45 50 47 47 43 47 42 47 43 
160
0
77 74 83 83 79 81 75 75 77 76 83 76 80 77 82 80 78 76 80 76 
161
0
77 67 73 78 77 69 75 76 68 73 72 75 71 77 68 69 72 73 77 74 
162
0
16 20 22 22 17 20 21 20 18 16 19 18 17 22 15 22 20 16 13 23 
163
0
22 23 29 30 31 29 24 26 25 26 30 28 21 30 27 29 30 24 31 27 
164
0
5 6 8 5 6 5 7 9 8 3 11 8 3 9 11 2 3 4 5 11 
165
0
80 80 82 79 78 81 75 74 80 76 82 74 81 76 79 81 78 79 81 77 
166
0
31 27 26 28 26 30 34 34 30 28 30 31 34 32 35 36 31 34 30 28 
167
0
40 35 32 39 34 39 35 36 31 33 39 32 36 40 37 34 32 31 40 35 
168
0
27 24 25 21 27 22 30 30 32 27 32 23 31 22 28 23 31 27 22 25 
169
0
26 28 33 28 30 28 31 33 30 32 31 36 34 34 35 33 30 28 27 34 
170
0
73 73 77 80 80 71 80 79 79 78 71 77 77 78 79 80 81 72 78 75 
171
0
60 59 63 66 67 63 63 63 64 57 65 61 59 62 65 62 65 64 67 67 
172
0
21 20 28 21 21 20 26 28 23 20 23 22 22 22 30 21 28 30 27 24 
173
0
14 8 15 8 15 16 10 8 11 7 9 16 15 13 12 16 6 15 8 11 
174
0
44 48 49 43 46 42 52 45 45 44 48 51 51 51 50 46 48 44 47 45 
175
0
72 65 70 63 70 72 71 70 64 72 69 63 62 69 63 68 72 64 68 67 
176
0
56 59 56 59 57 59 50 54 53 60 55 52 57 52 58 58 56 52 55 51 
177
0
26 24 24 26 28 27 21 26 23 27 28 26 20 18 23 27 28 26 23 28 
178
0
78 77 77 77 79 69 76 76 70 71 70 80 75 74 71 76 78 72 78 77 
179
0
33 25 33 33 32 23 33 30 30 30 31 26 33 28 28 31 24 29 33 26 
180
0
7 11 8 6 4 6 10 6 8 12 13 2 12 9 10 7 10 6 2 9 
181
0
18 22 17 21 23 16 20 21 14 22 17 17 18 22 14 20 19 13 13 18 
182
0
69 68 65 70 65 64 69 68 74 66 72 70 72 68 65 66 73 71 64 67 
183
0
66 69 64 66 73 73 68 65 70 68 70 72 64 66 63 71 69 64 63 73 
184
0
34 37 35 32 36 38 32 35 32 34 40 42 36 35 33 40 41 36 37 34 
185
0
20 26 17 22 20 22 25 20 22 20 22 19 17 25 20 18 19 22 22 24 
186
0
88 83 84 88 81 89 89 81 82 89 86 83 83 80 82 81 86 90 79 79 
187
0
61 67 71 65 66 63 64 63 61 66 67 63 68 65 70 65 61 61 62 68 
188
0
7 5 11 8 10 12 4 11 4 5 8 7 3 12 4 6 10 7 11 3 
189
0
57 55 62 57 55 60 65 65 63 60 62 65 61 61 61 64 63 63 65 59 
190
0
64 63 57 60 57 55 55 63 59 57 60 58 54 54 61 54 60 63 64 57 
191
0
35 35 39 39 40 30 31 33 33 32 31 34 34 37 37 31 36 30 36 39 
192
0
49 41 47 50 47 48 43 44 45 47 42 46 44 43 44 45 45 48 47 48 
193
0
23 19 24 21 18 24 22 26 27 23 25 19 19 28 18 24 28 23 23 24 
194
0
45 40 46 42 45 40 38 43 37 44 41 41 43 35 41 36 38 43 41 41 
195
0
83 81 83 79 85 85 83 80 87 87 87 81 83 84 80 85 80 83 77 87 
196
0
75 75 76 75 76 77 84 75 79 74 78 82 83 77 75 82 81 81 80 83 
197
0
72 74 75 79 72 72 76 75 75 76 74 78 75 70 72 79 80 81 80 72 
198
0
82 82 82 90 85 91 89 89 83 83 84 90 82 91 89 87 92 83 83 84 
199
0
87 84 92 88 93 89 89 84 83 90 88 86 88 87 89 93 87 89 84 87 
