50
10
5010101
0
0
26 30 25 27 26 22 28 26 28 21 
1
0
47 52 46 49 46 51 45 48 54 51 
2
0
51 49 46 46 43 51 50 45 44 42 
3
0
8 8 3 11 6 8 10 3 8 10 
4
0
84 85 78 83 80 80 82 88 78 86 
5
0
82 87 84 84 84 87 90 83 87 81 
6
0
88 84 81 78 88 86 85 88 83 84 
7
0
77 79 76 75 82 80 82 74 75 77 
8
0
88 92 86 92 83 91 83 85 86 90 
9
0
90 91 99 97 94 91 96 95 95 96 
10
0
89 82 89 81 86 85 87 82 89 89 
11
0
35 33 42 41 34 36 40 34 41 42 
12
0
78 82 76 75 77 78 80 83 82 78 
13
0
36 31 30 31 35 29 35 34 27 34 
14
0
11 18 11 13 19 13 15 14 18 16 
15
0
28 35 32 35 36 36 29 29 34 32 
16
0
91 90 90 88 91 86 94 91 87 89 
17
0
46 48 50 41 43 47 45 41 40 49 
18
0
27 36 28 32 26 25 30 28 32 30 
19
0
53 55 48 53 48 51 54 48 53 56 
20
0
45 43 45 45 42 41 46 40 39 42 
21
0
53 43 44 43 54 48 46 52 50 48 
22
0
46 49 44 44 51 50 47 43 50 48 
23
0
79 68 69 71 76 69 78 74 69 76 
24
0
49 43 44 52 51 44 48 52 44 49 
25
0
23 29 24 26 27 25 29 28 25 26 
26
0
4 6 8 11 4 4 13 8 8 8 
27
0
53 43 52 49 44 52 48 52 50 47 
28
0
31 25 29 30 30 31 31 23 29 22 
29
0
59 61 63 63 56 58 57 58 57 66 
30
0
33 42 38 34 39 37 39 41 35 37 
31
0
26 30 31 26 27 27 31 33 28 34 
32
0
41 40 46 47 47 47 45 47 49 45 
33
0
21 23 22 17 25 24 22 21 17 21 
34
0
33 28 34 32 31 32 34 26 31 33 
35
0
57 60 59 54 53 63 61 58 63 56 
36
0
16 16 13 17 16 16 9 13 17 14 
37
0
14 17 9 18 15 18 18 12 18 14 
38
0
44 36 45 38 44 45 46 38 43 42 
39
0
17 20 19 14 14 18 14 19 16 14 
40
0
75 76 73 76 75 66 74 70 75 74 
41
0
14 14 15 22 19 15 20 19 20 13 
42
0
65 69 63 61 66 68 64 67 62 63 
43
0
80 74 73 73 76 76 80 81 81 73 
44
0
56 45 47 45 46 53 48 48 49 45 
45
0
45 47 41 48 46 50 48 40 41 48 
46
0
33 33 34 37 32 31 34 36 40 38 
47
0
83 76 83 78 74 78 75 78 77 76 
48
0
67 68 69 68 62 63 68 66 70 68 
49
0
78 80 83 79 74 74 76 76 73 82 
