200
5
20005018
0
0
57 57 45 84 16 
1
0
82 65 99 62 47 
2
0
8 49 73 55 15 
3
0
15 31 30 46 21 
4
0
18 4 79 37 55 
5
0
46 85 95 18 33 
6
0
40 63 66 27 59 
7
0
88 75 97 21 71 
8
0
82 59 55 89 79 
9
0
21 26 20 83 96 
10
0
96 76 34 84 18 
11
0
87 98 54 50 87 
12
0
70 30 56 35 13 
13
0
69 48 94 98 44 
14
0
97 72 36 11 50 
15
0
90 79 21 55 92 
16
0
51 55 86 43 29 
17
0
36 88 64 42 50 
18
0
99 88 46 13 23 
19
0
17 88 66 82 64 
20
0
43 45 81 16 10 
21
0
47 50 96 27 69 
22
0
34 64 96 65 69 
23
0
82 60 3 82 85 
24
0
87 37 2 10 89 
25
0
68 70 93 60 69 
26
0
30 72 58 86 94 
27
0
61 91 11 60 47 
28
0
62 31 70 91 5 
29
0
46 58 20 24 61 
30
0
60 38 40 45 50 
31
0
50 70 94 68 65 
32
0
86 67 83 1 70 
33
0
45 46 95 90 22 
34
0
35 57 71 20 90 
35
0
60 61 64 1 13 
36
0
93 18 76 63 28 
37
0
39 68 90 71 96 
38
0
73 60 64 39 93 
39
0
68 71 14 79 24 
40
0
35 76 46 77 14 
41
0
17 79 64 10 67 
42
0
33 70 86 31 20 
43
0
4 12 37 83 40 
44
0
81 57 62 67 11 
45
0
40 55 60 6 9 
46
0
90 65 14 36 15 
47
0
4 38 70 78 16 
48
0
79 19 79 26 29 
49
0
3 16 8 72 80 
50
0
83 83 34 36 20 
51
0
56 41 28 46 40 
52
0
82 1 12 46 18 
53
0
29 57 23 78 93 
54
0
38 40 60 65 4 
55
0
54 46 38 91 98 
56
0
1 40 52 67 39 
57
0
17 73 58 20 77 
58
0
44 61 12 91 64 
59
0
46 75 81 16 89 
60
0
40 58 9 95 76 
61
0
59 50 48 41 32 
62
0
3 51 75 5 94 
63
0
73 35 65 51 29 
64
0
21 84 19 35 35 
65
0
47 91 98 50 79 
66
0
66 66 80 20 70 
67
0
20 57 60 33 25 
68
0
88 71 86 22 83 
69
0
58 87 70 78 13 
70
0
44 31 81 97 5 
71
0
58 2 45 46 68 
72
0
40 99 91 34 61 
73
0
38 76 21 35 84 
74
0
15 89 76 70 85 
75
0
9 3 96 92 70 
76
0
91 74 81 19 93 
77
0
99 49 22 17 76 
78
0
52 26 54 82 49 
79
0
82 57 27 37 10 
80
0
99 78 89 38 46 
81
0
59 32 31 10 49 
82
0
65 32 55 65 43 
83
0
69 83 84 4 5 
84
0
50 60 65 18 41 
85
0
41 26 62 82 14 
86
0
66 49 42 33 79 
87
0
9 70 72 84 68 
88
0
86 3 32 36 65 
89
0
13 95 55 72 7 
90
0
74 3 40 4 73 
91
0
74 9 6 31 91 
92
0
36 48 7 52 97 
93
0
65 59 21 77 68 
94
0
85 7 2 40 24 
95
0
34 57 87 61 20 
96
0
23 91 70 63 14 
97
0
49 80 67 8 93 
98
0
88 66 10 76 71 
99
0
76 41 26 26 27 
100
0
70 98 71 2 80 
101
0
38 51 94 62 60 
102
0
66 49 96 33 97 
103
0
92 68 63 36 20 
104
0
90 47 77 87 23 
105
0
78 58 35 82 91 
106
0
2 56 47 61 75 
107
0
95 24 63 98 83 
108
0
69 57 11 31 42 
109
0
75 1 11 83 99 
110
0
20 2 24 24 98 
111
0
95 62 82 99 38 
112
0
86 44 88 89 28 
113
0
35 79 16 8 40 
114
0
32 4 31 77 13 
115
0
60 83 44 20 55 
116
0
17 1 57 4 25 
117
0
88 53 7 61 17 
118
0
77 87 87 75 34 
119
0
72 52 26 83 5 
120
0
32 23 19 18 37 
121
0
84 85 51 92 73 
122
0
8 47 65 79 1 
123
0
19 49 31 22 20 
124
0
68 41 64 23 95 
125
0
73 61 63 49 80 
126
0
36 60 35 88 96 
127
0
96 62 27 29 89 
128
0
91 48 2 66 7 
129
0
15 83 82 29 73 
130
0
17 3 58 53 67 
131
0
75 31 72 51 39 
132
0
57 24 64 9 20 
133
0
27 23 60 14 43 
134
0
10 52 62 68 46 
135
0
35 51 94 46 48 
136
0
35 46 12 66 25 
137
0
39 89 94 62 86 
138
0
96 52 97 46 48 
139
0
29 81 54 74 13 
140
0
37 5 18 81 84 
141
0
77 78 58 12 77 
142
0
51 38 89 4 3 
143
0
67 43 25 30 98 
144
0
17 22 60 53 53 
145
0
7 23 17 49 41 
146
0
8 54 47 3 90 
147
0
28 14 47 15 67 
148
0
30 39 70 96 52 
149
0
35 91 21 4 36 
150
0
8 39 72 34 11 
151
0
59 61 60 34 93 
152
0
54 50 85 78 17 
153
0
37 18 8 82 48 
154
0
47 69 94 1 40 
155
0
80 46 46 12 3 
156
0
2 56 73 28 61 
157
0
82 45 39 99 20 
158
0
87 68 26 38 45 
159
0
74 71 6 61 16 
160
0
83 26 19 48 68 
161
0
79 40 49 82 98 
162
0
97 64 34 67 68 
163
0
60 19 34 28 60 
164
0
2 53 59 70 79 
165
0
58 14 82 88 11 
166
0
43 29 52 21 28 
167
0
31 38 53 55 23 
168
0
9 2 17 54 53 
169
0
66 45 82 76 25 
170
0
93 92 46 77 15 
171
0
61 91 57 57 93 
172
0
13 85 61 97 55 
173
0
95 82 7 46 5 
174
0
90 86 87 13 20 
175
0
84 49 48 63 52 
176
0
12 89 15 58 30 
177
0
35 5 31 94 78 
178
0
24 92 26 20 54 
179
0
42 94 82 45 45 
180
0
80 17 55 31 10 
181
0
3 96 4 80 83 
182
0
3 45 62 22 40 
183
0
15 81 37 73 57 
184
0
7 55 28 38 18 
185
0
80 81 44 90 22 
186
0
55 90 76 53 66 
187
0
67 71 73 91 60 
188
0
2 45 52 66 33 
189
0
51 44 86 18 66 
190
0
37 22 63 1 53 
191
0
39 78 8 11 35 
192
0
54 51 58 20 55 
193
0
19 63 3 41 92 
194
0
47 47 39 3 53 
195
0
14 18 84 27 11 
196
0
96 78 59 23 85 
197
0
9 16 86 89 17 
198
0
97 89 97 97 9 
199
0
7 85 66 11 56 
