30
10
3010005
0
0
56 25 33 75 37 21 42 96 80 36 
1
0
40 91 44 25 70 18 77 20 15 37 
2
0
79 82 39 65 81 36 25 56 99 24 
3
0
19 42 75 41 79 17 60 17 29 72 
4
0
5 16 69 84 77 12 88 20 59 9 
5
0
25 66 29 72 52 31 71 1 12 88 
6
0
53 26 30 18 56 23 43 19 13 1 
7
0
20 35 47 23 72 2 42 31 25 18 
8
0
58 49 13 34 59 53 29 56 84 17 
9
0
29 23 9 87 59 73 41 23 68 62 
10
0
17 28 86 65 33 93 96 10 9 7 
11
0
87 28 78 62 90 11 71 71 79 90 
12
0
84 42 60 67 28 60 16 74 44 71 
13
0
23 83 7 28 51 52 15 88 95 67 
14
0
79 17 31 90 19 44 81 75 14 50 
15
0
23 87 26 84 21 74 70 36 47 64 
16
0
1 66 37 25 1 35 78 33 6 5 
17
0
58 88 5 96 8 2 65 26 97 50 
18
0
3 36 73 69 67 94 46 78 29 43 
19
0
47 51 54 65 96 29 26 61 3 79 
20
0
87 12 22 66 86 14 99 17 58 84 
21
0
30 1 41 62 35 3 52 67 8 64 
22
0
64 24 86 16 66 9 89 13 37 31 
23
0
50 96 89 27 94 45 63 64 61 94 
24
0
57 39 21 49 26 68 95 4 43 74 
25
0
26 51 83 44 79 31 22 8 38 2 
26
0
78 75 47 5 22 93 17 35 13 14 
27
0
35 91 74 13 85 87 91 74 93 67 
28
0
15 93 22 58 74 95 64 14 41 47 
29
0
20 92 80 71 24 20 80 54 89 11 
