20
20
2020005
0
0
83 37 62 24 59 58 22 21 8 19 46 20 88 20 49 13 33 20 53 36 
1
0
78 32 64 17 51 60 28 24 9 20 48 23 88 14 55 23 40 19 59 36 
2
0
79 32 65 15 59 56 26 26 5 20 55 18 95 21 53 15 35 21 55 35 
3
0
78 37 59 23 59 55 28 26 6 19 46 19 92 19 51 14 36 20 52 41 
4
0
80 34 65 18 53 57 30 24 13 24 46 24 91 22 59 21 43 18 57 40 
5
0
76 35 61 18 58 62 28 21 12 18 45 23 84 15 59 13 32 23 54 35 
6
0
74 37 58 22 56 53 30 25 11 16 47 17 88 15 53 21 38 25 61 35 
7
0
74 34 59 13 55 54 28 24 5 20 54 24 86 21 49 16 39 28 56 39 
8
0
76 35 62 19 54 59 23 17 10 21 53 25 86 13 55 20 37 20 57 42 
9
0
74 38 62 21 54 54 26 24 7 25 48 26 85 14 53 13 42 27 57 43 
10
0
80 32 58 17 60 54 26 24 14 26 47 23 88 20 55 12 34 19 61 35 
11
0
74 34 57 22 52 53 31 20 9 26 47 26 91 21 56 18 43 22 60 35 
12
0
82 29 60 15 57 60 22 21 10 25 55 18 87 19 58 17 36 20 58 45 
13
0
81 37 62 23 52 60 25 22 5 26 52 21 89 14 49 19 33 23 52 36 
14
0
73 29 58 19 51 62 28 21 14 27 52 24 91 16 51 19 37 26 54 36 
15
0
74 39 66 13 57 57 32 22 7 18 45 26 86 14 56 22 37 19 52 39 
16
0
77 34 59 14 54 54 31 15 12 23 52 22 94 19 56 18 35 24 51 43 
17
0
78 39 64 20 54 57 24 25 14 22 51 26 87 20 56 17 36 22 61 36 
18
0
80 37 64 22 59 54 30 25 12 16 45 28 92 19 54 20 37 25 58 38 
19
0
81 34 60 14 51 53 28 17 14 23 48 23 86 22 57 12 33 27 55 36 
