100
20
10020018
0
0
42 51 15 51 66 59 79 42 99 66 24 25 48 49 29 4 66 24 40 80 
1
0
1 46 26 49 22 47 54 72 20 68 73 42 53 25 98 29 55 33 52 70 
2
0
92 14 67 88 23 3 17 81 71 3 10 46 94 39 68 75 88 65 71 62 
3
0
58 80 50 7 63 2 27 2 56 11 77 38 86 2 98 35 68 66 67 79 
4
0
31 93 40 46 81 96 54 77 25 43 88 46 13 70 69 10 94 41 87 37 
5
0
98 49 56 46 6 90 57 37 53 45 68 68 65 29 51 50 20 11 54 41 
6
0
90 82 60 46 98 75 62 96 31 95 62 75 78 91 64 47 68 19 20 81 
7
0
68 22 61 10 75 2 61 82 33 48 48 17 52 14 35 61 50 2 46 72 
8
0
22 3 82 69 72 65 14 60 36 99 38 25 60 25 48 10 32 72 90 11 
9
0
64 76 85 21 35 90 9 19 19 78 25 86 77 2 79 50 36 52 77 14 
10
0
72 2 12 36 34 28 31 38 4 83 91 39 74 46 8 34 77 39 21 62 
11
0
40 83 28 70 66 70 68 31 75 49 21 73 38 24 23 48 7 9 68 85 
12
0
72 15 29 65 27 95 66 57 84 29 96 70 89 44 24 82 7 99 92 8 
13
0
17 60 89 50 86 46 47 89 37 65 67 46 3 21 66 53 44 20 15 45 
14
0
55 15 30 15 16 81 95 58 77 63 64 15 21 1 81 48 33 87 77 46 
15
0
47 8 8 56 48 41 9 72 27 98 17 46 39 20 27 61 18 52 92 53 
16
0
91 45 9 9 68 18 79 41 4 24 6 63 47 36 65 70 12 55 44 78 
17
0
96 1 17 75 56 78 44 78 81 43 4 91 90 45 96 19 97 44 18 37 
18
0
72 74 64 99 61 59 17 20 36 13 10 71 26 82 20 70 54 60 31 26 
19
0
42 51 23 95 88 76 36 85 19 8 86 41 88 20 71 79 18 75 98 95 
20
0
97 81 74 9 90 64 61 90 92 33 69 81 60 55 21 95 22 89 67 85 
21
0
94 19 25 56 86 49 60 44 80 79 72 30 70 54 69 1 26 6 54 8 
22
0
56 6 14 33 43 30 42 12 22 68 97 91 69 87 56 26 49 59 31 99 
23
0
43 95 78 22 99 97 47 90 66 28 60 93 26 85 53 66 97 79 1 77 
24
0
47 91 49 24 59 14 27 70 90 26 78 24 22 31 80 46 53 26 19 4 
25
0
83 10 26 16 27 27 27 94 4 43 26 43 32 72 1 18 12 24 46 53 
26
0
86 82 25 3 85 85 75 52 83 87 54 35 46 27 40 20 95 60 19 84 
27
0
77 58 46 19 99 8 42 89 43 51 34 68 51 54 59 64 52 46 63 50 
28
0
5 26 16 86 27 30 95 84 29 58 23 81 10 13 5 31 47 33 7 41 
29
0
38 87 14 63 88 40 22 41 94 91 14 26 22 25 2 10 58 30 49 25 
30
0
11 40 93 9 21 61 68 6 51 88 38 42 38 92 64 32 36 93 13 23 
31
0
8 77 19 94 2 5 91 57 6 28 9 47 20 46 91 78 55 80 63 13 
32
0
72 1 82 46 25 77 20 41 17 6 38 26 58 98 74 77 60 19 70 24 
33
0
28 33 40 78 31 46 75 41 35 41 49 81 43 69 55 16 41 32 87 93 
34
0
73 28 42 73 12 89 67 63 58 8 3 9 75 69 16 49 90 84 52 20 
35
0
85 85 6 79 34 52 13 7 18 50 48 91 25 3 55 64 54 22 90 21 
36
0
83 14 34 37 46 6 75 22 39 93 33 48 77 1 71 12 63 61 29 45 
37
0
68 35 76 75 44 94 17 48 86 8 95 38 47 16 64 80 57 81 52 55 
38
0
44 53 46 57 85 63 59 60 26 45 38 57 35 36 46 8 12 50 82 20 
39
0
6 33 3 83 87 17 57 58 91 61 7 26 63 93 55 72 33 15 93 21 
40
0
8 89 14 29 44 63 84 50 60 11 34 22 48 18 86 58 61 95 8 96 
41
0
55 64 6 13 75 97 96 26 41 18 89 15 40 55 54 15 57 96 5 4 
42
0
23 32 86 70 86 11 18 25 18 66 54 50 8 5 63 95 7 36 98 2 
43
0
3 32 69 91 68 28 31 64 22 47 92 99 29 40 66 10 21 77 50 4 
44
0
84 77 34 53 42 20 8 74 22 91 69 49 6 32 17 18 61 82 23 59 
45
0
85 63 76 29 28 1 48 4 3 60 35 71 62 97 99 47 63 39 58 36 
46
0
25 66 85 62 6 22 90 77 51 1 53 14 73 93 58 59 7 64 65 73 
47
0
35 94 65 39 87 50 66 79 28 75 28 31 98 82 66 52 90 80 63 46 
48
0
77 14 81 89 14 67 34 14 22 59 90 4 46 58 54 39 31 33 87 85 
49
0
14 58 76 70 76 23 74 38 51 32 54 52 22 76 11 87 67 29 38 55 
50
0
47 25 34 39 84 35 41 49 86 8 13 14 64 42 93 62 65 14 65 35 
51
0
88 61 59 98 10 44 87 97 96 66 40 8 54 67 24 99 16 70 35 42 
52
0
11 94 13 94 62 48 90 55 55 27 47 2 40 76 94 85 64 96 21 58 
53
0
49 73 69 73 70 68 22 5 97 65 41 47 4 6 94 64 71 14 97 49 
54
0
56 48 18 52 70 47 65 27 16 12 70 55 87 87 93 97 43 26 63 72 
55
0
15 28 16 48 51 45 25 17 10 89 45 41 45 82 42 93 35 94 4 21 
56
0
93 12 49 4 94 55 54 6 22 19 69 7 17 76 16 81 5 98 97 89 
57
0
15 22 33 13 86 56 89 72 51 19 59 45 25 60 14 52 92 77 34 76 
58
0
54 13 73 64 6 85 97 26 73 40 37 52 78 5 94 57 15 61 73 27 
59
0
65 87 25 70 11 90 13 87 45 36 29 71 83 2 72 79 67 26 83 39 
60
0
27 88 28 77 70 34 52 76 33 43 50 4 46 75 1 9 67 52 45 33 
61
0
49 25 59 96 82 67 95 81 32 8 54 44 49 34 4 97 47 50 11 54 
62
0
77 98 71 46 34 57 71 29 31 22 91 70 40 40 22 95 18 72 54 93 
63
0
81 2 32 2 97 19 10 19 88 91 56 62 89 77 37 86 46 19 16 75 
64
0
72 82 38 57 83 70 87 46 98 12 85 25 85 37 94 70 84 3 54 72 
65
0
28 69 14 66 46 12 69 63 26 37 18 14 57 11 45 32 46 56 80 90 
66
0
75 75 67 28 63 30 97 40 44 54 15 25 14 15 18 25 50 61 62 64 
67
0
24 30 77 93 60 20 4 47 40 81 86 33 80 53 95 88 94 37 69 73 
68
0
84 59 65 56 97 95 78 23 24 83 38 38 23 70 32 96 21 35 15 75 
69
0
7 1 84 39 8 93 59 63 54 75 92 82 67 87 7 86 46 36 60 60 
70
0
11 45 2 62 26 56 83 99 81 44 1 3 23 35 61 81 96 97 51 86 
71
0
24 62 57 21 71 57 71 15 52 44 24 88 34 80 99 28 49 67 56 81 
72
0
63 43 94 6 40 28 10 86 40 21 82 61 71 54 86 92 66 86 62 80 
73
0
22 41 56 8 24 36 72 98 7 41 35 14 73 80 37 49 84 84 86 81 
74
0
42 20 63 98 7 76 33 40 7 44 75 24 54 69 59 92 71 93 93 55 
75
0
53 64 19 24 76 23 15 17 91 23 9 67 54 25 92 50 95 3 55 11 
76
0
8 34 52 28 2 34 53 74 12 76 67 63 26 9 96 72 78 5 62 59 
77
0
42 30 44 13 55 48 46 12 96 37 96 92 40 65 35 55 1 23 91 53 
78
0
61 84 97 8 57 55 1 81 99 19 73 37 81 18 41 1 31 42 22 2 
79
0
42 19 6 66 77 44 6 44 41 97 57 26 66 6 41 62 22 95 88 10 
80
0
25 22 57 83 71 75 16 19 22 45 62 62 46 91 78 24 10 2 1 54 
81
0
32 83 79 63 48 6 19 48 97 7 58 9 35 11 19 24 61 64 52 59 
82
0
65 32 31 69 16 48 41 78 85 75 72 75 59 42 4 30 44 79 7 19 
83
0
51 26 39 29 33 30 69 61 64 20 19 77 46 34 97 27 90 78 65 5 
84
0
88 20 94 94 6 63 61 68 68 20 49 10 79 78 36 94 50 65 98 19 
85
0
38 68 22 39 39 61 87 3 4 57 85 39 4 25 60 73 93 37 67 34 
86
0
88 75 93 51 15 2 57 55 34 3 1 63 84 98 20 80 85 9 77 52 
87
0
28 65 94 62 33 66 99 61 91 97 93 94 58 30 80 4 5 38 22 73 
88
0
93 95 10 12 91 52 33 88 34 91 34 90 82 48 91 3 65 28 79 42 
89
0
57 6 48 12 69 90 43 61 14 5 78 54 4 73 67 61 42 47 57 85 
90
0
88 2 18 2 42 45 24 2 69 64 50 27 95 3 84 4 14 33 74 48 
91
0
26 97 26 49 67 77 45 59 69 27 43 77 89 9 31 95 21 20 59 55 
92
0
11 7 53 14 89 61 57 71 22 31 51 84 69 87 87 64 19 88 50 87 
93
0
73 77 56 85 39 62 36 28 29 70 18 93 1 33 51 74 39 49 36 99 
94
0
73 79 12 28 79 76 6 89 88 18 28 33 73 82 69 46 53 27 25 22 
95
0
46 2 36 13 20 36 7 6 58 12 61 30 46 91 58 27 23 76 46 1 
96
0
74 97 62 86 44 9 37 36 58 17 48 33 63 3 70 31 83 94 87 3 
97
0
75 17 17 37 51 50 90 42 77 53 86 14 91 29 33 50 37 67 80 96 
98
0
91 72 72 75 65 68 82 38 62 14 82 57 8 31 49 7 71 83 41 60 
99
0
52 66 83 33 39 38 45 40 61 96 33 8 62 23 22 69 96 47 19 66 
