30
20
3020003
0
0
63 42 30 20 46 67 98 26 52 60 87 52 52 14 88 17 81 44 63 67 
1
0
61 44 27 21 50 69 89 24 42 56 88 53 45 11 87 11 80 44 54 76 
2
0
66 39 26 13 47 73 92 30 48 62 81 59 53 13 91 17 72 42 61 69 
3
0
64 37 28 18 45 76 96 29 46 56 83 52 49 10 88 15 74 39 62 70 
4
0
61 37 32 22 47 76 91 23 51 62 79 52 47 17 91 16 78 47 59 74 
5
0
67 43 35 22 48 72 98 31 45 59 79 53 48 8 85 14 73 44 54 73 
6
0
62 43 30 18 45 77 90 29 52 59 82 53 51 12 90 15 71 45 61 70 
7
0
59 43 36 21 47 73 97 32 49 57 83 54 51 7 87 15 81 42 60 72 
8
0
61 35 30 14 50 68 91 31 45 59 80 52 44 17 87 17 77 44 59 68 
9
0
62 42 35 13 49 74 95 27 47 58 88 54 46 16 95 10 70 45 58 77 
10
0
57 39 30 20 51 72 97 33 48 64 86 54 51 15 86 18 78 47 60 67 
11
0
66 43 33 14 48 77 98 24 46 63 88 56 52 7 94 16 78 45 60 75 
12
0
67 34 34 19 44 76 95 26 48 63 79 48 52 12 89 12 75 42 61 67 
13
0
60 40 28 16 47 73 93 24 49 57 85 59 49 14 91 10 70 44 62 73 
14
0
59 41 34 13 43 75 91 29 51 59 82 50 45 13 94 9 75 40 53 76 
15
0
59 35 29 16 52 74 93 26 52 58 81 48 46 14 89 12 75 46 62 69 
16
0
63 43 26 15 49 73 98 30 51 65 83 51 46 17 89 14 78 43 63 68 
17
0
62 41 33 12 43 68 99 31 44 62 89 57 45 11 88 13 72 40 63 72 
18
0
65 39 34 21 45 68 97 25 53 57 85 52 46 10 94 10 76 46 55 73 
19
0
67 37 31 21 47 77 92 24 51 58 88 56 52 15 89 9 78 47 59 67 
20
0
64 39 26 19 50 77 91 32 46 60 83 50 53 16 89 16 76 49 63 76 
21
0
60 38 36 13 45 74 97 24 43 59 82 50 44 9 95 14 72 43 60 68 
22
0
57 37 25 16 51 76 91 24 52 60 83 50 47 16 91 15 73 48 55 75 
23
0
63 36 28 14 49 70 99 29 53 58 78 57 48 12 85 15 79 40 57 76 
24
0
62 44 30 14 48 77 90 27 46 66 83 48 45 7 91 13 77 38 56 70 
25
0
60 41 34 19 50 76 89 25 46 56 87 55 43 9 89 8 77 43 54 66 
26
0
60 35 34 12 45 67 91 28 49 56 79 57 52 14 92 12 72 44 59 67 
27
0
60 38 28 12 48 72 90 33 43 57 88 49 52 10 85 14 72 45 58 73 
28
0
65 34 35 20 47 67 99 26 45 57 78 54 45 12 90 9 72 46 57 76 
29
0
64 40 26 21 54 75 97 34 52 66 79 50 43 13 89 10 74 49 56 75 
