20
20
2020002
0
0
81 50 5 6 60 11 66 57 84 47 82 63 9 6 68 87 37 33 84 71 
1
0
59 25 54 26 31 3 61 74 20 25 83 61 52 72 80 14 40 93 18 28 
2
0
26 99 46 80 79 56 20 31 40 68 88 85 14 77 53 4 63 50 21 28 
3
0
19 58 30 18 9 32 22 45 9 16 2 75 45 14 28 68 46 35 63 26 
4
0
88 81 82 4 94 66 16 27 92 34 43 51 2 33 7 25 35 44 3 78 
5
0
99 19 63 89 96 86 99 54 27 17 31 16 71 37 35 80 56 59 23 93 
6
0
22 27 39 44 99 18 42 22 63 94 8 5 64 82 25 6 13 54 44 96 
7
0
9 61 17 63 69 65 31 47 77 3 6 59 36 96 6 95 80 38 3 27 
8
0
10 53 68 68 91 75 10 84 19 20 74 98 57 97 62 96 88 3 45 6 
9
0
52 40 91 28 65 83 50 37 16 59 37 30 97 72 70 84 40 95 93 20 
10
0
96 89 98 33 12 64 91 59 10 84 76 72 98 43 19 38 88 58 20 42 
11
0
11 56 12 90 71 65 85 11 48 88 51 51 58 92 30 8 81 43 14 37 
12
0
66 57 83 79 50 48 12 48 91 55 97 67 62 3 71 3 35 27 33 74 
13
0
73 41 37 6 90 49 71 94 40 83 77 18 14 32 20 78 10 41 12 23 
14
0
61 88 97 79 62 82 47 97 54 45 49 72 37 72 83 76 33 37 13 32 
15
0
45 79 87 50 44 70 95 95 57 78 94 23 74 34 70 2 83 95 32 45 
16
0
10 18 9 39 98 71 88 81 38 16 66 4 71 51 94 71 52 11 54 66 
17
0
35 69 49 74 18 49 96 86 20 44 8 22 57 28 50 50 83 16 54 96 
18
0
38 50 19 33 43 56 16 97 96 13 60 11 41 67 15 82 59 62 82 23 
19
0
45 84 7 72 95 33 52 6 62 37 69 14 83 45 61 62 52 63 89 73 
