100
10
10010019
0
0
39 70 22 37 71 76 12 59 21 90 
1
0
38 75 25 46 72 78 13 59 17 81 
2
0
37 77 27 43 67 74 8 55 24 81 
3
0
33 73 29 43 71 78 6 54 18 89 
4
0
38 73 28 37 77 81 13 57 21 84 
5
0
36 75 26 47 76 72 14 56 19 90 
6
0
39 68 30 41 75 78 15 56 27 86 
7
0
41 72 25 47 68 78 15 52 22 88 
8
0
38 71 25 37 76 76 14 53 20 84 
9
0
32 74 23 38 72 82 11 52 23 85 
10
0
39 77 21 45 75 74 11 53 23 84 
11
0
41 68 25 40 71 80 12 56 22 88 
12
0
36 70 23 45 77 74 14 55 17 90 
13
0
42 73 27 37 74 81 11 62 25 88 
14
0
42 77 25 39 77 79 7 53 19 85 
15
0
32 75 22 42 77 74 12 58 25 84 
16
0
42 71 23 39 70 78 6 53 22 86 
17
0
41 71 23 45 69 76 6 59 23 85 
18
0
32 78 29 37 73 78 15 58 18 80 
19
0
37 74 23 41 68 76 13 62 24 87 
20
0
41 68 29 37 70 81 6 57 20 87 
21
0
35 72 30 38 74 80 14 59 22 85 
22
0
42 69 23 47 66 76 13 58 19 87 
23
0
38 74 20 43 73 75 6 56 25 86 
24
0
32 76 26 42 74 75 7 59 16 85 
25
0
34 75 28 43 69 76 10 59 20 88 
26
0
34 72 27 46 73 81 9 59 27 83 
27
0
36 76 30 37 73 73 9 60 25 89 
28
0
33 71 29 44 72 75 16 59 21 80 
29
0
40 76 29 42 74 73 8 59 21 82 
30
0
40 76 25 39 75 79 15 53 25 89 
31
0
36 73 23 46 71 77 14 56 20 90 
32
0
38 73 24 44 76 80 14 55 19 83 
33
0
38 78 22 38 74 76 14 59 20 84 
34
0
40 70 30 42 76 72 9 52 19 83 
35
0
32 69 24 46 70 74 15 59 17 85 
36
0
35 70 30 37 76 73 6 53 17 82 
37
0
32 72 30 41 69 71 5 58 19 89 
38
0
31 72 22 46 72 79 7 53 21 84 
39
0
41 73 19 42 73 72 6 57 18 88 
40
0
31 72 30 42 70 76 7 54 19 80 
41
0
35 78 20 44 72 75 9 62 26 86 
42
0
33 75 28 37 70 79 7 56 20 86 
43
0
34 71 27 44 70 77 15 58 19 81 
44
0
32 74 27 43 68 73 15 55 27 87 
45
0
37 73 25 45 70 74 7 54 26 81 
46
0
33 68 29 41 76 74 10 55 17 81 
47
0
41 77 23 37 72 73 11 61 21 85 
48
0
36 72 28 36 70 72 15 56 19 80 
49
0
34 74 23 47 75 82 8 56 26 85 
50
0
31 76 20 41 70 72 14 62 20 83 
51
0
38 71 27 44 71 74 13 61 22 84 
52
0
39 70 23 44 77 75 7 55 25 89 
53
0
34 70 22 39 67 79 15 58 21 90 
54
0
34 68 23 37 68 77 9 55 17 89 
55
0
34 71 23 38 67 74 13 59 26 81 
56
0
36 72 29 38 73 74 7 55 18 82 
57
0
35 78 28 41 74 80 15 54 23 87 
58
0
32 75 23 43 73 72 5 52 17 80 
59
0
38 72 23 46 77 76 13 52 20 82 
60
0
39 70 19 44 71 81 12 57 26 82 
61
0
35 75 20 37 74 75 15 56 26 82 
62
0
40 68 20 41 69 76 12 63 26 86 
63
0
34 77 23 37 71 75 11 62 24 82 
64
0
31 69 25 41 74 74 9 57 18 85 
65
0
37 70 20 41 73 78 8 56 19 82 
66
0
31 75 30 37 72 81 6 60 24 87 
67
0
33 70 23 38 73 77 9 59 26 81 
68
0
38 75 20 46 74 80 13 57 25 85 
69
0
37 67 28 39 67 72 15 54 24 84 
70
0
33 76 27 43 68 81 13 54 25 85 
71
0
32 74 26 41 67 79 13 53 21 89 
72
0
41 74 20 44 67 78 15 55 19 90 
73
0
36 74 26 38 76 73 12 61 22 82 
74
0
37 67 25 41 72 80 6 58 26 82 
75
0
33 71 28 40 71 80 9 55 21 83 
76
0
38 68 28 42 77 82 12 53 17 83 
77
0
34 73 20 42 76 74 9 55 21 86 
78
0
33 71 26 46 76 80 6 56 26 83 
79
0
41 70 22 41 68 75 6 60 21 88 
80
0
40 75 19 40 75 74 7 61 24 91 
81
0
42 72 26 46 75 73 12 55 24 84 
82
0
38 71 28 37 67 72 11 52 23 90 
83
0
34 72 25 42 74 76 11 54 18 88 
84
0
37 73 29 41 70 76 9 56 27 90 
85
0
35 71 26 36 70 73 9 59 27 81 
86
0
41 78 28 46 76 73 8 62 19 90 
87
0
35 71 24 41 72 77 14 60 19 86 
88
0
39 77 20 40 71 73 8 59 19 89 
89
0
33 77 21 41 76 80 10 59 20 90 
90
0
35 75 21 47 73 75 6 58 19 90 
91
0
34 78 23 46 77 76 11 56 17 81 
92
0
37 68 20 41 67 78 12 53 27 89 
93
0
33 67 27 44 68 75 12 58 26 83 
94
0
36 70 26 45 75 76 13 56 19 85 
95
0
35 72 23 39 67 75 5 61 22 81 
96
0
36 77 29 40 68 73 13 54 22 82 
97
0
31 73 28 39 69 75 10 57 18 84 
98
0
42 68 28 40 70 74 12 63 25 90 
99
0
31 77 23 38 72 72 15 54 24 85 
