30
20
3020004
0
0
64 13 80 61 46 36 68 97 15 87 61 29 36 72 48 49 4 78 90 33 
1
0
58 12 73 65 52 43 63 87 9 81 62 21 30 77 45 48 7 71 90 33 
2
0
60 15 77 63 52 36 62 91 16 89 66 27 34 74 51 47 11 73 91 37 
3
0
59 19 77 62 50 41 61 87 11 81 66 22 29 78 51 47 12 70 92 41 
4
0
64 12 79 60 53 35 68 91 15 90 66 28 36 77 44 58 2 69 98 37 
5
0
67 20 80 61 49 44 65 94 16 82 59 23 27 74 50 49 7 72 91 36 
6
0
59 22 77 59 55 37 70 89 12 86 62 27 32 75 47 55 5 74 89 32 
7
0
67 15 76 60 51 42 65 89 13 87 67 19 34 72 54 58 9 74 94 40 
8
0
60 17 80 63 49 35 68 91 19 91 57 29 35 75 52 53 11 74 90 42 
9
0
66 21 73 61 56 40 66 87 17 85 64 22 33 77 43 55 10 76 90 38 
10
0
63 15 75 67 46 43 64 87 13 87 60 30 32 70 47 48 12 71 94 33 
11
0
64 19 74 66 56 34 64 86 10 90 64 23 27 71 53 52 10 76 98 41 
12
0
67 20 74 62 48 43 64 87 13 88 61 19 36 76 50 57 2 77 93 34 
13
0
61 19 74 62 56 33 61 96 18 85 66 21 27 79 43 49 3 74 89 36 
14
0
65 16 80 64 55 43 70 86 19 86 66 28 30 73 49 51 6 67 93 31 
15
0
66 13 73 67 50 40 64 91 17 84 63 23 31 80 44 52 12 69 99 40 
16
0
63 14 80 60 51 41 69 86 14 81 58 29 28 70 50 55 5 77 93 32 
17
0
66 14 77 66 52 36 69 94 14 83 62 23 37 80 53 54 3 73 91 40 
18
0
66 15 82 62 49 36 61 91 11 90 57 21 26 78 53 55 8 72 89 40 
19
0
61 21 77 65 49 37 70 92 19 81 58 28 30 73 53 58 5 72 89 33 
20
0
61 20 80 61 46 36 68 87 17 82 66 24 37 73 47 55 4 77 98 37 
21
0
66 20 80 68 49 43 70 93 9 81 65 28 34 74 54 57 9 70 98 41 
22
0
67 19 78 63 49 41 67 96 19 81 67 27 36 71 53 48 5 76 98 35 
23
0
61 16 82 62 54 42 66 96 13 90 62 28 33 74 47 53 4 77 97 33 
24
0
57 17 73 67 55 37 71 95 16 81 66 22 35 77 44 48 4 72 93 32 
25
0
61 18 80 66 46 37 66 97 10 88 58 26 31 78 46 57 6 71 89 36 
26
0
67 13 78 59 47 43 70 95 20 83 59 20 27 74 50 49 4 69 96 34 
27
0
65 18 76 60 51 38 71 87 19 86 60 30 29 77 47 51 8 78 91 41 
28
0
61 22 73 66 51 41 68 89 10 90 60 22 36 75 46 58 3 70 93 35 
29
0
63 14 76 60 49 44 66 87 13 81 66 26 34 76 45 51 10 72 94 35 
