10
20
1020003
0
0
98 96 94 90 88 95 89 92 94 91 91 90 95 88 97 92 90 89 91 98 
1
0
31 21 29 31 26 24 27 26 31 24 30 31 29 31 23 31 22 27 25 23 
2
0
72 80 79 73 80 80 80 80 79 77 78 74 79 72 71 81 78 79 79 74 
3
0
60 58 52 59 54 53 58 52 53 56 60 52 54 59 59 61 52 51 51 55 
4
0
63 63 66 61 65 66 63 68 69 68 69 68 65 66 69 68 62 66 70 70 
5
0
59 66 61 58 65 64 58 66 58 66 60 58 59 58 60 64 62 60 66 57 
6
0
14 10 9 7 15 8 8 7 6 10 7 7 14 12 15 14 6 7 9 12 
7
0
39 35 37 42 40 42 38 36 40 40 38 41 35 41 38 42 40 39 39 41 
8
0
38 40 43 37 32 33 42 35 43 39 41 40 38 42 40 43 43 35 33 42 
9
0
66 61 60 57 63 58 62 59 58 64 62 65 59 56 62 60 65 65 65 58 
