50
10
5010002
0
0
26 14 52 92 75 64 22 59 50 54 
1
0
21 18 54 95 67 68 23 67 52 54 
2
0
20 12 58 89 74 63 16 65 57 57 
3
0
29 14 53 93 69 62 22 63 61 54 
4
0
30 10 54 95 72 66 20 62 61 53 
5
0
26 18 58 90 72 64 23 65 51 58 
6
0
26 14 54 94 67 66 20 64 60 63 
7
0
23 14 53 90 73 65 16 69 60 59 
8
0
22 18 57 95 70 68 17 62 58 54 
9
0
21 17 52 93 67 60 13 61 58 59 
10
0
20 18 56 95 72 68 21 65 54 56 
11
0
20 17 52 87 71 68 14 62 51 53 
12
0
23 20 52 96 68 67 18 69 57 59 
13
0
29 11 57 94 68 61 22 64 51 56 
14
0
20 15 56 94 77 68 17 62 54 56 
15
0
28 20 54 88 74 66 18 63 58 56 
16
0
29 18 59 96 77 61 17 63 51 62 
17
0
21 9 58 88 76 63 20 66 61 63 
18
0
27 15 52 87 71 69 23 61 52 54 
19
0
25 19 50 87 69 60 17 65 59 58 
20
0
26 13 51 93 69 62 24 70 60 58 
21
0
21 12 53 90 71 61 22 60 54 57 
22
0
27 15 56 97 71 64 16 64 52 62 
23
0
28 15 54 89 74 65 21 69 53 53 
24
0
22 14 57 97 74 63 17 63 59 58 
25
0
22 19 59 91 76 62 24 69 59 61 
26
0
23 20 58 94 70 67 16 68 58 58 
27
0
26 13 61 95 68 62 13 61 58 57 
28
0
22 13 53 98 69 61 15 62 51 57 
29
0
21 18 60 93 73 63 21 67 53 63 
30
0
27 12 60 87 68 64 22 64 51 55 
31
0
19 14 55 96 74 66 15 67 58 53 
32
0
23 19 58 88 69 68 14 65 58 60 
33
0
27 18 56 92 67 59 23 59 58 62 
34
0
21 12 57 95 76 67 17 65 57 53 
35
0
25 15 52 92 71 64 16 69 55 62 
36
0
20 20 58 89 77 62 17 59 59 59 
37
0
22 15 53 97 68 64 15 69 58 60 
38
0
24 18 51 96 74 63 19 64 52 56 
39
0
23 20 53 94 73 64 19 69 57 54 
40
0
29 10 57 93 71 67 14 61 51 58 
41
0
20 12 55 90 71 66 21 61 58 54 
42
0
22 12 60 96 75 69 14 66 58 57 
43
0
23 13 54 88 72 62 14 67 55 62 
44
0
24 15 56 95 73 68 17 65 58 57 
45
0
21 20 59 93 68 69 20 68 60 55 
46
0
25 10 60 95 75 67 14 60 60 60 
47
0
24 19 60 95 68 60 17 60 52 57 
48
0
19 20 56 97 75 68 20 68 57 58 
49
0
23 20 56 93 70 65 17 62 59 61 
