50
20
5020004
0
0
29 34 32 33 37 28 33 34 27 37 29 30 28 33 27 33 36 27 29 29 
1
0
70 79 70 75 70 77 73 75 71 71 69 69 68 70 70 76 75 75 71 72 
2
0
13 19 14 19 13 11 10 19 14 16 14 17 19 12 11 13 11 11 20 18 
3
0
61 68 63 63 61 65 64 59 66 60 58 67 59 66 65 67 59 65 68 62 
4
0
12 7 9 13 8 10 16 18 8 13 16 8 16 16 14 8 8 10 16 17 
5
0
50 50 43 42 49 41 41 47 50 42 46 44 49 44 49 46 39 49 40 42 
6
0
20 20 26 25 20 24 26 22 26 29 21 20 20 24 19 27 23 24 23 27 
7
0
63 68 58 62 59 68 64 65 63 61 60 64 64 63 65 63 63 63 65 59 
8
0
39 49 42 49 43 43 43 49 45 39 43 45 46 39 41 47 47 43 44 44 
9
0
82 79 84 84 80 81 78 82 84 75 84 75 77 80 75 79 78 74 82 81 
10
0
80 84 78 80 79 78 85 84 86 83 85 86 81 85 82 82 79 82 84 80 
11
0
37 35 40 38 35 34 41 36 32 31 35 39 40 30 37 31 37 33 31 36 
12
0
26 28 28 28 29 25 21 23 22 24 21 24 21 28 28 25 22 23 20 26 
13
0
8 8 14 13 18 15 13 13 13 15 11 11 11 18 9 10 19 9 15 15 
14
0
80 83 80 84 86 87 89 82 86 83 89 87 82 87 89 80 90 81 87 86 
15
0
68 70 63 64 61 69 69 60 62 64 63 63 67 66 67 63 70 68 70 62 
16
0
27 24 30 21 21 27 30 24 31 25 27 30 24 26 23 29 28 24 30 27 
17
0
49 56 54 57 57 53 57 49 57 58 51 55 53 56 57 50 49 53 56 55 
18
0
38 39 32 31 30 40 38 32 31 36 37 31 34 37 34 31 39 31 33 33 
19
0
76 82 79 81 85 81 84 77 86 79 82 84 82 79 79 84 79 83 84 77 
20
0
27 27 24 26 26 31 28 26 30 24 27 22 27 29 23 25 28 27 26 27 
21
0
73 72 73 70 71 72 74 75 80 72 71 78 78 75 76 72 75 77 72 70 
22
0
82 73 83 80 72 74 79 76 82 78 78 74 76 74 78 73 75 74 82 76 
23
0
71 79 79 76 79 78 79 72 72 81 74 77 80 80 77 78 80 77 81 74 
24
0
85 77 78 85 76 85 82 84 81 76 81 81 80 82 75 80 85 83 83 78 
25
0
55 60 57 52 51 60 57 52 51 55 50 53 50 51 53 53 50 54 59 56 
26
0
47 49 54 51 47 56 52 48 49 53 48 49 47 52 51 48 55 51 49 55 
27
0
41 33 38 36 42 37 32 42 34 35 35 37 34 38 32 42 35 32 38 38 
28
0
96 90 92 91 89 92 90 89 90 93 87 92 94 91 90 94 88 93 95 93 
29
0
53 52 49 50 54 56 51 49 57 51 51 51 49 53 50 57 51 49 50 50 
30
0
87 87 93 88 90 96 96 89 91 96 92 97 93 89 89 87 86 92 88 91 
31
0
32 33 38 33 37 31 33 33 35 36 37 34 36 29 33 33 32 29 32 30 
32
0
78 82 75 77 75 75 75 74 82 77 78 76 75 72 75 81 82 75 72 72 
33
0
89 83 90 83 90 85 87 83 84 92 85 83 86 83 85 82 83 89 88 91 
34
0
51 49 54 47 49 47 46 49 48 54 49 45 50 53 46 48 54 45 53 49 
35
0
80 76 77 71 79 76 71 75 74 71 70 76 70 76 74 72 75 74 76 71 
36
0
20 21 19 24 20 24 26 19 21 21 19 23 20 21 23 27 21 27 20 19 
37
0
51 49 54 48 49 52 46 48 55 46 49 51 48 50 56 48 48 53 49 54 
38
0
68 74 74 75 76 75 72 71 67 75 73 76 68 68 74 73 74 73 72 77 
39
0
83 84 84 92 93 87 90 91 87 86 85 91 87 93 88 92 92 92 92 91 
40
0
14 18 15 13 9 19 15 10 18 12 10 10 12 16 12 13 15 14 17 9 
41
0
87 90 84 93 90 88 83 84 94 84 93 84 89 93 89 92 90 93 87 86 
42
0
6 12 2 5 10 3 9 9 6 8 7 5 7 2 9 2 9 11 4 11 
43
0
78 77 76 79 80 76 80 82 75 73 74 72 74 72 81 73 76 73 79 78 
44
0
38 44 43 44 43 47 38 41 38 45 43 39 40 41 47 42 38 41 38 39 
45
0
31 28 33 35 31 31 33 26 34 25 29 34 31 31 28 33 29 25 30 28 
46
0
67 68 69 63 71 69 68 65 64 68 64 72 68 65 68 62 65 63 70 68 
47
0
28 29 34 28 33 31 28 36 26 26 33 26 28 32 28 35 34 27 26 31 
48
0
26 21 29 27 24 31 27 31 24 26 28 31 25 23 25 25 22 23 26 22 
49
0
18 14 18 12 18 14 10 14 14 16 15 19 18 16 17 12 18 20 19 14 
