20
10
2010005
0
0
72 71 66 74 66 76 71 67 70 67 
1
0
51 47 47 46 52 50 50 48 55 52 
2
0
89 97 94 99 93 98 96 94 99 98 
3
0
84 86 89 91 83 88 86 92 82 92 
4
0
64 64 62 58 54 57 56 62 55 58 
5
0
32 35 37 34 30 34 32 37 34 34 
6
0
77 81 71 79 78 80 78 81 76 75 
7
0
11 17 16 6 7 12 6 10 16 14 
8
0
37 40 35 35 38 33 32 35 37 31 
9
0
31 26 26 29 33 23 29 25 33 29 
10
0
92 84 90 83 90 87 88 88 86 81 
11
0
52 55 55 60 52 60 57 50 57 52 
12
0
23 26 30 31 21 21 24 23 26 26 
13
0
36 35 39 36 38 42 42 35 40 45 
14
0
41 41 43 45 48 42 43 44 42 43 
15
0
32 33 24 25 29 29 27 32 23 25 
16
0
56 60 61 54 57 58 53 60 54 52 
17
0
56 54 55 57 53 55 51 56 52 58 
18
0
23 14 23 17 21 16 13 18 16 21 
19
0
33 34 39 34 34 36 39 38 36 38 
