200
5
20005019
0
0
61 37 35 26 48 
1
0
60 35 39 29 49 
2
0
58 41 38 23 44 
3
0
59 33 41 26 42 
4
0
58 33 39 22 48 
5
0
56 35 38 31 45 
6
0
57 39 41 27 43 
7
0
56 39 39 23 48 
8
0
53 35 42 30 42 
9
0
55 41 36 24 47 
10
0
55 40 43 30 39 
11
0
57 34 42 31 39 
12
0
59 38 38 28 41 
13
0
51 37 46 28 39 
14
0
56 36 44 27 46 
15
0
53 38 37 24 47 
16
0
55 39 46 21 44 
17
0
55 42 45 24 39 
18
0
53 35 40 22 49 
19
0
60 32 40 30 39 
20
0
53 33 41 28 39 
21
0
61 39 40 28 39 
22
0
59 33 36 28 40 
23
0
59 34 45 23 45 
24
0
53 36 46 29 43 
25
0
55 38 40 27 42 
26
0
54 37 44 28 43 
27
0
51 37 36 23 42 
28
0
53 34 38 26 39 
29
0
57 38 45 24 47 
30
0
54 34 46 23 45 
31
0
52 38 38 31 43 
32
0
56 32 42 26 42 
33
0
52 38 42 27 42 
34
0
61 36 46 29 48 
35
0
57 33 36 31 41 
36
0
53 42 42 29 46 
37
0
59 34 36 29 42 
38
0
51 39 40 29 48 
39
0
58 34 41 29 47 
40
0
53 34 45 25 42 
41
0
51 42 43 30 44 
42
0
60 42 43 31 40 
43
0
56 40 37 25 48 
44
0
56 39 45 25 44 
45
0
57 38 37 28 39 
46
0
61 41 43 23 47 
47
0
52 40 46 28 39 
48
0
56 41 40 26 46 
49
0
57 36 43 22 43 
50
0
51 40 37 29 39 
51
0
52 35 46 21 48 
52
0
57 40 38 23 41 
53
0
59 41 41 23 39 
54
0
59 33 45 26 43 
55
0
56 36 39 21 44 
56
0
52 41 38 26 41 
57
0
55 38 45 22 41 
58
0
57 35 40 29 43 
59
0
54 35 46 23 43 
60
0
52 38 40 25 48 
61
0
57 36 45 28 46 
62
0
51 38 40 30 45 
63
0
53 38 36 28 39 
64
0
62 41 38 24 39 
65
0
61 40 46 31 48 
66
0
54 40 45 31 48 
67
0
60 35 46 28 46 
68
0
58 34 46 29 39 
69
0
61 42 45 31 40 
70
0
62 36 40 30 41 
71
0
58 32 39 31 42 
72
0
54 38 40 31 42 
73
0
58 35 45 31 48 
74
0
57 37 45 27 43 
75
0
60 35 45 26 47 
76
0
51 39 36 31 39 
77
0
54 41 36 21 48 
78
0
57 42 39 27 40 
79
0
60 35 42 26 39 
80
0
59 37 46 28 40 
81
0
58 41 37 28 44 
82
0
55 41 40 24 39 
83
0
55 33 39 26 44 
84
0
51 39 46 22 48 
85
0
55 33 43 23 44 
86
0
60 39 39 27 41 
87
0
60 33 45 26 49 
88
0
51 41 44 26 40 
89
0
62 34 43 25 48 
90
0
51 37 45 28 47 
91
0
59 41 44 22 47 
92
0
53 35 45 24 46 
93
0
56 39 46 29 39 
94
0
53 33 45 30 45 
95
0
58 36 43 30 40 
96
0
55 36 45 28 48 
97
0
53 34 39 24 46 
98
0
53 39 39 30 42 
99
0
54 35 37 31 44 
100
0
60 33 45 26 45 
101
0
61 35 40 24 45 
102
0
52 37 41 29 40 
103
0
52 34 38 26 44 
104
0
55 40 44 21 45 
105
0
60 38 37 30 49 
106
0
62 35 44 24 41 
107
0
53 33 39 27 45 
108
0
54 40 44 23 48 
109
0
53 33 39 22 43 
110
0
59 43 44 21 47 
111
0
56 36 38 24 44 
112
0
54 36 40 25 38 
113
0
61 38 37 23 43 
114
0
56 33 44 25 46 
115
0
54 39 39 26 43 
116
0
52 36 39 22 40 
117
0
56 36 42 28 42 
118
0
60 32 36 24 42 
119
0
55 36 40 29 46 
120
0
52 34 39 30 43 
121
0
52 41 36 23 49 
122
0
58 38 42 24 46 
123
0
59 33 44 29 45 
124
0
56 42 42 22 38 
125
0
54 34 40 32 39 
126
0
53 32 42 22 46 
127
0
52 35 44 29 46 
128
0
56 35 45 28 40 
129
0
51 39 36 25 41 
130
0
55 39 41 25 46 
131
0
59 39 42 32 46 
132
0
61 43 37 27 41 
133
0
56 42 37 30 44 
134
0
59 40 36 30 40 
135
0
60 42 41 25 39 
136
0
57 41 43 27 42 
137
0
57 32 43 21 48 
138
0
52 40 43 29 43 
139
0
61 37 43 22 42 
140
0
59 41 42 21 46 
141
0
52 33 36 29 39 
142
0
60 42 41 23 39 
143
0
53 34 37 21 43 
144
0
56 32 36 23 49 
145
0
53 33 42 28 43 
146
0
60 39 46 25 43 
147
0
57 36 42 24 47 
148
0
60 42 39 21 43 
149
0
57 35 38 28 47 
150
0
57 42 36 24 39 
151
0
58 40 41 22 39 
152
0
57 39 44 29 47 
153
0
60 38 38 22 40 
154
0
56 34 45 30 38 
155
0
53 40 43 24 47 
156
0
56 34 39 31 39 
157
0
56 34 38 31 42 
158
0
57 33 45 26 43 
159
0
52 36 44 25 42 
160
0
54 42 42 22 47 
161
0
55 41 43 23 41 
162
0
60 32 36 26 41 
163
0
51 32 39 24 43 
164
0
56 38 36 30 43 
165
0
60 35 45 22 39 
166
0
56 35 43 30 43 
167
0
51 35 43 22 47 
168
0
52 38 38 26 47 
169
0
52 36 45 28 47 
170
0
56 39 40 24 42 
171
0
53 41 46 27 40 
172
0
52 32 46 26 43 
173
0
62 34 40 26 41 
174
0
53 38 37 27 39 
175
0
55 37 44 24 43 
176
0
56 37 44 26 42 
177
0
51 39 44 31 39 
178
0
60 33 43 24 48 
179
0
53 39 36 30 39 
180
0
56 40 41 30 45 
181
0
60 38 38 24 45 
182
0
52 40 42 25 48 
183
0
59 41 42 25 41 
184
0
51 36 43 22 47 
185
0
53 40 43 30 49 
186
0
57 38 40 24 40 
187
0
54 35 43 23 44 
188
0
55 43 40 21 41 
189
0
60 37 45 24 39 
190
0
61 42 41 31 45 
191
0
53 39 38 23 46 
192
0
62 32 43 32 39 
193
0
53 39 39 22 46 
194
0
57 41 38 27 47 
195
0
61 39 44 22 43 
196
0
59 35 39 31 38 
197
0
55 32 45 32 48 
198
0
61 41 43 21 41 
199
0
54 39 43 26 42 
