200
20
20020014
0
0
68 53 45 77 95 19 26 74 19 20 43 5 50 56 94 56 36 65 60 12 
1
0
36 93 41 76 60 87 37 21 2 30 60 18 48 64 32 25 68 72 78 64 
2
0
13 72 89 66 3 74 89 74 63 27 95 61 69 34 39 91 57 38 85 57 
3
0
7 71 26 37 7 63 94 14 42 10 68 25 99 97 26 82 63 99 9 37 
4
0
55 68 55 10 49 75 18 26 46 97 32 84 79 50 99 25 93 73 70 53 
5
0
97 44 17 65 90 49 23 6 66 17 49 73 22 23 31 11 98 24 77 23 
6
0
87 86 38 79 61 50 2 45 46 8 70 35 75 96 65 59 42 34 97 76 
7
0
14 22 13 6 89 63 33 71 62 12 92 49 93 98 28 54 68 28 59 67 
8
0
55 69 33 52 74 40 23 18 89 67 42 42 4 50 91 67 22 22 84 98 
9
0
86 3 49 37 28 93 57 95 87 6 43 4 54 46 74 97 54 27 37 19 
10
0
96 21 52 41 7 81 79 75 76 75 7 66 86 48 49 4 44 38 18 73 
11
0
5 96 9 59 50 67 29 87 26 15 86 74 98 32 39 32 88 47 86 10 
12
0
86 12 87 83 31 21 45 88 40 36 3 70 31 40 48 40 87 95 46 58 
13
0
14 77 5 62 67 49 28 99 40 76 27 81 58 5 96 90 60 55 16 45 
14
0
68 20 75 82 42 65 95 1 55 20 18 11 68 49 77 34 59 87 43 94 
15
0
29 56 17 53 40 65 43 19 72 25 15 45 78 74 75 11 43 79 10 19 
16
0
7 16 11 29 21 31 20 33 49 21 14 4 94 46 56 41 61 33 79 48 
17
0
79 9 11 60 41 88 23 95 19 13 81 48 51 5 30 33 36 54 1 62 
18
0
69 65 3 82 14 29 97 45 30 19 55 76 92 62 53 34 91 68 6 31 
19
0
53 19 80 42 39 78 63 96 24 10 94 68 34 98 50 41 50 11 97 42 
20
0
6 37 65 53 95 82 51 41 81 69 4 7 43 31 53 29 94 73 3 30 
21
0
32 21 13 93 8 35 15 42 66 13 65 91 60 44 62 74 69 79 66 77 
22
0
63 62 56 66 95 36 87 71 65 45 6 35 77 20 62 61 10 46 46 55 
23
0
65 25 77 33 30 74 39 89 86 31 72 49 63 25 74 1 48 10 73 70 
24
0
99 84 57 57 68 65 11 72 89 16 64 32 92 39 72 53 97 35 25 70 
25
0
50 89 1 6 96 45 1 97 57 47 53 54 79 9 57 34 50 48 20 22 
26
0
40 24 57 46 98 80 20 59 38 45 4 84 42 12 1 28 67 79 66 46 
27
0
78 92 1 7 17 17 75 57 10 92 60 56 72 25 24 63 43 91 47 83 
28
0
94 83 48 98 97 71 87 54 6 55 45 61 20 21 77 47 15 31 73 5 
29
0
52 42 53 60 7 27 32 11 12 49 17 36 90 46 3 62 41 32 85 3 
30
0
77 16 14 69 86 54 84 39 62 27 24 35 65 7 77 38 28 72 33 78 
31
0
43 43 25 46 97 89 62 61 1 94 3 32 57 93 47 10 11 52 77 81 
32
0
61 72 73 55 25 73 79 73 27 2 25 97 31 82 89 4 90 9 58 82 
33
0
23 82 26 1 49 35 3 83 87 18 1 48 10 71 34 22 65 60 38 13 
34
0
63 98 44 13 58 83 66 96 28 38 87 23 30 28 28 94 74 50 32 66 
35
0
80 10 49 78 25 70 52 68 20 39 42 59 57 37 84 26 29 55 27 9 
36
0
98 30 23 19 88 85 45 35 9 42 43 41 90 72 35 91 99 11 65 90 
37
0
52 25 12 96 72 8 37 54 31 66 43 32 92 43 56 18 71 67 59 62 
38
0
33 32 39 22 70 79 15 23 47 56 85 17 64 91 89 75 89 8 92 22 
39
0
30 55 95 6 16 80 70 26 72 18 17 56 64 23 82 17 13 21 43 92 
40
0
94 80 75 76 74 49 32 81 62 56 33 63 66 46 97 47 28 92 82 25 
41
0
49 92 7 39 69 18 98 2 90 95 38 87 82 96 30 84 41 62 95 81 
42
0
34 81 14 56 15 5 18 46 90 39 32 1 28 21 23 64 63 81 7 84 
43
0
36 63 23 83 10 22 12 31 24 53 52 14 99 79 84 92 68 75 70 22 
44
0
98 48 29 50 9 39 10 35 62 57 71 47 74 53 50 65 98 11 53 40 
45
0
40 49 72 89 42 83 89 70 99 36 78 27 14 96 27 33 29 60 2 96 
46
0
90 40 58 21 9 82 58 43 30 30 23 59 75 54 53 74 60 50 98 31 
47
0
10 83 9 59 47 19 3 85 44 44 31 44 30 56 30 30 94 7 11 65 
48
0
35 98 17 85 27 58 26 16 98 97 87 30 59 79 56 35 26 37 67 28 
49
0
45 94 50 69 6 55 92 68 37 77 82 16 90 87 9 86 64 6 89 89 
50
0
19 76 9 8 92 70 60 30 99 77 59 19 29 28 17 2 73 76 81 32 
51
0
62 59 76 5 94 92 25 41 94 62 68 64 9 80 12 41 63 54 41 93 
52
0
49 19 83 42 94 97 39 57 70 67 25 72 57 16 37 64 38 19 78 90 
53
0
79 68 83 61 92 83 26 21 37 8 4 70 61 51 61 12 61 97 50 46 
54
0
91 78 6 50 42 9 86 58 67 1 58 5 22 50 36 63 77 55 46 43 
55
0
48 64 55 60 36 20 77 6 44 73 26 7 29 49 99 97 17 95 65 20 
56
0
82 9 41 20 85 41 57 22 65 95 79 74 28 44 8 16 70 43 64 49 
57
0
42 44 75 19 92 95 17 7 38 64 76 85 10 14 62 52 8 64 59 38 
58
0
92 71 3 92 85 16 8 46 3 40 54 32 70 27 91 27 90 42 12 22 
59
0
68 70 16 87 76 95 67 14 37 13 75 74 93 86 62 14 56 8 46 36 
60
0
57 56 55 50 18 11 52 46 65 12 45 78 24 70 98 79 15 22 87 70 
61
0
42 80 60 58 24 39 70 11 83 20 71 5 41 70 92 48 62 59 49 97 
62
0
34 37 57 72 57 16 77 88 88 31 55 96 93 85 46 65 25 84 85 67 
63
0
94 9 87 62 64 99 99 83 74 91 21 21 84 72 23 23 66 49 91 95 
64
0
89 86 26 25 19 51 58 37 39 33 67 31 3 44 72 36 50 84 26 17 
65
0
15 97 94 49 31 7 65 85 67 3 56 78 57 37 39 17 3 32 95 6 
66
0
76 59 5 38 95 62 34 70 63 30 10 95 34 19 97 80 74 46 51 55 
67
0
82 91 49 3 28 17 68 49 26 5 72 36 84 82 20 54 65 7 97 19 
68
0
55 30 96 31 4 76 93 32 57 59 16 36 15 63 24 31 43 66 93 30 
69
0
52 66 30 87 68 5 88 48 95 17 19 17 57 32 24 27 23 70 41 92 
70
0
5 89 49 5 81 19 24 2 4 53 94 68 18 3 4 15 8 5 32 85 
71
0
18 40 88 42 9 82 38 36 99 2 16 15 18 24 67 91 27 56 10 12 
72
0
52 25 8 53 32 17 28 37 79 59 47 22 24 2 76 69 81 54 24 99 
73
0
98 90 12 24 67 48 34 15 5 72 91 25 30 68 30 84 1 21 59 45 
74
0
24 65 76 73 28 14 44 66 32 54 22 13 64 14 92 72 81 53 58 84 
75
0
91 42 86 91 59 56 19 69 57 39 37 91 29 37 14 16 34 56 55 76 
76
0
85 63 9 32 19 20 81 52 61 33 60 58 98 90 26 58 11 85 68 60 
77
0
6 33 68 28 54 17 94 11 31 83 27 99 26 88 54 48 99 43 58 45 
78
0
19 46 69 40 91 69 18 6 37 16 45 12 8 46 84 27 38 61 79 88 
79
0
81 77 2 92 66 56 75 14 99 82 27 95 83 15 78 6 28 53 64 39 
80
0
94 52 96 16 68 62 1 92 87 21 3 67 99 95 40 23 75 71 15 30 
81
0
57 2 61 94 9 59 90 55 28 82 77 22 68 78 97 85 65 62 57 4 
82
0
60 91 96 40 80 73 85 46 65 56 34 68 69 90 42 85 11 46 83 16 
83
0
77 44 82 1 27 8 75 1 15 16 42 98 7 99 22 11 24 90 35 73 
84
0
73 44 34 70 68 65 91 30 54 81 93 7 44 89 28 62 17 3 25 84 
85
0
4 87 11 34 17 79 65 4 57 88 17 21 2 38 2 6 10 18 56 1 
86
0
9 77 14 20 1 7 67 28 73 48 94 36 20 4 35 63 95 78 79 92 
87
0
37 26 5 1 18 69 64 49 49 11 39 31 68 36 62 30 57 54 34 49 
88
0
73 77 75 1 43 49 90 37 80 39 21 60 16 97 4 71 51 14 39 24 
89
0
16 46 19 69 70 2 32 30 18 2 12 7 71 43 58 46 50 27 96 2 
90
0
73 4 73 33 29 75 3 53 5 49 55 88 14 76 6 26 45 66 32 99 
91
0
35 43 83 95 16 95 10 62 45 77 49 61 83 43 5 30 93 92 99 22 
92
0
18 58 93 35 6 16 88 41 38 37 35 76 83 64 57 43 4 97 76 2 
93
0
70 9 47 87 44 55 50 89 33 17 4 16 11 70 58 29 2 77 32 97 
94
0
20 12 54 8 54 34 76 63 48 67 2 89 99 40 85 48 15 47 28 1 
95
0
68 73 24 90 4 51 66 1 41 6 26 5 86 80 13 80 65 76 90 45 
96
0
79 20 36 21 3 96 75 96 63 61 73 18 66 61 55 79 32 18 47 35 
97
0
78 3 79 15 27 25 85 27 3 76 88 65 98 42 63 7 93 67 80 94 
98
0
56 98 88 85 66 21 11 33 55 53 54 75 92 87 18 1 97 80 76 57 
99
0
2 78 97 11 91 49 26 14 16 31 41 37 91 52 20 68 57 58 4 98 
100
0
12 84 40 64 75 48 61 80 45 13 85 7 86 62 6 98 25 86 49 64 
101
0
27 61 45 43 86 77 41 84 31 63 21 73 69 37 31 36 54 99 14 43 
102
0
70 62 8 23 3 89 15 34 45 70 2 69 57 84 64 47 57 97 12 61 
103
0
13 60 7 81 8 16 26 37 64 73 48 9 85 6 33 94 72 31 8 29 
104
0
10 85 34 83 94 85 6 25 71 47 83 1 51 67 62 65 98 92 43 70 
105
0
32 44 60 75 10 42 64 90 89 7 45 74 84 38 70 61 79 50 32 96 
106
0
88 76 6 26 81 14 19 93 46 9 20 78 89 6 65 4 16 38 98 83 
107
0
62 63 36 10 7 5 79 59 10 36 33 51 61 68 7 57 3 12 67 90 
108
0
30 29 49 83 97 81 16 73 48 47 54 27 80 16 2 90 1 94 62 31 
109
0
96 9 37 55 33 80 45 52 51 89 20 90 80 77 35 91 61 54 82 19 
110
0
79 53 91 28 78 67 91 25 63 29 29 80 42 52 18 55 83 44 95 47 
111
0
35 37 39 86 14 85 65 96 73 87 74 15 38 42 36 93 88 69 34 29 
112
0
41 89 65 25 8 91 22 10 13 27 5 9 79 88 30 7 61 16 61 97 
113
0
84 28 35 83 31 86 6 81 3 21 65 65 76 16 49 42 43 89 61 86 
114
0
56 71 3 92 58 25 78 20 98 30 28 52 92 4 73 25 12 36 46 24 
115
0
83 86 54 47 49 80 99 30 89 41 50 15 7 69 64 87 57 62 63 57 
116
0
4 12 38 3 9 98 81 34 69 28 94 50 7 80 38 23 9 31 38 29 
117
0
31 20 26 84 55 95 47 60 77 44 67 67 98 68 93 59 32 63 48 31 
118
0
56 81 62 88 70 24 25 67 78 32 4 15 60 90 63 79 67 63 84 9 
119
0
61 47 46 5 80 23 62 27 23 93 14 42 8 79 27 78 77 27 56 80 
120
0
81 95 91 21 63 6 95 58 29 79 3 51 26 84 85 12 81 63 98 92 
121
0
56 16 6 29 59 54 60 39 22 86 37 87 60 29 96 87 98 73 90 93 
122
0
6 46 72 96 74 67 29 98 76 4 44 77 93 19 5 95 79 32 64 66 
123
0
93 34 39 48 67 85 92 99 43 56 72 35 23 94 4 30 47 61 75 19 
124
0
72 85 73 54 77 97 14 84 92 29 73 59 47 17 19 28 44 94 60 52 
125
0
19 72 43 63 74 94 88 59 21 34 5 91 93 82 71 96 48 95 72 69 
126
0
7 45 60 33 87 65 78 93 7 84 26 82 20 82 65 16 89 50 23 87 
127
0
67 6 79 9 92 38 42 88 8 36 4 11 26 60 54 90 9 4 81 83 
128
0
63 66 18 48 54 54 69 1 17 9 10 37 89 93 86 70 19 52 62 60 
129
0
96 83 96 20 39 69 27 94 50 69 27 53 89 55 95 54 10 3 31 61 
130
0
47 63 88 38 42 13 41 74 17 12 81 72 35 91 70 59 94 82 33 97 
131
0
3 23 73 11 28 42 80 90 76 85 97 18 59 24 34 72 56 83 72 77 
132
0
99 92 95 73 99 58 31 9 75 31 17 68 2 88 39 99 39 87 82 48 
133
0
74 43 73 57 88 26 27 45 91 82 84 28 64 54 51 71 16 7 43 57 
134
0
77 6 53 41 75 53 53 15 98 77 1 24 54 10 95 67 99 61 23 16 
135
0
68 43 28 68 98 62 66 71 70 52 50 86 75 46 25 28 18 86 37 82 
136
0
47 74 85 72 50 35 50 16 57 65 53 91 2 30 68 46 81 84 97 75 
137
0
79 53 18 72 75 34 54 95 68 35 84 4 86 8 31 31 15 98 58 25 
138
0
42 17 93 22 93 31 51 70 12 75 24 72 5 24 32 95 77 89 81 28 
139
0
54 63 15 49 58 40 2 72 32 63 21 42 88 23 90 93 85 73 32 51 
140
0
63 12 72 72 77 47 97 6 70 1 79 5 62 90 39 78 46 36 61 6 
141
0
9 63 93 22 25 32 58 82 81 51 58 82 77 98 5 75 88 2 1 81 
142
0
48 37 18 67 55 58 67 56 76 83 48 15 30 91 68 35 78 8 81 24 
143
0
35 64 21 67 58 33 53 42 85 71 48 37 45 69 25 91 80 50 75 83 
144
0
81 85 26 62 40 27 44 97 70 24 24 2 5 89 63 83 23 30 27 33 
145
0
92 74 27 61 89 31 39 29 7 77 64 21 33 66 35 87 27 19 63 37 
146
0
81 16 81 71 12 18 92 4 72 41 78 44 56 42 44 13 91 80 32 31 
147
0
50 82 80 37 13 14 62 27 49 43 97 31 34 59 48 33 6 38 10 20 
148
0
19 51 48 30 43 40 85 38 29 61 14 78 16 21 88 85 83 65 63 6 
149
0
12 59 86 15 29 37 38 70 3 35 58 10 83 8 12 83 49 21 12 76 
150
0
68 50 34 55 24 54 89 59 80 14 20 40 33 50 39 44 36 71 35 6 
151
0
18 30 67 63 96 82 1 15 7 45 23 5 30 64 54 69 53 80 30 36 
152
0
50 39 20 98 11 78 66 19 1 28 9 9 11 55 73 73 99 14 1 15 
153
0
92 35 96 87 48 90 47 16 63 87 58 53 10 62 9 75 53 66 4 77 
154
0
94 29 56 82 57 4 85 33 96 85 31 3 84 76 40 49 32 80 61 46 
155
0
32 77 27 76 6 70 41 46 19 73 72 91 46 49 48 59 47 79 34 36 
156
0
20 36 15 55 58 33 27 40 61 41 94 80 11 15 97 55 77 56 64 49 
157
0
3 34 66 75 72 93 68 42 64 90 14 24 27 62 5 22 24 45 36 85 
158
0
90 17 4 84 12 17 40 53 55 47 46 33 49 69 89 8 9 96 52 48 
159
0
62 74 70 87 27 2 11 39 57 49 74 18 71 37 60 43 91 41 78 48 
160
0
47 53 14 11 51 13 69 95 49 56 10 5 50 76 66 62 6 34 56 91 
161
0
37 60 49 48 26 28 65 97 24 31 13 63 82 33 24 92 32 89 96 14 
162
0
13 69 15 23 64 63 66 43 96 69 4 78 72 26 57 23 25 2 98 41 
163
0
55 30 67 86 93 91 4 99 45 78 84 21 95 23 7 85 84 67 42 72 
164
0
53 39 71 91 74 68 18 74 83 38 62 20 19 68 14 55 33 4 50 97 
165
0
8 19 74 15 38 18 81 19 94 65 28 66 74 27 74 16 13 21 80 87 
166
0
18 42 59 98 83 46 92 56 85 45 24 6 85 96 63 92 13 83 20 33 
167
0
6 80 1 84 89 84 97 12 46 37 9 81 63 31 67 4 55 15 15 82 
168
0
60 3 79 82 94 67 81 53 63 38 44 32 69 82 93 89 66 28 18 48 
169
0
71 70 1 82 65 6 83 12 64 34 72 29 57 91 1 49 84 27 49 71 
170
0
24 51 74 64 12 24 49 29 8 7 9 73 64 45 73 89 78 53 62 40 
171
0
79 37 20 3 92 78 45 53 62 58 17 48 85 56 13 83 33 76 27 29 
172
0
36 11 50 33 37 95 73 16 23 38 66 11 37 2 85 70 47 39 67 7 
173
0
28 98 85 88 9 83 54 50 90 66 96 56 24 41 86 92 17 53 64 34 
174
0
57 45 63 79 71 83 97 69 9 54 13 52 60 56 93 4 70 93 50 2 
175
0
47 91 9 94 40 72 12 1 22 36 35 35 7 80 8 46 74 85 44 57 
176
0
96 45 23 27 34 39 71 77 7 44 54 82 91 44 1 24 77 18 76 18 
177
0
45 87 42 59 46 78 76 91 20 57 40 4 5 70 70 27 41 81 19 11 
178
0
40 91 44 64 35 47 21 56 21 14 30 38 18 64 61 84 76 84 77 94 
179
0
21 58 24 91 28 31 86 16 22 81 47 2 96 36 7 87 7 99 69 64 
180
0
27 20 27 72 63 77 88 67 38 50 18 1 9 27 70 11 27 65 75 67 
181
0
72 37 71 86 83 36 48 81 93 45 12 74 2 4 13 61 74 81 47 83 
182
0
95 1 78 82 95 48 95 28 10 4 73 19 92 99 35 82 25 9 16 56 
183
0
54 73 99 90 71 15 57 75 22 99 81 10 28 72 56 58 95 19 25 54 
184
0
15 55 56 4 52 38 10 13 67 51 58 33 98 57 61 49 43 45 74 27 
185
0
66 61 49 50 99 76 37 91 89 38 55 11 63 70 62 21 28 55 28 69 
186
0
71 29 42 56 50 69 54 74 61 34 75 77 82 95 82 40 59 42 40 70 
187
0
86 15 61 22 51 52 48 34 49 60 99 31 21 31 65 84 35 56 25 77 
188
0
89 2 16 73 82 75 61 74 45 16 6 25 23 51 21 91 47 61 21 59 
189
0
96 34 46 99 76 41 94 12 7 22 60 21 43 81 13 31 80 86 72 83 
190
0
42 96 43 69 97 84 17 78 86 70 61 90 74 44 83 7 24 69 85 77 
191
0
70 97 7 99 63 57 89 44 63 95 69 12 6 44 8 86 3 5 72 10 
192
0
5 15 43 19 73 37 35 80 93 69 29 3 10 89 95 68 87 77 48 69 
193
0
34 72 85 67 52 34 21 32 49 41 32 62 72 89 87 21 50 12 16 66 
194
0
10 94 63 73 15 6 88 20 74 66 19 13 63 19 45 87 28 33 21 5 
195
0
95 28 58 93 31 42 94 21 36 75 36 65 90 78 82 40 39 66 53 94 
196
0
67 26 33 84 20 38 38 11 21 29 89 32 54 89 24 82 99 54 8 78 
197
0
63 33 7 16 80 66 30 68 69 64 95 59 99 28 49 23 8 5 43 14 
198
0
17 31 3 32 83 73 70 56 30 91 92 36 72 16 1 26 42 83 49 42 
199
0
23 38 58 5 2 57 34 61 95 14 8 67 91 95 60 11 29 66 12 35 
