100
10
10010020
0
0
41 26 21 5 33 88 97 12 67 55 
1
0
35 30 22 9 29 94 98 15 69 45 
2
0
42 20 29 13 30 90 91 11 66 50 
3
0
39 21 23 14 26 89 96 15 73 48 
4
0
40 24 21 12 28 87 93 16 66 53 
5
0
37 28 25 4 35 86 91 12 70 46 
6
0
35 26 22 5 35 87 90 15 65 53 
7
0
38 30 19 9 33 88 95 9 66 51 
8
0
37 23 22 11 32 90 90 13 64 50 
9
0
36 24 27 12 33 86 96 14 69 46 
10
0
34 24 28 5 34 96 97 15 70 49 
11
0
39 20 22 4 30 91 88 18 65 47 
12
0
37 30 19 14 27 94 91 10 74 47 
13
0
31 24 23 6 30 96 93 15 65 54 
14
0
37 21 20 11 28 88 89 15 67 47 
15
0
39 30 29 8 36 94 89 8 73 45 
16
0
42 21 22 4 34 90 89 15 73 51 
17
0
35 25 20 7 33 92 94 12 71 48 
18
0
32 21 23 13 27 87 98 18 73 51 
19
0
41 29 27 12 32 90 93 12 66 55 
20
0
37 21 29 6 30 90 95 18 64 46 
21
0
42 29 26 12 25 88 95 11 67 53 
22
0
41 22 27 6 35 96 88 9 74 46 
23
0
36 23 27 5 28 87 92 15 67 48 
24
0
38 28 22 4 28 92 95 10 73 48 
25
0
35 30 18 4 35 92 97 18 65 44 
26
0
41 27 25 5 36 89 96 11 68 53 
27
0
41 21 27 8 32 87 92 10 73 47 
28
0
41 23 27 4 30 89 98 14 72 46 
29
0
39 25 23 4 28 91 89 18 72 47 
30
0
38 30 26 11 34 95 96 13 69 45 
31
0
39 22 27 6 28 93 89 8 68 50 
32
0
39 30 22 15 36 89 98 8 67 45 
33
0
35 24 23 7 26 93 97 14 68 53 
34
0
33 28 23 13 29 92 88 15 71 46 
35
0
39 23 26 5 35 89 92 13 71 53 
36
0
32 29 23 12 32 86 88 15 67 49 
37
0
31 23 27 5 35 90 96 16 70 47 
38
0
35 31 25 8 26 87 88 10 68 48 
39
0
33 25 23 7 32 90 95 12 72 48 
40
0
31 30 27 7 30 88 96 12 73 49 
41
0
32 21 23 11 30 96 93 13 72 44 
42
0
42 27 29 10 31 92 89 11 71 47 
43
0
42 28 26 11 32 89 95 13 65 45 
44
0
33 28 28 14 33 86 88 14 72 45 
45
0
33 21 20 7 36 96 90 9 66 46 
46
0
32 24 23 14 26 93 96 13 65 51 
47
0
33 24 22 12 26 87 95 16 73 46 
48
0
41 29 27 8 29 93 88 17 71 53 
49
0
32 26 20 10 27 89 97 13 66 48 
50
0
37 30 27 9 27 92 97 11 73 49 
51
0
40 26 18 13 29 94 90 14 66 50 
52
0
42 27 26 8 28 94 88 16 71 50 
53
0
38 29 28 11 28 96 93 15 71 53 
54
0
35 23 19 10 32 93 88 8 66 49 
55
0
39 31 24 11 35 94 92 16 63 53 
56
0
35 20 26 4 31 94 97 15 65 46 
57
0
34 28 23 9 36 87 98 14 70 52 
58
0
32 30 20 14 29 88 90 11 68 55 
59
0
37 29 22 9 33 93 92 16 70 48 
60
0
34 27 19 7 35 94 88 16 73 46 
61
0
41 30 27 4 36 95 88 15 71 53 
62
0
32 21 25 11 35 87 96 8 64 53 
63
0
34 28 24 4 31 88 93 13 72 54 
64
0
36 27 26 11 35 92 94 18 67 45 
65
0
40 24 20 7 33 90 95 14 69 45 
66
0
32 27 22 12 26 88 96 17 66 50 
67
0
32 27 21 10 32 96 93 15 67 53 
68
0
39 29 18 11 35 95 96 12 67 46 
69
0
31 30 20 7 33 91 95 15 64 55 
70
0
37 29 28 12 31 87 94 14 64 54 
71
0
35 28 22 5 27 92 93 18 72 48 
72
0
41 28 22 8 34 87 98 13 72 51 
73
0
31 31 22 10 28 88 90 8 74 50 
74
0
42 23 22 4 30 87 88 15 64 45 
75
0
33 25 20 4 32 91 91 12 64 53 
76
0
38 30 19 9 36 90 89 14 63 46 
77
0
42 20 21 6 35 90 98 15 64 54 
78
0
41 27 25 5 36 95 98 10 67 47 
79
0
39 28 23 5 32 91 88 9 66 54 
80
0
41 25 18 9 31 86 97 10 69 49 
81
0
31 24 28 13 33 87 92 18 68 46 
82
0
35 20 24 10 28 89 89 11 74 54 
83
0
33 27 25 10 26 87 88 11 65 45 
84
0
33 22 21 10 26 92 94 10 68 49 
85
0
32 23 20 14 35 92 92 13 70 51 
86
0
38 22 18 11 33 91 97 17 73 52 
87
0
35 22 21 6 28 86 89 15 73 50 
88
0
38 23 21 12 26 86 97 12 63 50 
89
0
35 25 19 8 32 93 90 16 71 46 
90
0
38 23 22 10 32 87 96 9 70 54 
91
0
38 29 24 8 27 95 95 12 68 52 
92
0
31 29 20 9 28 91 90 18 66 44 
93
0
40 25 28 6 34 86 90 9 69 50 
94
0
35 22 21 6 31 91 92 10 68 49 
95
0
39 20 18 9 33 90 94 9 72 48 
96
0
35 23 26 12 31 89 91 8 66 48 
97
0
34 24 23 13 30 87 88 8 63 46 
98
0
35 28 24 4 32 90 89 12 64 50 
99
0
37 26 18 13 27 92 89 8 73 45 
