200
10
20010024
0
0
58 61 56 57 61 64 57 59 58 63 
1
0
13 15 13 13 10 17 11 15 11 12 
2
0
75 77 73 75 69 69 75 75 69 76 
3
0
8 14 16 16 15 12 6 15 16 9 
4
0
32 38 38 40 36 39 30 30 34 38 
5
0
13 17 18 14 8 10 14 16 11 11 
6
0
92 92 96 98 94 93 98 88 89 93 
7
0
72 69 65 66 65 65 75 74 66 70 
8
0
17 15 16 19 15 24 17 15 14 14 
9
0
26 29 26 28 25 26 30 25 22 22 
10
0
76 67 70 69 75 77 76 73 73 75 
11
0
39 40 41 39 44 49 44 47 43 49 
12
0
15 19 17 14 24 18 16 19 20 20 
13
0
35 32 29 30 33 38 29 38 33 32 
14
0
67 61 68 66 67 63 66 67 58 58 
15
0
37 35 34 40 39 34 38 42 39 40 
16
0
90 90 90 88 85 89 83 84 86 89 
17
0
68 77 72 68 67 76 69 68 72 72 
18
0
29 30 33 25 25 29 25 34 24 28 
19
0
88 80 81 86 82 82 90 88 89 84 
20
0
89 83 93 91 86 84 85 85 85 93 
21
0
20 16 13 17 14 18 15 14 19 14 
22
0
18 21 20 18 19 20 22 24 24 20 
23
0
57 61 65 61 56 64 59 55 64 60 
24
0
47 43 47 46 44 50 46 48 46 51 
25
0
89 87 82 82 90 92 88 91 85 90 
26
0
61 60 57 61 60 54 63 58 57 56 
27
0
28 19 22 26 20 25 18 21 29 19 
28
0
94 90 89 88 88 88 85 86 95 89 
29
0
78 77 83 78 83 79 75 81 73 80 
30
0
78 78 73 80 82 77 78 76 81 82 
31
0
4 12 7 10 11 9 4 12 5 7 
32
0
8 9 11 8 14 13 17 12 10 11 
33
0
90 94 95 91 86 88 86 89 87 88 
34
0
57 54 61 57 51 60 57 59 58 56 
35
0
14 19 19 14 20 17 13 14 20 18 
36
0
45 48 42 45 39 49 40 42 40 41 
37
0
69 77 69 69 73 79 69 78 73 78 
38
0
62 57 65 62 57 57 60 56 62 57 
39
0
52 58 55 52 59 59 59 59 56 53 
40
0
80 77 80 79 80 78 72 75 74 71 
41
0
71 64 67 73 70 65 66 63 65 68 
42
0
17 21 25 19 15 19 23 24 21 18 
43
0
14 13 22 17 16 16 21 22 22 13 
44
0
80 77 86 84 83 77 84 82 82 80 
45
0
94 87 88 86 88 89 87 88 91 94 
46
0
45 48 42 49 45 49 42 51 44 51 
47
0
76 68 68 73 68 73 71 72 77 74 
48
0
38 36 38 36 40 38 34 33 41 40 
49
0
91 84 91 85 89 85 87 91 86 93 
50
0
74 71 75 72 66 71 71 67 73 67 
51
0
83 92 83 83 87 92 85 84 89 89 
52
0
51 50 46 55 55 56 56 54 51 47 
53
0
60 60 64 62 59 61 56 62 63 59 
54
0
53 49 47 49 50 56 58 47 51 51 
55
0
79 74 83 77 78 73 78 78 75 80 
56
0
86 79 78 79 80 86 79 77 87 79 
57
0
12 10 12 15 17 12 17 13 13 14 
58
0
33 34 32 31 26 33 37 29 29 29 
59
0
68 63 59 68 62 60 65 62 66 65 
60
0
54 57 53 58 59 55 62 54 55 54 
61
0
9 17 10 16 18 12 13 12 18 9 
62
0
74 65 66 65 72 74 70 65 69 75 
63
0
5 12 9 6 8 5 6 7 12 10 
64
0
76 82 80 81 79 82 80 76 82 86 
65
0
68 67 68 67 67 74 73 72 75 74 
66
0
8 7 11 10 7 7 6 11 3 9 
67
0
10 13 11 15 11 6 14 8 8 7 
68
0
58 58 60 55 62 56 64 58 58 56 
69
0
23 19 18 19 24 26 20 19 18 23 
70
0
23 16 13 15 15 21 14 17 22 16 
71
0
61 69 67 61 63 60 63 65 64 61 
72
0
16 15 24 16 25 22 19 19 23 20 
73
0
79 78 85 77 80 87 87 84 81 84 
74
0
94 90 90 89 90 96 89 94 93 86 
75
0
23 27 21 24 24 17 22 18 19 20 
76
0
36 32 31 35 31 35 34 32 35 32 
77
0
48 48 39 44 42 39 49 49 44 38 
78
0
4 13 3 6 3 3 12 12 8 5 
79
0
68 67 72 70 69 70 74 71 69 67 
80
0
39 35 40 35 32 34 39 32 37 35 
81
0
38 42 41 43 42 47 45 45 44 38 
82
0
13 14 10 15 10 18 17 18 8 11 
83
0
20 23 26 19 15 25 16 22 18 20 
84
0
77 77 70 69 77 80 73 72 75 77 
85
0
33 42 43 41 35 33 39 35 35 36 
86
0
92 94 97 92 87 88 91 95 95 92 
87
0
42 39 43 42 39 42 45 37 41 47 
88
0
47 45 43 41 42 39 49 47 40 40 
89
0
49 44 41 47 43 48 40 46 49 46 
90
0
9 6 12 13 7 9 8 12 8 10 
91
0
63 59 59 63 61 55 59 63 60 65 
92
0
55 60 59 61 62 51 60 52 62 61 
93
0
53 51 45 44 47 43 50 47 49 52 
94
0
51 52 58 57 52 53 56 62 58 51 
95
0
13 19 18 21 13 14 23 22 13 15 
96
0
88 97 95 94 90 89 93 90 93 91 
97
0
37 42 35 41 36 43 40 38 39 44 
98
0
50 52 49 58 49 58 59 50 58 52 
99
0
13 10 9 12 12 7 6 6 6 5 
100
0
99 97 98 99 95 91 100 94 96 97 
101
0
47 52 53 55 51 46 55 46 50 53 
102
0
10 2 6 6 5 7 3 5 8 3 
103
0
28 23 29 21 22 24 30 28 23 22 
104
0
90 88 89 89 91 83 90 89 84 85 
105
0
39 48 43 48 49 47 45 49 47 47 
106
0
83 75 75 85 79 76 79 83 78 85 
107
0
78 80 86 85 82 78 79 77 86 87 
108
0
96 92 95 95 91 95 94 87 87 96 
109
0
53 61 52 53 50 53 55 56 55 57 
110
0
14 12 16 17 16 21 17 20 17 16 
111
0
73 80 78 75 81 82 79 81 72 72 
112
0
9 12 8 16 14 13 10 12 11 14 
113
0
43 39 42 42 38 46 42 48 41 39 
114
0
64 60 64 58 64 65 65 57 61 56 
115
0
33 24 30 27 29 29 33 30 31 29 
116
0
58 61 53 53 60 59 55 54 60 55 
117
0
42 48 44 42 52 50 43 51 52 49 
118
0
29 29 27 27 30 21 28 30 20 20 
119
0
87 85 82 85 87 88 82 84 86 82 
120
0
44 51 52 50 47 49 45 50 50 52 
121
0
22 33 29 30 30 24 33 30 30 31 
122
0
28 25 28 32 28 29 24 33 28 25 
123
0
31 25 29 26 27 26 30 28 26 29 
124
0
25 22 29 29 26 30 27 21 24 21 
125
0
48 49 42 52 44 51 44 42 44 50 
126
0
92 94 86 84 92 92 88 89 89 89 
127
0
66 65 73 73 72 71 68 66 72 69 
128
0
39 40 35 36 35 36 33 42 42 38 
129
0
75 81 75 83 84 77 82 80 79 80 
130
0
74 69 74 70 64 72 69 69 72 68 
131
0
26 31 31 27 25 33 28 25 27 34 
132
0
55 55 52 53 54 56 52 56 51 53 
133
0
34 35 44 40 36 43 35 37 40 44 
134
0
36 34 29 33 33 26 26 27 30 30 
135
0
39 36 36 36 40 33 41 33 33 36 
136
0
37 40 44 43 41 39 43 38 43 46 
137
0
30 23 29 29 25 28 26 30 28 23 
138
0
20 17 21 17 17 20 15 23 20 19 
139
0
97 91 94 93 93 89 89 90 94 97 
140
0
10 16 12 15 17 17 11 9 8 13 
141
0
42 41 40 36 34 42 40 38 38 40 
142
0
8 12 15 10 13 16 14 6 6 6 
143
0
45 43 48 43 41 46 46 45 43 47 
144
0
84 94 90 85 89 88 92 90 89 86 
145
0
9 5 8 5 6 10 13 7 12 12 
146
0
87 91 93 91 85 92 90 87 87 91 
147
0
82 77 77 74 76 78 83 74 80 80 
148
0
25 28 31 31 29 24 28 32 32 26 
149
0
66 66 73 72 71 70 70 68 69 65 
150
0
30 28 31 29 27 27 36 34 27 29 
151
0
47 54 56 50 47 47 47 50 52 57 
152
0
13 21 16 14 16 17 13 14 18 20 
153
0
76 85 83 86 86 77 85 83 78 84 
154
0
75 73 78 75 71 81 79 72 72 78 
155
0
73 65 70 72 66 71 64 66 64 64 
156
0
70 70 66 69 69 66 72 65 74 67 
157
0
64 63 56 54 59 58 58 61 60 55 
158
0
37 36 34 35 34 31 39 33 37 35 
159
0
57 52 59 59 52 55 54 49 49 57 
160
0
71 74 66 66 73 70 64 71 73 69 
161
0
18 19 26 23 20 26 19 21 23 26 
162
0
40 45 42 39 41 47 41 42 43 42 
163
0
7 14 6 12 8 15 9 11 6 13 
164
0
57 53 50 56 58 51 60 57 53 52 
165
0
27 29 28 26 22 22 27 30 27 21 
166
0
29 28 31 30 30 32 35 34 31 35 
167
0
16 12 8 14 13 10 17 13 9 14 
168
0
80 85 84 80 80 85 90 83 89 83 
169
0
48 43 43 46 48 46 44 48 48 42 
170
0
52 60 57 57 60 54 53 59 58 62 
171
0
49 43 47 43 50 47 48 40 41 43 
172
0
40 41 35 39 35 43 43 41 43 44 
173
0
40 36 41 39 32 35 40 37 41 41 
174
0
85 89 87 88 89 83 91 89 90 90 
175
0
61 56 54 58 61 56 55 58 53 55 
176
0
87 94 92 87 94 87 91 86 86 95 
177
0
35 37 36 33 32 33 37 34 31 37 
178
0
58 57 59 58 62 56 59 62 59 55 
179
0
16 16 19 17 16 16 22 21 14 19 
180
0
42 44 51 40 41 49 46 48 49 42 
181
0
61 58 62 60 65 57 62 63 60 65 
182
0
26 32 30 31 22 30 23 28 22 22 
183
0
39 30 34 39 35 35 38 30 29 38 
184
0
92 90 98 94 99 96 99 98 89 94 
185
0
52 46 47 49 44 43 51 45 43 46 
186
0
75 79 74 79 70 74 71 77 75 75 
187
0
70 71 69 66 69 67 74 65 65 74 
188
0
29 32 29 28 32 27 24 29 24 24 
189
0
65 70 72 68 67 75 67 70 75 75 
190
0
27 28 26 24 29 28 21 24 28 20 
191
0
45 49 46 45 46 50 40 48 42 46 
192
0
29 31 24 25 31 34 34 32 27 28 
193
0
93 88 94 88 94 88 91 86 96 87 
194
0
39 42 34 37 34 44 37 41 43 34 
195
0
69 71 67 69 74 73 66 71 69 72 
196
0
35 27 33 31 26 34 29 32 34 32 
197
0
19 15 23 13 23 13 17 14 22 21 
198
0
69 67 61 66 61 64 63 68 62 61 
199
0
15 17 8 14 8 9 19 11 8 16 
