10
20
1020003
0
0
98 27 94 97 41 97 86 74 13 48 67 84 42 14 55 53 34 69 67 98 
1
0
93 26 23 29 24 83 86 15 6 19 12 75 73 81 87 92 86 99 53 51 
2
0
69 15 94 84 77 63 35 27 11 60 48 19 60 21 73 80 62 38 90 42 
3
0
51 65 2 94 21 80 56 53 47 71 79 90 37 19 4 94 95 1 68 17 
4
0
18 3 76 73 90 36 91 93 68 63 83 16 89 16 15 62 77 5 93 67 
5
0
3 78 93 89 82 84 70 14 18 73 62 93 12 1 26 43 67 90 99 27 
6
0
65 39 46 24 31 19 20 38 22 62 25 35 6 35 59 78 64 27 26 65 
7
0
5 18 31 96 92 11 82 81 42 38 92 19 74 11 35 77 88 96 5 37 
8
0
37 12 59 11 98 99 38 83 4 43 44 31 37 12 69 57 36 58 85 25 
9
0
56 28 51 54 94 79 28 94 33 75 22 20 28 71 31 86 53 79 61 81 
