200
20
20020020
0
0
63 21 82 92 68 65 92 87 17 50 22 59 15 24 19 19 37 26 75 72 
1
0
69 19 85 95 74 67 86 87 19 55 15 60 11 29 19 13 31 30 73 69 
2
0
70 23 86 91 72 60 90 88 20 53 21 62 14 26 16 16 39 29 79 79 
3
0
70 16 79 91 73 67 88 91 16 47 18 65 15 23 16 17 31 27 76 78 
4
0
65 15 80 95 73 69 90 84 17 50 17 69 10 31 18 18 39 26 77 76 
5
0
63 17 81 97 70 67 86 82 20 52 25 68 19 27 18 18 39 31 77 76 
6
0
64 17 80 94 74 66 86 91 17 52 20 67 10 31 19 12 38 27 78 73 
7
0
68 20 82 96 72 68 87 83 14 46 24 63 11 27 17 14 31 29 73 72 
8
0
67 21 84 96 74 67 90 86 14 55 24 69 14 31 16 20 34 28 70 76 
9
0
64 17 76 89 68 63 87 87 17 54 14 59 10 23 25 21 38 33 72 76 
10
0
63 22 84 88 69 63 92 86 14 54 22 64 16 33 17 17 41 30 79 77 
11
0
71 16 77 96 70 70 88 92 13 46 21 66 17 30 16 11 42 30 70 69 
12
0
65 19 82 92 71 60 87 86 22 53 20 68 10 29 20 17 42 27 79 74 
13
0
61 23 82 98 68 65 94 87 17 47 16 68 12 24 19 12 41 35 70 75 
14
0
66 25 77 92 72 63 91 91 16 54 24 59 16 27 19 16 31 28 75 69 
15
0
62 18 80 89 66 66 95 91 19 47 19 59 12 25 22 20 33 29 79 75 
16
0
71 15 83 95 67 65 86 90 14 54 14 63 9 30 20 18 37 30 72 75 
17
0
72 17 87 96 64 69 91 82 13 53 18 67 11 26 22 15 34 31 76 78 
18
0
72 22 87 91 72 69 92 87 18 45 20 66 9 25 23 12 34 32 71 77 
19
0
68 18 80 93 70 64 89 85 18 54 24 63 14 26 17 18 36 25 71 75 
20
0
66 18 86 95 68 62 94 86 16 54 15 61 17 23 23 12 37 26 72 68 
21
0
63 21 79 90 69 65 86 89 22 50 24 61 13 29 17 12 33 34 78 73 
22
0
64 15 86 98 65 62 90 88 23 51 23 67 19 22 22 16 41 35 72 77 
23
0
62 23 79 94 67 70 92 84 20 54 15 64 19 26 24 11 42 33 74 77 
24
0
69 17 76 97 74 62 88 88 18 54 24 69 9 31 22 13 40 31 69 73 
25
0
72 14 83 93 65 70 94 90 16 46 17 62 12 31 16 13 36 30 75 75 
26
0
69 14 87 88 70 63 93 88 12 47 22 69 17 32 23 11 42 35 79 69 
27
0
66 24 79 94 64 68 91 92 15 45 14 61 14 28 24 21 39 35 79 76 
28
0
69 18 79 88 73 68 89 85 13 50 16 67 8 26 17 11 41 29 79 76 
29
0
64 22 77 92 73 63 85 90 14 53 23 66 11 23 18 12 40 31 73 76 
30
0
72 25 78 87 65 60 91 84 14 47 20 68 9 24 23 16 35 31 78 74 
31
0
63 21 84 93 69 62 86 85 20 44 22 70 19 30 19 20 37 25 71 72 
32
0
67 22 82 90 74 67 95 90 20 45 14 69 16 30 22 13 32 33 75 78 
33
0
62 14 80 89 74 62 87 89 15 47 22 61 9 30 18 11 38 32 74 73 
34
0
70 21 79 88 66 69 89 88 20 50 16 61 12 30 15 21 37 34 79 78 
35
0
70 24 83 97 68 68 90 89 19 53 14 68 18 30 19 18 36 25 70 77 
36
0
62 16 86 95 65 62 94 83 21 53 17 64 11 27 20 12 39 30 76 74 
37
0
64 21 78 89 63 64 94 83 16 49 14 62 14 24 18 20 33 32 76 77 
38
0
67 15 82 91 74 63 93 88 13 52 14 67 10 31 17 21 39 35 76 73 
39
0
66 20 79 91 67 65 86 82 18 49 22 67 18 26 21 21 35 28 77 73 
40
0
66 21 81 94 73 65 88 87 13 48 22 66 18 32 15 19 37 28 75 73 
41
0
69 19 82 96 68 67 87 81 15 47 22 69 9 29 18 14 35 32 74 77 
42
0
71 21 81 92 67 63 88 90 16 49 22 69 15 30 24 20 33 29 77 73 
43
0
71 22 81 87 64 64 86 89 13 48 14 67 16 27 16 12 41 34 69 71 
44
0
71 18 79 96 65 65 90 88 20 49 16 67 16 33 23 18 32 31 79 71 
45
0
69 22 79 91 67 67 96 83 18 52 19 67 11 27 25 21 35 33 76 69 
46
0
66 23 78 87 65 61 86 87 21 46 22 64 11 23 20 16 33 30 71 75 
47
0
72 21 84 98 64 61 95 89 13 44 19 65 12 30 21 19 42 26 76 76 
48
0
62 22 82 94 71 61 88 89 20 55 22 65 12 31 25 21 32 25 79 73 
49
0
70 21 78 94 74 69 91 85 20 47 25 61 10 32 19 13 42 33 76 71 
50
0
67 23 82 89 72 67 96 84 18 48 18 66 18 24 16 11 35 33 72 78 
51
0
71 15 78 89 72 67 95 89 14 54 15 61 17 26 19 13 40 29 79 75 
52
0
66 22 83 90 72 60 90 86 22 47 20 69 14 24 19 12 35 26 72 75 
53
0
62 16 79 90 69 64 91 83 19 45 24 63 15 24 25 20 37 34 78 76 
54
0
67 16 80 90 71 70 89 92 13 48 18 68 16 25 22 13 42 31 70 76 
55
0
70 20 82 87 70 61 92 83 22 50 16 67 9 23 16 21 31 35 79 77 
56
0
70 24 84 94 72 61 87 85 13 47 24 65 13 28 18 19 37 35 73 73 
57
0
66 22 81 94 67 60 90 89 23 50 20 63 10 26 24 12 31 29 74 74 
58
0
62 23 87 88 69 65 90 89 22 53 17 61 17 30 18 17 35 29 74 72 
59
0
61 23 77 96 72 61 90 85 15 50 14 69 15 31 18 17 38 29 73 73 
60
0
66 24 81 91 72 68 86 82 22 46 18 63 19 23 18 14 32 25 76 71 
61
0
66 20 81 94 72 69 91 90 14 46 19 61 17 25 19 15 32 30 70 68 
62
0
71 19 83 91 71 62 93 82 21 46 21 60 18 28 25 16 33 27 76 78 
63
0
70 22 83 88 68 60 91 91 16 54 22 62 19 22 22 20 39 35 71 75 
64
0
63 24 82 95 68 69 90 90 14 53 16 61 8 32 22 17 36 29 77 68 
65
0
65 16 84 95 72 61 92 83 21 48 22 64 9 26 19 11 33 35 72 77 
66
0
65 23 82 93 66 65 93 83 17 52 19 69 18 31 17 12 38 32 71 69 
67
0
64 25 78 95 64 65 89 92 21 51 15 66 11 28 24 12 39 29 75 77 
68
0
72 21 78 96 72 66 85 92 20 45 21 61 18 33 23 16 42 27 78 73 
69
0
62 15 77 95 67 63 91 84 14 47 23 66 13 24 23 13 39 29 71 78 
70
0
67 20 78 95 64 66 86 84 15 45 15 66 13 25 17 17 37 35 79 69 
71
0
63 20 80 88 72 60 94 89 17 46 18 69 9 31 15 21 38 34 74 76 
72
0
66 23 81 92 64 70 87 85 15 47 21 60 15 29 23 14 40 35 76 69 
73
0
66 15 83 96 69 67 90 84 17 51 14 61 10 23 21 16 36 31 79 74 
74
0
69 17 85 94 73 68 86 82 17 48 19 67 18 27 20 19 35 28 75 69 
75
0
67 14 87 91 74 62 92 91 14 49 23 63 10 31 21 16 35 35 79 75 
76
0
65 25 77 95 71 69 95 86 20 49 21 62 11 27 16 12 39 28 73 76 
77
0
70 19 84 92 67 62 94 88 20 44 23 66 13 29 16 20 32 34 74 71 
78
0
66 22 81 98 65 63 88 81 21 53 18 62 16 30 21 14 34 28 71 73 
79
0
71 15 78 93 71 61 96 85 22 44 17 63 9 31 16 13 36 32 73 78 
80
0
65 15 80 95 65 60 86 85 21 47 20 64 17 32 20 18 37 28 69 70 
81
0
69 18 80 90 65 62 92 84 22 50 17 69 11 31 20 17 40 31 79 78 
82
0
71 24 84 95 70 66 92 88 16 52 23 68 16 25 20 13 33 32 73 76 
83
0
72 23 84 94 69 70 90 85 14 47 15 60 11 32 17 19 33 27 71 75 
84
0
70 21 82 91 70 65 95 88 21 51 19 62 15 31 19 11 36 32 77 79 
85
0
67 21 86 96 64 70 92 91 21 49 23 67 14 23 23 14 36 31 70 73 
86
0
69 18 85 90 68 65 90 83 15 48 23 61 13 25 20 16 33 34 73 73 
87
0
69 20 84 97 64 66 91 86 20 53 18 69 14 29 24 11 32 25 74 75 
88
0
67 14 80 89 67 68 93 83 12 45 19 64 10 28 25 14 34 29 73 73 
89
0
63 18 87 90 67 69 91 84 22 46 20 61 14 28 23 21 32 33 71 68 
90
0
63 20 82 95 73 64 94 89 19 48 20 65 11 31 17 15 35 25 80 69 
91
0
65 21 77 88 73 63 88 82 20 46 15 61 19 28 22 20 36 26 71 71 
92
0
70 20 81 91 64 69 87 88 16 53 21 62 15 32 20 19 36 33 73 72 
93
0
70 18 84 88 73 67 93 91 21 46 14 65 11 28 24 15 37 25 78 76 
94
0
70 20 78 92 64 65 88 83 22 52 19 67 13 33 24 20 32 32 78 75 
95
0
64 23 79 91 64 65 91 87 15 47 24 60 15 29 18 12 33 28 78 77 
96
0
71 16 86 90 73 70 91 84 22 48 18 59 9 30 26 15 40 25 79 78 
97
0
63 20 77 92 65 69 86 91 19 52 21 65 13 24 19 21 40 25 74 76 
98
0
67 14 84 89 74 64 96 84 18 46 22 64 18 23 16 11 33 28 78 78 
99
0
65 15 81 89 71 64 95 86 21 51 18 69 14 26 24 20 34 25 72 75 
100
0
62 21 81 91 64 63 89 85 15 50 21 67 10 29 19 19 38 26 80 71 
101
0
66 18 79 91 74 65 95 90 17 47 20 69 14 26 17 19 36 26 69 71 
102
0
64 16 83 89 74 68 87 84 15 49 24 66 10 33 23 13 38 30 80 68 
103
0
62 14 82 88 72 63 95 86 21 49 18 70 8 32 25 14 33 33 72 78 
104
0
70 15 80 89 74 64 92 85 16 49 17 69 19 29 24 14 39 25 72 75 
105
0
69 20 85 95 72 69 92 90 15 49 19 62 10 33 22 21 35 27 79 73 
106
0
70 19 80 93 70 65 87 91 23 53 23 62 14 27 20 17 35 30 69 76 
107
0
67 23 83 98 67 65 91 90 19 52 24 60 18 29 25 21 41 29 80 78 
108
0
72 15 77 89 68 65 87 92 22 53 17 67 16 33 20 20 40 26 78 70 
109
0
67 20 82 87 70 64 90 87 22 50 23 60 16 30 21 14 35 28 79 74 
110
0
71 16 77 91 64 62 93 88 20 53 14 62 8 28 18 18 42 31 79 77 
111
0
69 23 82 88 72 65 93 84 17 54 23 68 11 25 20 13 40 31 72 72 
112
0
63 22 83 90 69 69 94 86 20 48 17 61 13 28 17 18 39 28 75 73 
113
0
65 15 87 89 68 69 89 92 18 47 22 64 9 30 21 19 35 25 74 71 
114
0
71 25 83 92 70 70 92 91 21 45 22 63 14 33 24 19 35 25 75 71 
115
0
72 16 83 95 73 63 93 89 22 45 17 60 9 24 21 15 39 26 76 77 
116
0
68 22 85 96 67 62 91 92 19 50 23 68 18 25 23 17 36 26 76 77 
117
0
71 21 82 97 63 61 86 88 19 52 22 69 18 28 18 20 35 31 75 76 
118
0
66 23 78 87 70 67 92 91 22 46 18 63 16 32 21 16 39 33 71 70 
119
0
65 20 80 91 67 62 86 88 19 46 15 63 13 30 21 11 38 25 73 79 
120
0
64 24 85 92 71 69 88 84 20 48 22 61 14 33 16 12 36 25 69 76 
121
0
62 17 80 96 74 70 89 89 17 49 17 67 17 23 22 11 33 26 70 74 
122
0
66 21 79 95 71 61 89 86 18 46 22 60 14 24 24 15 35 26 79 77 
123
0
71 24 81 87 73 64 95 84 14 49 19 67 15 33 17 21 36 32 74 75 
124
0
66 17 85 91 65 66 87 89 20 54 18 65 10 25 25 20 37 32 76 75 
125
0
69 20 86 92 73 66 88 92 13 55 19 68 15 32 21 19 34 28 77 73 
126
0
63 23 81 93 65 60 89 90 23 51 22 70 17 30 17 21 36 35 73 73 
127
0
69 19 77 95 64 65 95 83 23 46 21 62 12 24 20 11 40 33 73 77 
128
0
71 16 85 91 65 62 93 91 20 44 21 65 11 23 25 16 42 31 74 74 
129
0
70 19 78 90 72 64 93 84 22 54 24 67 9 31 18 16 38 29 76 72 
130
0
72 17 80 94 67 66 91 92 14 51 18 63 14 23 21 13 39 31 77 75 
131
0
71 15 80 96 66 65 89 90 18 55 14 64 16 23 22 21 40 32 78 75 
132
0
70 24 85 91 74 68 90 82 20 48 18 65 10 26 19 15 40 32 70 73 
133
0
62 22 79 88 66 61 95 83 15 55 17 64 9 29 22 16 32 31 70 75 
134
0
61 19 86 95 63 69 96 83 22 48 17 69 19 25 20 11 36 33 69 76 
135
0
66 25 77 88 74 62 87 90 21 50 16 63 9 28 19 18 32 31 76 75 
136
0
69 18 77 91 70 67 94 82 18 49 17 69 17 26 20 12 41 33 69 77 
137
0
72 16 85 95 69 66 89 91 18 49 18 70 16 28 22 13 32 30 71 76 
138
0
68 16 82 95 64 66 86 86 19 53 17 60 11 29 22 13 41 34 79 72 
139
0
63 22 79 94 68 63 90 84 22 49 21 66 9 25 16 13 31 33 73 75 
140
0
70 19 81 95 70 63 88 92 15 53 19 66 16 25 22 19 40 33 72 78 
141
0
70 14 85 98 65 66 89 92 12 45 20 62 17 30 25 16 42 35 75 76 
142
0
64 16 79 93 66 61 92 86 13 46 23 66 18 25 26 18 35 31 76 77 
143
0
69 19 77 95 64 68 92 88 20 45 23 66 11 22 25 16 41 28 77 77 
144
0
66 24 79 96 72 70 86 83 21 47 20 61 14 31 18 11 33 35 75 76 
145
0
69 19 84 87 68 69 94 90 20 54 17 59 17 29 16 15 39 36 73 78 
146
0
71 19 81 93 71 60 90 91 17 54 14 62 9 32 25 20 35 35 72 71 
147
0
69 18 80 90 73 67 91 85 16 55 16 67 13 30 23 11 33 29 73 70 
148
0
62 21 86 94 65 61 95 83 14 53 15 60 8 25 23 11 39 32 72 74 
149
0
66 17 82 87 63 64 92 82 18 51 25 61 12 24 18 15 35 28 70 75 
150
0
72 23 83 92 67 65 86 88 13 51 21 66 17 30 22 12 38 28 79 76 
151
0
64 25 78 92 66 60 92 88 13 51 23 66 18 27 21 11 33 30 73 74 
152
0
63 16 81 93 66 67 88 92 16 50 23 68 18 23 17 19 38 34 79 68 
153
0
71 21 80 92 70 65 95 88 16 46 23 67 12 28 24 11 38 26 76 71 
154
0
62 18 80 91 68 68 87 90 19 46 22 64 12 31 15 14 31 27 77 69 
155
0
72 18 81 88 66 63 87 89 21 45 15 67 12 28 17 17 34 25 72 70 
156
0
72 19 78 95 73 66 91 87 18 47 14 60 14 24 23 13 41 29 75 73 
157
0
68 24 83 88 70 69 94 82 18 47 21 69 12 25 16 13 38 26 75 75 
158
0
66 20 76 96 73 65 93 90 16 53 14 66 12 33 15 13 32 33 70 71 
159
0
72 22 87 92 66 68 85 82 16 50 17 60 9 26 18 12 35 30 76 68 
160
0
64 18 81 93 67 66 89 91 19 51 20 62 12 31 26 12 41 27 76 76 
161
0
66 16 80 89 71 70 85 84 20 53 18 66 15 27 18 15 35 33 75 73 
162
0
70 21 77 95 63 64 85 83 20 54 15 61 11 26 25 14 37 28 76 75 
163
0
69 22 81 91 68 66 89 83 15 50 18 68 8 26 22 17 40 31 70 76 
164
0
67 14 78 96 72 71 94 85 20 49 22 62 11 32 21 12 36 29 77 75 
165
0
70 21 85 96 73 62 91 89 20 49 21 66 16 33 17 19 40 30 74 76 
166
0
71 20 78 98 64 70 87 90 19 53 20 70 11 28 21 20 35 33 71 76 
167
0
65 22 78 92 64 65 95 84 19 50 16 64 18 32 23 12 35 26 71 70 
168
0
63 21 81 89 68 63 89 88 20 48 20 64 15 30 21 17 31 25 77 68 
169
0
62 15 77 88 66 64 95 82 12 51 23 65 15 32 17 19 38 33 76 74 
170
0
63 14 78 92 68 65 91 92 13 50 14 59 16 25 17 13 32 35 72 69 
171
0
71 15 77 96 67 67 86 89 18 48 23 66 9 26 23 21 34 25 76 72 
172
0
64 19 85 92 68 61 87 82 21 52 21 69 13 32 15 18 32 33 77 79 
173
0
72 16 83 93 71 60 91 83 17 49 24 70 13 31 20 17 33 32 75 71 
174
0
69 22 78 96 65 60 96 90 23 51 19 68 9 25 15 21 33 34 75 73 
175
0
67 19 80 95 71 61 91 86 14 54 15 63 14 22 16 21 34 34 73 74 
176
0
64 19 79 95 64 60 93 90 20 44 20 61 11 30 18 12 42 27 73 71 
177
0
62 15 86 96 74 70 86 83 12 50 18 61 18 27 22 11 35 25 79 76 
178
0
72 16 84 89 70 66 92 82 13 50 17 61 9 28 20 21 42 34 75 68 
179
0
65 20 80 96 71 63 88 88 12 49 18 63 12 29 25 20 34 32 77 78 
180
0
66 22 77 96 70 61 91 83 22 54 20 65 10 32 23 20 31 30 72 72 
181
0
70 17 80 96 63 63 93 82 22 49 20 67 14 23 20 17 37 28 74 76 
182
0
63 20 79 96 65 65 95 86 19 50 18 69 18 25 24 11 37 25 70 74 
183
0
62 21 78 95 69 69 86 86 17 48 21 59 11 25 16 18 38 27 75 73 
184
0
72 17 79 89 68 60 93 91 22 45 24 67 13 33 15 15 33 29 79 76 
185
0
70 21 78 97 68 67 86 90 21 50 15 68 11 24 25 14 32 34 72 68 
186
0
65 25 77 93 70 69 87 91 16 52 15 59 13 29 18 21 40 28 74 78 
187
0
66 22 85 91 69 65 93 85 20 53 21 62 17 22 18 21 32 26 74 73 
188
0
63 21 78 88 69 70 92 88 19 46 24 60 8 29 17 12 33 33 69 68 
189
0
64 19 78 88 67 61 87 89 14 48 21 61 17 24 25 16 42 33 71 69 
190
0
70 22 86 90 69 62 95 86 19 55 25 70 10 33 25 17 32 34 69 76 
191
0
69 22 83 91 64 63 94 85 22 55 15 62 11 33 25 16 42 29 71 69 
192
0
64 19 83 92 67 60 93 82 16 51 20 65 11 33 26 15 32 35 79 73 
193
0
68 18 84 89 72 70 88 87 21 47 24 64 17 29 23 15 38 27 73 69 
194
0
69 21 77 95 68 62 95 91 17 50 24 67 14 28 16 20 35 27 75 73 
195
0
66 20 85 89 72 62 91 90 18 47 18 66 18 27 21 10 32 33 79 69 
196
0
66 21 80 95 68 67 94 87 17 53 21 60 17 29 17 12 33 32 78 74 
197
0
70 21 77 95 69 63 85 82 21 52 17 61 16 31 15 18 38 29 78 73 
198
0
63 22 76 89 64 66 92 89 19 46 18 69 10 26 23 14 31 31 71 70 
199
0
69 16 83 95 64 69 92 91 16 51 22 62 12 31 21 13 36 35 77 78 
