20
10
2010004
0
0
71 85 30 50 28 49 37 56 29 66 
1
0
73 81 37 45 21 43 35 57 25 68 
2
0
72 90 37 50 19 45 37 57 28 73 
3
0
69 91 30 49 23 41 38 55 24 73 
4
0
75 89 36 54 27 52 36 59 28 70 
5
0
75 89 28 54 26 44 30 63 20 67 
6
0
74 85 34 47 20 49 36 56 30 68 
7
0
71 90 33 47 20 51 30 60 23 68 
8
0
71 86 35 50 21 47 35 65 24 72 
9
0
73 82 33 52 26 52 34 61 20 65 
10
0
76 87 36 48 23 45 39 64 25 68 
11
0
73 90 27 55 30 45 34 65 30 66 
12
0
66 86 28 49 27 51 34 65 22 68 
13
0
67 82 37 44 28 45 37 64 29 73 
14
0
71 81 35 52 28 51 35 55 23 69 
15
0
76 82 37 46 21 44 40 65 22 72 
16
0
70 82 33 45 28 43 32 57 21 74 
17
0
76 83 31 54 19 42 31 58 24 72 
18
0
67 82 27 45 23 46 37 60 27 71 
19
0
71 81 37 54 27 44 33 64 25 74 
