50
5
5005005
0
0
17 20 9 12 91 
1
0
29 87 77 98 79 
2
0
42 23 36 81 17 
3
0
21 11 5 78 36 
4
0
69 2 26 22 94 
5
0
82 37 19 28 5 
6
0
54 93 67 98 52 
7
0
30 21 21 24 8 
8
0
90 10 13 41 33 
9
0
62 76 49 36 63 
10
0
81 25 38 24 66 
11
0
54 61 46 56 80 
12
0
71 86 93 37 69 
13
0
59 47 55 94 79 
14
0
75 70 82 92 36 
15
0
12 78 47 37 46 
16
0
3 59 25 68 24 
17
0
46 59 40 97 58 
18
0
25 81 96 8 77 
19
0
73 49 10 79 58 
20
0
39 51 9 26 18 
21
0
86 37 6 53 59 
22
0
5 79 2 48 60 
23
0
31 86 85 56 66 
24
0
52 36 97 50 28 
25
0
17 67 61 66 95 
26
0
74 38 67 37 6 
27
0
67 59 77 7 26 
28
0
86 69 92 53 51 
29
0
43 61 96 24 23 
30
0
31 72 70 10 9 
31
0
99 33 98 61 94 
32
0
55 92 72 70 99 
33
0
13 23 21 4 66 
34
0
51 24 52 76 17 
35
0
94 95 25 24 26 
36
0
20 38 37 20 65 
37
0
27 68 42 58 48 
38
0
7 68 98 85 31 
39
0
87 37 40 78 16 
40
0
85 53 54 31 52 
41
0
10 30 95 68 64 
42
0
91 8 21 66 90 
43
0
72 45 31 31 87 
44
0
72 44 92 66 91 
45
0
21 93 35 43 44 
46
0
92 32 66 84 85 
47
0
60 95 72 36 19 
48
0
74 30 92 45 94 
49
0
27 13 76 54 66 
