100
10
10010027
0
0
40 38 33 36 35 41 33 35 32 33 
1
0
87 90 86 84 86 82 82 88 91 86 
2
0
14 14 12 10 14 18 18 10 20 15 
3
0
12 11 8 10 17 17 16 16 8 9 
4
0
54 54 50 49 58 52 57 53 57 49 
5
0
53 59 59 57 61 60 57 55 53 62 
6
0
71 71 66 69 66 66 66 71 66 71 
7
0
7 6 9 12 4 5 6 10 6 11 
8
0
41 32 41 33 39 42 35 39 34 34 
9
0
32 34 35 30 30 30 40 39 33 34 
10
0
8 4 3 4 3 3 5 1 5 9 
11
0
70 78 74 72 72 76 80 73 75 70 
12
0
12 8 2 3 5 11 3 2 3 10 
13
0
19 20 21 13 14 22 14 16 21 23 
14
0
79 78 83 81 81 84 79 80 80 80 
15
0
14 11 9 13 15 8 12 16 9 13 
16
0
9 8 6 6 14 6 14 11 6 15 
17
0
65 57 62 66 61 61 57 63 65 60 
18
0
35 39 39 35 44 37 34 35 43 38 
19
0
28 32 36 38 32 28 28 29 29 32 
20
0
38 38 41 44 39 42 38 41 37 47 
21
0
4 9 13 5 12 8 12 2 2 10 
22
0
73 68 73 75 79 74 77 72 77 74 
23
0
83 87 87 89 90 86 85 90 80 87 
24
0
20 20 22 28 20 30 26 29 28 21 
25
0
44 44 37 35 42 43 44 45 42 39 
26
0
56 60 58 56 59 56 57 58 65 60 
27
0
74 67 67 73 71 69 70 71 68 66 
28
0
67 63 60 63 68 63 69 68 61 59 
29
0
48 42 40 50 41 44 44 43 47 40 
30
0
89 98 90 89 99 99 98 94 99 94 
31
0
86 80 79 78 84 78 77 81 82 79 
32
0
30 25 31 22 22 26 25 30 28 30 
33
0
3 6 7 10 6 4 8 10 6 6 
34
0
85 88 92 85 88 89 85 85 89 92 
35
0
80 81 88 82 81 84 88 85 87 80 
36
0
87 97 87 91 89 93 95 87 94 87 
37
0
11 6 11 8 5 1 4 3 11 4 
38
0
48 47 45 54 52 52 49 44 51 45 
39
0
37 32 29 33 30 38 32 31 37 37 
40
0
89 88 90 90 84 83 89 82 81 83 
41
0
92 92 88 81 83 81 81 87 87 89 
42
0
68 66 61 69 67 64 64 66 70 68 
43
0
17 14 15 14 17 10 12 16 8 13 
44
0
16 8 6 12 11 9 15 15 15 15 
45
0
85 85 84 76 76 78 76 78 84 77 
46
0
47 45 47 48 45 43 44 46 39 38 
47
0
53 54 54 55 60 51 53 54 58 56 
48
0
5 2 10 11 8 2 4 5 7 12 
49
0
72 70 80 80 71 77 72 80 77 76 
50
0
90 85 88 91 91 85 91 87 88 83 
51
0
61 62 71 63 64 67 69 64 63 64 
52
0
9 7 11 11 4 9 5 13 4 7 
53
0
72 70 73 74 71 70 77 77 72 73 
54
0
80 77 76 75 79 83 82 79 80 83 
55
0
25 24 23 30 27 24 28 20 26 29 
56
0
20 16 21 20 15 17 18 17 16 23 
57
0
82 82 88 82 87 84 81 85 78 86 
58
0
42 40 36 38 37 37 39 36 39 38 
59
0
73 69 73 69 72 75 73 68 70 68 
60
0
17 15 17 9 15 10 13 14 17 19 
61
0
17 23 21 24 19 23 19 19 17 19 
62
0
72 76 80 77 72 77 79 77 79 73 
63
0
83 89 84 87 87 83 89 84 83 87 
64
0
20 20 24 24 28 25 22 18 25 22 
65
0
81 84 89 82 88 80 82 84 82 82 
66
0
81 77 76 82 79 78 83 76 83 74 
67
0
55 53 57 51 56 54 55 56 54 59 
68
0
17 20 17 22 17 22 21 21 20 19 
69
0
52 48 48 48 52 54 48 44 46 44 
70
0
44 43 50 46 44 44 40 41 45 46 
71
0
12 16 21 15 16 12 12 17 17 19 
72
0
88 82 90 88 90 80 86 85 87 82 
73
0
9 9 8 15 12 18 12 11 9 12 
74
0
92 92 88 94 89 89 88 94 97 88 
75
0
78 80 76 82 79 78 83 75 77 83 
76
0
68 69 67 67 73 68 64 71 74 67 
77
0
25 30 24 25 25 27 26 30 27 25 
78
0
44 44 43 49 43 49 48 45 43 43 
79
0
61 60 62 63 64 58 59 59 55 62 
80
0
44 55 45 52 55 55 46 46 47 44 
81
0
53 60 51 56 55 57 55 52 53 58 
82
0
40 44 45 46 38 44 43 35 40 37 
83
0
90 88 98 93 92 95 97 93 98 99 
84
0
53 53 55 51 56 45 46 54 49 48 
85
0
57 66 62 65 61 62 67 65 68 66 
86
0
69 71 66 72 64 68 68 71 67 69 
87
0
26 30 29 28 27 32 31 29 26 34 
88
0
44 46 41 44 46 38 46 40 41 39 
89
0
48 46 48 54 46 54 52 54 55 53 
90
0
28 35 33 29 32 33 39 30 38 33 
91
0
88 81 85 86 84 79 87 83 86 87 
92
0
91 85 85 91 89 86 89 88 87 86 
93
0
51 53 47 46 45 50 44 48 45 44 
94
0
71 75 78 76 77 70 77 77 71 78 
95
0
43 39 43 37 38 41 40 36 41 41 
96
0
27 24 24 28 22 20 25 29 21 23 
97
0
96 95 92 92 90 95 95 94 87 86 
98
0
36 37 44 41 42 44 37 38 39 42 
99
0
61 68 64 66 61 64 59 63 62 61 
