100
5
10005020
0
0
30 62 44 90 90 
1
0
31 59 43 84 94 
2
0
36 61 47 88 96 
3
0
37 66 45 80 93 
4
0
28 60 44 85 92 
5
0
31 62 48 89 89 
6
0
28 60 45 83 97 
7
0
29 63 48 89 97 
8
0
29 62 48 80 89 
9
0
38 67 49 88 91 
10
0
30 62 44 88 92 
11
0
37 60 43 81 90 
12
0
35 64 52 87 96 
13
0
35 58 52 88 94 
14
0
28 59 48 80 89 
15
0
28 58 46 82 98 
16
0
33 62 52 87 95 
17
0
30 61 43 81 97 
18
0
38 58 48 89 89 
19
0
33 67 45 87 89 
20
0
35 57 42 85 97 
21
0
28 61 49 90 90 
22
0
36 66 43 85 92 
23
0
35 59 47 86 88 
24
0
38 59 43 86 91 
25
0
34 61 45 88 88 
26
0
31 59 47 90 88 
27
0
37 61 47 82 90 
28
0
38 60 50 90 87 
29
0
29 59 50 87 90 
30
0
34 60 50 82 92 
31
0
32 62 43 80 90 
32
0
32 66 49 85 89 
33
0
38 65 51 90 91 
34
0
38 57 46 81 88 
35
0
33 64 43 85 87 
36
0
28 67 44 89 96 
37
0
37 61 46 89 90 
38
0
35 61 43 87 95 
39
0
38 61 51 82 94 
40
0
30 59 48 84 97 
41
0
36 60 50 89 94 
42
0
30 58 47 80 88 
43
0
32 67 43 88 88 
44
0
35 64 52 81 88 
45
0
38 63 50 80 97 
46
0
33 65 50 82 91 
47
0
35 66 47 90 96 
48
0
37 65 47 82 89 
49
0
34 58 46 83 93 
50
0
37 65 44 90 94 
51
0
38 65 44 89 88 
52
0
32 61 44 89 89 
53
0
31 62 47 85 94 
54
0
37 64 45 80 97 
55
0
29 64 45 86 94 
56
0
29 66 49 89 97 
57
0
30 61 52 87 87 
58
0
31 65 49 89 90 
59
0
31 64 50 86 91 
60
0
35 57 47 86 94 
61
0
32 64 51 88 96 
62
0
38 59 51 86 91 
63
0
28 61 46 86 94 
64
0
34 58 42 80 88 
65
0
29 60 52 84 91 
66
0
32 59 45 86 89 
67
0
31 58 48 89 89 
68
0
38 66 45 81 98 
69
0
33 64 52 89 97 
70
0
37 57 52 80 87 
71
0
38 65 47 84 93 
72
0
36 61 45 82 95 
73
0
30 60 43 84 94 
74
0
36 67 42 89 91 
75
0
30 67 52 85 91 
76
0
30 58 45 88 90 
77
0
32 62 47 88 95 
78
0
37 57 43 86 89 
79
0
35 59 46 89 91 
80
0
28 65 51 86 91 
81
0
35 57 49 86 93 
82
0
28 66 53 81 93 
83
0
38 61 46 80 95 
84
0
33 59 49 82 93 
85
0
38 64 44 84 88 
86
0
34 63 49 87 91 
87
0
28 66 48 88 95 
88
0
36 57 49 86 95 
89
0
32 64 47 87 95 
90
0
28 61 48 86 95 
91
0
34 67 49 90 91 
92
0
35 64 53 82 97 
93
0
30 59 52 81 95 
94
0
32 61 50 85 91 
95
0
31 60 42 83 94 
96
0
36 64 52 89 90 
97
0
35 66 45 85 92 
98
0
32 66 52 87 88 
99
0
28 63 47 82 88 
