100
20
10020020
0
0
41 43 63 36 87 24 43 75 37 98 59 12 21 87 47 18 34 17 33 47 
1
0
43 37 60 37 87 25 49 77 46 92 62 6 21 87 41 17 37 20 23 53 
2
0
43 38 60 40 85 30 46 79 47 89 58 12 19 87 49 15 39 24 29 46 
3
0
42 42 66 38 81 24 51 78 40 96 64 10 12 87 46 20 41 23 24 45 
4
0
43 40 65 31 90 27 44 76 38 92 58 14 15 84 48 21 34 19 30 48 
5
0
49 38 59 35 84 28 50 85 42 94 54 15 18 87 46 13 35 24 24 50 
6
0
38 36 66 40 89 31 54 75 44 97 58 16 11 88 41 21 35 16 27 46 
7
0
44 44 61 38 83 29 47 84 42 89 57 17 11 87 51 18 32 14 23 56 
8
0
44 45 59 39 84 28 52 76 39 92 62 15 12 85 50 13 37 22 33 50 
9
0
43 39 60 38 86 26 45 84 38 92 63 16 18 82 42 17 40 14 29 46 
10
0
43 38 62 39 86 25 53 78 40 93 62 11 12 84 41 13 34 15 26 48 
11
0
42 39 59 41 89 24 43 75 40 96 61 10 11 84 41 21 41 18 30 49 
12
0
41 40 64 34 90 28 46 83 43 93 57 15 13 85 46 16 41 14 24 51 
13
0
45 44 66 31 80 31 47 85 47 95 59 8 16 90 48 11 39 14 25 54 
14
0
44 44 65 41 85 27 49 76 46 97 60 15 17 85 42 21 40 17 31 48 
15
0
41 40 60 38 80 27 46 84 39 97 61 12 20 84 44 14 35 17 27 53 
16
0
49 37 61 38 89 30 49 85 46 98 59 10 21 85 49 22 41 16 24 46 
17
0
43 44 64 38 84 22 46 78 37 89 61 12 21 87 41 19 37 21 29 54 
18
0
44 46 62 39 80 22 46 78 45 96 61 12 15 88 50 15 32 22 34 56 
19
0
47 43 59 39 85 24 46 84 41 94 56 8 13 81 41 13 30 19 28 48 
20
0
41 36 68 36 86 30 49 83 43 96 58 7 18 90 44 19 36 15 28 51 
21
0
46 44 69 33 85 29 49 83 40 98 60 8 11 89 41 21 38 22 30 47 
22
0
41 46 61 37 87 23 52 75 43 89 57 10 17 89 41 20 32 24 27 51 
23
0
40 41 65 34 87 31 44 75 41 98 54 12 14 90 49 16 37 24 25 46 
24
0
48 43 67 40 80 22 54 81 38 97 61 16 16 88 47 21 36 19 23 56 
25
0
38 36 65 36 86 26 43 85 40 99 58 11 14 85 42 14 32 19 25 48 
26
0
39 42 69 37 87 27 49 74 38 98 57 7 11 86 49 16 31 23 31 50 
27
0
48 41 66 38 84 25 50 75 43 97 57 11 19 85 44 21 41 20 28 47 
28
0
46 37 69 33 83 30 43 75 43 94 56 6 16 83 49 21 33 17 26 52 
29
0
48 36 68 38 82 22 48 84 37 97 55 11 20 86 41 22 31 16 24 48 
30
0
45 39 66 38 84 23 53 79 40 94 62 8 17 84 46 12 31 19 26 55 
31
0
41 43 62 36 82 23 45 83 46 92 64 15 21 83 47 17 32 21 28 56 
32
0
42 36 59 40 85 29 52 75 43 92 57 16 21 89 48 21 40 20 25 47 
33
0
40 42 67 40 87 27 52 75 42 92 61 10 21 81 44 18 38 14 31 55 
34
0
44 37 66 34 89 29 45 81 39 95 63 8 12 82 50 14 34 19 31 51 
35
0
39 42 59 34 86 23 44 77 44 90 58 8 15 90 49 17 39 20 24 55 
36
0
40 43 59 37 82 30 45 83 42 92 62 13 22 88 44 20 36 23 30 53 
37
0
43 35 68 35 82 21 48 80 40 93 62 10 20 85 43 13 35 21 23 46 
38
0
47 36 69 38 88 22 44 75 39 93 59 13 14 90 50 20 32 20 31 49 
39
0
44 41 67 34 85 29 54 80 42 94 58 14 17 85 46 14 40 24 33 50 
40
0
44 40 62 41 86 28 52 81 46 97 57 15 18 82 43 19 31 24 29 45 
41
0
45 42 59 32 80 28 50 82 44 95 55 14 17 88 44 19 31 22 28 56 
42
0
44 43 60 36 83 26 50 79 44 94 63 9 14 91 43 22 31 14 23 55 
43
0
40 40 68 33 89 29 43 83 40 94 61 9 20 81 50 17 40 20 25 48 
44
0
38 46 69 36 91 22 45 75 43 98 54 15 13 90 43 12 36 19 32 45 
45
0
44 36 59 37 80 31 54 82 37 99 62 8 15 89 48 21 38 24 29 49 
46
0
39 42 69 35 84 24 53 83 39 89 59 14 15 86 44 19 33 21 26 48 
47
0
41 41 62 33 88 27 52 75 39 92 61 16 12 86 43 16 34 22 29 49 
48
0
38 37 65 38 87 29 48 75 42 98 58 13 15 87 42 22 37 16 28 51 
49
0
38 41 66 41 84 23 49 85 44 89 62 8 18 87 47 14 37 17 29 49 
50
0
47 37 60 36 82 28 53 75 42 96 62 14 14 87 44 15 36 17 27 46 
51
0
44 37 67 39 90 26 44 77 46 91 60 9 16 89 42 17 35 14 31 55 
52
0
38 37 69 34 84 29 52 81 39 94 60 12 16 86 46 12 39 19 26 49 
53
0
41 41 68 39 86 25 49 74 47 95 55 6 16 88 43 14 38 14 32 54 
54
0
43 39 66 38 90 27 46 83 39 91 55 17 17 86 50 20 31 20 26 51 
55
0
48 41 60 38 83 27 45 78 39 96 56 6 12 91 43 20 32 15 30 54 
56
0
48 39 69 35 87 27 48 78 41 94 54 16 17 84 46 19 33 19 25 46 
57
0
42 41 66 41 89 30 53 78 41 98 55 13 22 91 44 17 36 23 27 55 
58
0
46 39 61 30 85 31 44 85 39 96 56 9 15 86 41 22 33 16 32 54 
59
0
39 37 68 33 82 27 46 85 45 90 60 10 13 81 45 14 39 14 32 53 
60
0
43 44 64 37 84 31 51 84 42 92 54 16 17 88 44 19 32 14 30 55 
61
0
47 40 68 36 82 24 53 77 42 94 60 14 16 85 49 22 33 24 30 55 
62
0
43 45 63 39 90 25 52 75 47 97 54 14 20 86 45 16 41 18 33 54 
63
0
46 41 59 40 82 29 50 77 44 98 56 16 13 91 45 20 34 17 33 54 
64
0
41 42 61 31 85 22 45 83 42 95 57 10 19 82 47 12 37 24 28 48 
65
0
41 42 67 31 85 32 52 78 45 98 55 12 15 83 47 15 38 18 24 51 
66
0
43 41 65 30 89 30 53 81 37 93 56 13 16 90 48 16 34 23 32 50 
67
0
46 44 69 31 84 23 50 75 48 96 55 12 21 91 46 20 34 17 24 49 
68
0
40 43 64 38 86 31 45 79 38 95 56 10 15 84 47 17 37 23 25 51 
69
0
39 40 66 31 83 23 53 75 46 91 61 10 13 81 48 13 40 16 26 48 
70
0
38 42 60 33 87 30 54 80 38 90 62 9 20 89 41 21 39 22 29 51 
71
0
40 43 59 37 82 22 48 75 47 90 54 6 15 85 45 20 34 18 33 53 
72
0
38 39 67 38 90 27 45 80 39 89 63 12 17 83 41 13 34 17 32 47 
73
0
43 39 59 41 83 26 47 83 44 98 54 16 14 92 47 18 38 19 26 48 
74
0
43 45 58 33 85 24 43 84 47 99 57 15 15 90 51 18 32 14 30 49 
75
0
48 42 67 32 90 25 46 84 37 93 57 16 15 81 43 22 39 20 32 52 
76
0
44 40 65 39 85 25 49 81 37 98 54 15 16 85 43 11 36 21 33 47 
77
0
39 36 69 30 82 29 50 83 45 94 54 6 12 81 51 14 37 15 31 53 
78
0
49 45 67 33 85 27 49 78 45 97 54 13 12 89 49 15 36 18 24 45 
79
0
48 43 66 39 80 31 47 79 37 91 54 8 14 88 46 18 40 24 33 53 
80
0
44 46 62 33 90 28 45 82 45 93 62 6 11 82 45 13 34 22 28 46 
81
0
45 37 63 35 80 27 51 84 40 99 64 13 22 86 49 20 32 14 25 55 
82
0
48 41 68 36 89 31 48 81 41 91 59 13 12 91 47 19 32 24 32 51 
83
0
45 37 61 39 87 23 45 82 39 92 54 12 17 86 47 14 38 20 34 54 
84
0
45 37 67 35 82 28 51 78 39 91 58 17 21 81 42 18 38 23 33 46 
85
0
42 40 62 40 84 26 49 75 38 90 60 6 12 85 44 15 35 22 24 49 
86
0
46 40 68 37 82 23 48 82 46 97 59 13 14 82 51 14 35 22 31 54 
87
0
48 44 68 41 82 28 49 83 46 93 61 8 13 91 44 17 41 24 25 46 
88
0
42 46 65 30 88 26 44 84 41 93 61 8 16 88 41 14 35 22 25 52 
89
0
42 46 64 40 83 22 51 82 41 93 64 15 13 87 45 22 40 24 30 51 
90
0
48 38 59 35 83 27 45 80 40 90 54 12 19 88 42 12 36 19 23 50 
91
0
47 40 65 32 90 23 43 79 42 99 55 10 15 85 43 18 36 16 23 48 
92
0
46 39 65 41 90 24 49 81 40 92 64 16 15 85 50 12 31 22 26 54 
93
0
48 46 59 35 88 28 50 77 41 91 64 15 20 89 44 21 34 21 28 52 
94
0
40 45 63 36 87 31 43 79 41 96 54 7 18 83 47 15 37 22 32 49 
95
0
44 40 60 38 89 28 52 75 37 89 62 13 20 84 40 17 37 25 28 49 
96
0
43 42 63 35 82 26 45 85 45 99 57 12 21 89 47 15 34 20 25 48 
97
0
43 39 68 35 85 30 53 82 44 90 56 11 16 87 50 13 34 18 26 48 
98
0
42 41 69 36 85 29 46 75 38 95 57 12 13 88 46 15 36 24 31 47 
99
0
44 43 61 31 83 28 46 85 40 94 60 11 21 81 41 12 36 20 24 51 
