50
20
5020101
0
0
37 27 37 30 29 34 31 32 34 28 33 37 32 35 31 34 34 29 35 35 
1
0
37 36 37 42 35 37 43 41 40 36 40 42 39 45 40 35 43 35 36 42 
2
0
23 19 24 19 20 25 22 21 26 26 19 24 29 23 21 24 19 28 28 27 
3
0
53 62 56 56 56 62 55 57 60 62 57 63 57 60 58 60 58 62 58 54 
4
0
33 31 32 32 30 36 33 38 36 36 36 28 31 37 37 29 32 28 28 36 
5
0
88 82 81 85 85 87 90 81 86 89 81 81 82 80 87 82 83 80 87 80 
6
0
21 24 22 23 21 18 25 24 20 21 22 17 18 25 25 24 25 26 17 22 
7
0
39 43 40 46 43 42 46 47 48 45 45 45 46 47 44 41 42 39 40 49 
8
0
40 38 33 40 31 33 39 36 37 30 36 36 36 36 37 30 37 34 37 38 
9
0
35 36 32 32 39 35 37 31 36 31 38 33 30 32 37 35 35 40 38 38 
10
0
75 76 71 78 79 80 75 78 79 78 79 80 79 71 70 74 75 81 78 75 
11
0
64 70 66 67 63 67 66 65 67 68 68 60 63 65 65 60 68 61 61 67 
12
0
22 29 24 32 31 25 24 22 28 27 22 27 23 27 26 25 31 29 31 25 
13
0
20 24 28 23 28 18 21 25 18 18 29 27 24 24 23 21 22 23 24 25 
14
0
59 55 56 59 57 51 59 51 50 58 59 56 51 55 52 49 60 59 57 55 
15
0
83 83 80 86 76 86 83 84 80 84 82 80 86 81 85 79 77 78 77 86 
16
0
31 31 34 31 35 34 35 31 35 30 37 30 29 36 32 37 34 29 34 35 
17
0
86 84 79 82 84 88 88 81 87 79 81 85 88 79 80 82 86 80 84 79 
18
0
81 85 81 76 76 80 76 77 84 79 76 85 83 85 85 83 75 81 85 75 
19
0
75 74 73 73 71 77 79 72 75 74 75 79 71 76 78 71 72 73 70 81 
20
0
23 22 20 21 13 20 18 13 22 17 20 20 16 17 17 17 18 14 13 18 
21
0
43 44 50 51 47 46 47 42 51 45 49 45 45 50 42 45 51 51 42 42 
22
0
55 52 57 51 54 53 58 52 58 49 54 51 50 50 50 53 52 49 51 50 
23
0
63 57 56 61 59 55 55 61 56 53 61 54 54 56 54 63 60 59 60 63 
24
0
27 20 25 23 19 17 24 25 25 24 19 18 22 25 19 19 19 23 17 18 
25
0
40 40 41 34 32 37 40 35 38 34 40 34 32 37 36 36 38 32 30 35 
26
0
66 75 68 72 65 72 68 76 69 75 69 68 70 72 69 65 75 72 68 72 
27
0
54 56 48 51 52 53 56 52 55 51 56 55 47 47 49 47 54 47 55 50 
28
0
58 57 53 60 59 58 54 59 54 55 55 61 59 54 59 58 57 59 53 56 
29
0
19 25 16 21 22 20 23 22 16 24 25 16 18 24 15 25 19 20 16 17 
30
0
44 52 52 53 44 47 43 48 52 50 49 47 43 46 46 49 49 53 52 44 
31
0
39 43 41 43 36 40 44 41 44 37 38 38 34 43 41 34 43 43 43 43 
32
0
64 62 69 66 63 66 69 64 68 67 64 66 70 62 68 61 64 70 68 68 
33
0
58 64 62 65 58 62 64 67 58 61 61 66 57 66 58 57 57 59 64 59 
34
0
25 31 29 27 33 24 25 27 30 35 25 31 32 29 25 26 32 33 24 32 
35
0
32 26 30 22 30 30 24 23 27 26 32 31 26 30 31 32 23 29 28 27 
36
0
34 40 35 42 40 42 37 43 40 34 39 36 36 39 33 42 42 43 40 32 
37
0
21 24 26 27 30 20 24 21 26 21 23 27 21 22 30 23 25 21 30 24 
38
0
26 31 28 28 33 25 29 27 34 33 33 31 28 33 25 28 25 32 27 27 
39
0
99 93 99 95 95 97 89 91 89 91 94 93 89 98 97 89 97 94 89 94 
40
0
91 89 91 82 82 90 83 82 90 85 84 85 84 83 85 89 86 82 83 90 
41
0
43 47 46 45 48 38 39 43 46 40 42 39 42 45 40 44 44 44 42 43 
42
0
69 70 66 60 70 66 62 67 68 66 60 63 62 66 62 67 64 67 67 62 
43
0
86 78 79 79 84 86 80 80 81 79 83 84 81 87 87 84 78 82 79 85 
44
0
73 74 73 65 71 68 68 68 75 70 65 68 70 68 66 67 65 66 66 72 
45
0
64 63 66 63 67 68 70 71 65 72 68 70 64 67 73 73 72 72 72 65 
46
0
88 95 91 95 91 92 89 91 89 91 87 93 95 86 90 89 92 89 92 91 
47
0
17 18 13 15 12 19 14 21 16 13 22 18 17 16 16 20 19 13 21 18 
48
0
69 64 69 66 69 67 68 70 69 64 67 67 65 62 63 64 62 61 63 63 
49
0
27 25 27 22 20 31 22 24 27 29 23 30 26 22 24 27 26 27 23 27 
