30
20
3020004
0
0
63 55 95 47 18 6 32 56 96 1 8 17 22 99 4 7 37 14 86 93 
1
0
64 13 16 16 31 17 32 97 95 87 6 83 77 2 95 61 43 38 63 48 
2
0
10 9 79 45 80 54 88 51 85 39 2 73 49 29 75 88 70 93 2 10 
3
0
24 3 76 63 31 54 42 91 97 60 85 93 80 93 31 87 63 31 14 47 
4
0
19 24 13 38 51 29 69 96 80 9 3 50 72 68 31 86 75 12 93 99 
5
0
62 67 56 69 1 37 98 71 10 94 63 83 78 91 43 31 96 52 53 40 
6
0
92 1 48 57 59 23 67 59 29 89 23 13 30 56 15 95 76 26 42 22 
7
0
16 69 70 50 59 90 73 95 15 5 47 21 64 77 38 89 92 23 41 7 
8
0
86 86 82 24 37 25 30 97 10 34 81 34 9 42 73 35 8 63 86 9 
9
0
29 25 50 40 67 66 15 14 57 90 2 31 98 6 82 4 53 28 25 93 
10
0
80 42 43 16 35 11 12 52 4 54 63 82 25 23 41 25 10 23 80 92 
11
0
52 79 82 33 84 95 76 7 58 5 40 21 65 84 69 59 87 17 92 93 
12
0
67 30 15 51 48 35 49 51 19 75 48 90 29 69 55 37 18 43 44 82 
13
0
91 63 33 38 29 82 94 75 58 5 87 18 86 77 57 27 38 19 38 48 
14
0
35 70 25 94 94 16 49 26 59 80 81 70 36 25 48 17 96 59 13 10 
15
0
70 66 25 81 7 57 68 30 30 9 83 31 68 67 40 52 36 14 99 74 
16
0
82 38 23 51 91 89 51 45 31 46 26 80 26 41 14 21 2 78 28 27 
17
0
55 7 83 47 26 9 41 7 91 54 53 38 86 74 67 10 19 75 44 40 
18
0
80 19 12 66 95 86 33 14 70 93 97 76 11 68 73 3 44 98 98 49 
19
0
82 19 81 95 87 1 41 4 38 42 5 5 49 44 11 1 81 32 20 34 
20
0
31 30 56 32 36 89 12 13 8 56 70 92 72 55 65 97 95 57 19 20 
21
0
34 84 93 80 48 62 88 97 33 79 29 25 82 22 31 20 4 29 21 23 
22
0
81 74 52 44 56 73 36 7 76 69 71 98 58 49 95 72 51 19 33 53 
23
0
93 75 76 75 31 28 82 45 90 37 43 33 51 69 78 96 26 48 88 88 
24
0
40 67 81 36 33 25 80 6 71 50 83 2 5 3 1 51 64 63 23 58 
25
0
2 41 64 99 5 33 9 70 46 29 88 15 86 17 31 74 82 60 4 48 
26
0
34 44 97 56 28 25 88 45 43 3 62 85 4 59 93 8 74 61 53 12 
27
0
88 58 14 43 28 83 75 53 19 21 10 40 31 87 66 51 88 79 17 86 
28
0
72 11 79 96 75 70 87 15 93 84 51 87 44 36 2 88 77 38 14 96 
29
0
40 51 64 85 89 82 67 62 73 2 6 39 19 96 53 16 6 79 57 61 
