200
5
20005028
0
0
52 58 59 56 58 
1
0
85 84 84 86 78 
2
0
2 7 4 4 7 
3
0
83 81 78 77 76 
4
0
41 33 32 39 36 
5
0
64 68 73 71 73 
6
0
34 31 28 33 35 
7
0
56 53 51 52 59 
8
0
51 52 51 49 47 
9
0
89 96 88 93 88 
10
0
47 42 50 41 44 
11
0
30 33 32 34 34 
12
0
22 21 24 19 21 
13
0
18 16 22 22 19 
14
0
24 17 20 26 17 
15
0
16 16 16 15 16 
16
0
42 38 42 33 33 
17
0
56 53 53 48 51 
18
0
12 12 9 8 7 
19
0
51 60 51 61 51 
20
0
28 22 25 32 30 
21
0
70 74 69 66 69 
22
0
8 18 10 11 17 
23
0
83 78 79 76 77 
24
0
91 95 100 99 92 
25
0
67 73 68 72 65 
26
0
30 27 34 29 32 
27
0
85 81 84 85 86 
28
0
59 54 56 51 57 
29
0
60 62 62 56 65 
30
0
33 29 32 34 38 
31
0
39 37 32 32 36 
32
0
53 50 58 55 54 
33
0
36 38 40 37 42 
34
0
58 50 59 56 54 
35
0
56 55 56 52 58 
36
0
61 54 51 54 59 
37
0
27 30 31 29 33 
38
0
36 28 34 29 37 
39
0
13 11 9 15 17 
40
0
54 56 54 55 59 
41
0
67 63 61 67 62 
42
0
75 73 73 69 72 
43
0
61 67 68 64 61 
44
0
46 52 51 49 52 
45
0
79 84 79 83 83 
46
0
50 52 51 54 51 
47
0
29 22 27 31 29 
48
0
11 7 11 7 5 
49
0
42 37 38 43 40 
50
0
85 87 85 85 91 
51
0
79 80 76 81 84 
52
0
95 92 97 93 90 
53
0
67 69 70 75 72 
54
0
78 76 74 76 70 
55
0
55 57 63 58 59 
56
0
30 25 27 31 29 
57
0
54 51 54 48 52 
58
0
60 61 57 60 57 
59
0
61 53 60 51 61 
60
0
56 54 57 61 53 
61
0
86 91 95 95 90 
62
0
3 8 9 13 7 
63
0
72 68 77 70 71 
64
0
33 33 29 25 29 
65
0
7 14 12 8 8 
66
0
47 49 40 44 43 
67
0
34 31 38 38 37 
68
0
40 41 43 45 44 
69
0
59 57 53 58 57 
70
0
37 35 31 34 34 
71
0
44 47 50 42 42 
72
0
46 38 44 41 39 
73
0
38 40 38 45 46 
74
0
96 97 94 91 90 
75
0
44 45 46 40 46 
76
0
26 31 25 26 29 
77
0
21 20 24 23 21 
78
0
12 14 13 14 14 
79
0
71 75 69 71 75 
80
0
13 21 19 19 16 
81
0
71 78 71 73 74 
82
0
71 77 73 70 80 
83
0
74 75 72 67 76 
84
0
28 37 30 34 35 
85
0
47 52 48 49 51 
86
0
49 55 54 52 53 
87
0
44 34 38 33 39 
88
0
46 50 48 47 43 
89
0
30 34 27 27 26 
90
0
39 36 43 42 37 
91
0
57 59 63 55 61 
92
0
71 67 67 68 77 
93
0
30 25 33 26 27 
94
0
69 64 67 67 63 
95
0
88 83 90 88 82 
96
0
46 45 52 45 51 
97
0
80 88 86 86 80 
98
0
31 24 27 26 22 
99
0
60 67 59 69 68 
100
0
28 28 29 38 31 
101
0
55 61 58 59 56 
102
0
33 29 30 31 35 
103
0
49 52 44 45 45 
104
0
40 34 36 31 36 
105
0
70 73 80 70 77 
106
0
17 18 16 21 18 
107
0
91 95 91 97 95 
108
0
78 82 76 85 78 
109
0
77 77 72 73 75 
110
0
13 16 17 17 16 
111
0
90 91 83 83 88 
112
0
15 17 15 14 21 
113
0
87 89 90 96 89 
114
0
23 28 31 28 32 
115
0
95 88 90 86 95 
116
0
63 63 63 57 59 
117
0
26 34 28 27 26 
118
0
57 64 58 57 60 
119
0
23 30 22 28 31 
120
0
55 58 48 55 52 
121
0
88 91 91 96 89 
122
0
23 21 22 14 24 
123
0
61 60 57 63 59 
124
0
81 77 74 78 78 
125
0
43 41 39 44 42 
126
0
34 38 39 41 42 
127
0
33 31 33 32 31 
128
0
83 86 86 92 88 
129
0
29 28 35 35 31 
130
0
88 92 86 84 91 
131
0
35 41 40 34 41 
132
0
35 33 34 41 37 
133
0
68 65 71 71 74 
134
0
25 28 32 23 27 
135
0
41 41 37 44 43 
136
0
72 65 69 67 70 
137
0
35 32 36 36 29 
138
0
69 64 64 61 63 
139
0
72 66 70 70 63 
140
0
37 39 34 34 37 
141
0
16 12 13 9 6 
142
0
79 73 77 73 76 
143
0
23 15 20 24 22 
144
0
47 45 44 43 49 
145
0
41 44 43 37 39 
146
0
37 39 39 33 36 
147
0
70 66 66 73 72 
148
0
16 21 21 14 19 
149
0
63 62 66 61 65 
150
0
73 73 70 64 69 
151
0
38 37 27 28 34 
152
0
15 15 11 11 15 
153
0
57 62 56 61 61 
154
0
52 47 56 54 53 
155
0
81 78 81 84 83 
156
0
87 91 90 90 85 
157
0
33 41 34 38 33 
158
0
80 86 83 82 87 
159
0
47 42 43 51 50 
160
0
89 93 99 96 97 
161
0
14 17 11 18 11 
162
0
33 32 40 38 35 
163
0
86 82 78 76 85 
164
0
85 87 82 87 87 
165
0
70 64 65 71 67 
166
0
9 12 15 14 8 
167
0
6 4 7 5 5 
168
0
68 72 72 72 73 
169
0
71 77 73 78 79 
170
0
69 65 66 64 64 
171
0
45 39 47 42 39 
172
0
3 5 8 4 9 
173
0
47 41 47 48 47 
174
0
30 33 31 41 40 
175
0
25 22 23 16 16 
176
0
26 25 30 26 25 
177
0
30 32 30 29 37 
178
0
59 53 57 53 57 
179
0
54 55 48 50 47 
180
0
60 60 60 61 62 
181
0
87 92 93 89 91 
182
0
82 81 78 82 78 
183
0
73 75 66 73 74 
184
0
61 64 60 65 65 
185
0
8 9 14 14 17 
186
0
28 27 33 27 37 
187
0
38 48 46 45 42 
188
0
35 30 30 32 31 
189
0
54 55 57 50 48 
190
0
50 50 55 55 56 
191
0
63 62 60 59 61 
192
0
18 17 21 17 22 
193
0
49 43 43 43 49 
194
0
67 67 64 64 61 
195
0
70 65 69 64 69 
196
0
29 31 31 29 37 
197
0
24 30 23 24 22 
198
0
58 62 63 59 61 
199
0
72 77 78 73 73 
