100
10
10010022
0
0
33 16 18 30 35 34 79 18 70 73 
1
0
41 17 17 35 42 27 79 16 71 72 
2
0
41 18 22 30 34 31 81 12 73 65 
3
0
39 17 21 34 37 33 77 16 72 67 
4
0
34 25 19 29 42 30 85 13 68 68 
5
0
38 23 25 31 42 37 79 13 71 70 
6
0
39 21 18 35 33 27 83 9 74 67 
7
0
42 25 18 34 40 32 76 12 76 66 
8
0
36 17 17 36 34 29 85 11 73 70 
9
0
34 24 23 38 34 27 77 16 71 67 
10
0
34 20 19 36 42 27 78 18 76 69 
11
0
35 23 17 33 39 37 85 10 75 64 
12
0
37 16 21 29 37 35 78 9 76 63 
13
0
33 15 17 33 42 27 77 10 77 64 
14
0
37 19 23 35 42 27 76 15 73 71 
15
0
32 18 21 29 33 35 75 8 71 67 
16
0
31 20 20 35 40 37 77 8 76 69 
17
0
32 22 26 32 39 34 82 16 78 72 
18
0
34 17 21 31 34 26 75 16 70 70 
19
0
40 19 24 32 38 30 75 12 72 68 
20
0
42 15 17 32 41 30 85 18 76 73 
21
0
33 22 17 36 39 35 79 16 69 67 
22
0
40 17 24 37 38 35 83 10 74 65 
23
0
33 22 17 31 40 33 84 10 75 71 
24
0
38 21 23 28 37 27 83 13 75 63 
25
0
37 19 20 37 35 37 83 13 78 68 
26
0
33 14 21 35 39 27 81 16 72 71 
27
0
39 22 22 29 40 37 79 11 69 73 
28
0
34 15 22 37 37 29 85 13 73 65 
29
0
37 23 21 37 36 37 84 12 74 67 
30
0
33 17 16 35 41 37 80 11 78 67 
31
0
34 21 24 28 43 37 84 10 75 69 
32
0
40 21 20 33 43 30 78 15 73 71 
33
0
40 16 25 32 42 37 84 12 76 70 
34
0
40 22 19 34 36 33 78 9 76 71 
35
0
42 21 20 34 32 32 78 10 70 66 
36
0
38 14 21 29 34 34 85 16 76 71 
37
0
31 25 22 32 35 28 76 11 72 73 
38
0
32 16 22 32 34 37 82 14 72 65 
39
0
38 18 20 36 40 27 83 10 68 68 
40
0
42 15 20 35 40 33 85 18 70 64 
41
0
37 18 18 33 37 27 84 17 74 73 
42
0
36 21 20 33 42 30 75 12 72 68 
43
0
34 21 23 33 36 35 79 12 77 73 
44
0
34 14 18 34 43 34 79 9 72 72 
45
0
36 17 21 29 34 30 78 17 69 66 
46
0
40 24 24 27 35 31 80 9 71 68 
47
0
39 18 20 28 35 26 85 15 78 66 
48
0
39 23 25 30 35 36 78 18 76 66 
49
0
37 20 23 36 42 27 85 16 70 64 
50
0
36 16 18 32 42 34 85 10 77 70 
51
0
34 25 23 29 36 33 79 19 75 70 
52
0
37 17 22 35 41 32 84 15 74 71 
53
0
35 15 19 31 41 31 80 17 71 68 
54
0
39 20 20 35 37 35 79 15 73 69 
55
0
39 17 26 35 37 33 85 18 70 63 
56
0
33 17 20 35 35 34 78 14 72 64 
57
0
32 18 26 33 37 34 86 11 74 71 
58
0
34 19 25 32 41 31 82 18 71 71 
59
0
35 23 22 36 33 28 83 11 69 71 
60
0
34 19 19 32 40 30 83 13 76 63 
61
0
41 18 20 37 37 36 77 12 72 71 
62
0
39 16 26 30 35 31 75 10 73 67 
63
0
34 20 16 38 40 37 79 15 69 66 
64
0
36 19 17 30 35 27 75 18 76 65 
65
0
35 21 20 27 43 35 80 19 70 71 
66
0
34 20 17 29 34 34 85 9 72 65 
67
0
42 20 18 33 39 34 85 14 70 64 
68
0
40 15 26 31 34 27 84 9 74 69 
69
0
31 22 26 31 42 31 75 15 78 66 
70
0
35 15 21 29 37 33 76 12 77 69 
71
0
41 15 23 33 35 28 85 14 74 67 
72
0
39 23 26 37 34 27 76 17 68 73 
73
0
32 22 26 33 43 28 80 11 77 65 
74
0
41 23 26 29 33 33 84 17 72 71 
75
0
31 22 16 34 41 35 77 16 72 70 
76
0
40 19 22 32 42 29 85 14 68 63 
77
0
37 24 23 34 42 35 85 13 73 67 
78
0
36 18 23 35 33 34 82 8 69 65 
79
0
35 21 25 35 39 35 85 19 78 64 
80
0
33 15 26 37 33 33 75 8 69 65 
81
0
31 17 20 37 39 37 84 11 68 72 
82
0
39 18 18 34 41 33 76 19 75 71 
83
0
41 15 26 36 41 30 75 12 70 71 
84
0
36 20 17 38 39 34 85 17 72 68 
85
0
37 15 20 35 42 29 78 11 77 70 
86
0
32 22 20 30 34 27 76 15 70 67 
87
0
35 24 26 35 38 27 82 13 70 66 
88
0
35 17 22 34 37 34 85 19 75 72 
89
0
40 19 17 32 34 30 81 9 73 70 
90
0
34 20 26 35 40 32 76 11 71 70 
91
0
35 19 16 32 39 32 85 13 70 72 
92
0
32 18 20 34 40 27 78 14 78 65 
93
0
42 19 20 31 42 29 80 9 78 63 
94
0
31 15 22 38 41 33 83 18 76 65 
95
0
37 17 20 37 43 32 81 16 72 70 
96
0
31 16 19 33 35 33 80 17 74 70 
97
0
40 25 25 28 42 34 78 11 76 72 
98
0
34 15 17 31 33 31 86 10 76 71 
99
0
38 14 20 30 37 33 79 15 69 66 
