100
5
10005024
0
0
35 32 34 38 38 
1
0
55 56 56 52 49 
2
0
30 31 23 29 27 
3
0
73 73 76 76 76 
4
0
5 15 15 11 13 
5
0
75 73 74 78 71 
6
0
6 14 7 16 8 
7
0
61 69 59 64 59 
8
0
75 75 77 78 74 
9
0
72 67 74 76 72 
10
0
88 86 83 81 87 
11
0
25 17 20 22 21 
12
0
11 10 13 6 11 
13
0
53 53 49 50 51 
14
0
35 46 40 36 39 
15
0
35 43 40 39 41 
16
0
91 98 91 91 95 
17
0
71 61 61 66 67 
18
0
50 48 54 52 54 
19
0
20 24 15 19 24 
20
0
45 46 46 55 46 
21
0
93 99 96 98 97 
22
0
81 83 82 79 81 
23
0
32 32 26 29 34 
24
0
15 11 18 17 18 
25
0
62 54 58 59 52 
26
0
21 21 24 26 24 
27
0
60 59 66 64 64 
28
0
96 92 90 91 92 
29
0
69 71 66 63 64 
30
0
42 41 49 46 44 
31
0
88 91 88 95 92 
32
0
71 76 70 70 78 
33
0
38 42 40 41 36 
34
0
48 47 44 52 52 
35
0
74 78 74 80 82 
36
0
13 12 19 15 15 
37
0
10 12 8 8 16 
38
0
5 13 6 13 7 
39
0
87 89 82 85 84 
40
0
86 85 86 79 80 
41
0
15 13 12 14 14 
42
0
44 48 52 45 54 
43
0
15 12 14 4 12 
44
0
84 82 90 83 89 
45
0
31 35 41 33 34 
46
0
19 24 22 20 19 
47
0
17 16 12 19 11 
48
0
53 59 52 54 56 
49
0
52 56 50 57 48 
50
0
14 5 9 6 13 
51
0
67 67 67 67 63 
52
0
30 29 38 31 32 
53
0
11 14 7 12 3 
54
0
7 15 17 14 12 
55
0
9 7 6 2 8 
56
0
62 66 64 65 65 
57
0
68 70 74 76 73 
58
0
48 41 45 47 46 
59
0
86 87 91 83 89 
60
0
24 26 17 24 20 
61
0
66 61 70 65 68 
62
0
50 47 42 41 41 
63
0
29 32 30 31 32 
64
0
33 28 30 36 26 
65
0
83 79 83 85 75 
66
0
50 48 49 51 47 
67
0
36 36 39 45 39 
68
0
36 31 32 40 32 
69
0
25 25 23 24 22 
70
0
23 24 19 26 21 
71
0
48 49 47 48 43 
72
0
53 47 47 50 45 
73
0
78 80 86 88 87 
74
0
77 79 82 78 79 
75
0
38 29 39 39 29 
76
0
3 8 8 10 6 
77
0
5 3 6 12 2 
78
0
20 19 14 13 18 
79
0
33 35 30 27 32 
80
0
81 89 86 84 85 
81
0
32 29 33 28 31 
82
0
39 42 43 36 43 
83
0
100 90 97 93 89 
84
0
75 71 70 68 74 
85
0
77 78 82 87 81 
86
0
50 59 57 58 60 
87
0
69 79 73 74 71 
88
0
11 10 7 5 5 
89
0
89 87 92 90 91 
90
0
21 17 12 16 18 
91
0
31 35 29 32 36 
92
0
89 82 86 84 84 
93
0
87 85 85 87 84 
94
0
78 80 80 79 76 
95
0
73 79 72 70 74 
96
0
77 70 66 72 74 
97
0
16 18 24 26 22 
98
0
25 28 25 23 28 
99
0
19 25 26 18 24 
