200
20
20020026
0
0
72 64 68 72 68 66 64 69 62 68 64 71 67 65 68 63 71 65 65 62 
1
0
58 59 52 59 56 57 60 60 58 56 58 59 55 58 56 57 53 58 60 53 
2
0
6 10 5 7 10 9 9 6 6 5 3 4 7 9 4 11 6 6 7 8 
3
0
78 70 80 80 80 74 70 78 79 80 76 75 71 77 73 70 79 71 78 70 
4
0
21 24 15 22 23 20 14 18 24 17 23 22 24 23 14 20 24 16 17 24 
5
0
22 16 24 27 19 20 17 22 17 26 27 26 18 18 26 26 17 26 17 24 
6
0
35 38 37 30 38 38 39 33 33 34 35 34 36 37 35 31 30 36 38 35 
7
0
27 36 28 33 25 29 33 35 33 34 29 28 30 26 34 36 35 35 28 33 
8
0
94 96 92 92 90 92 96 98 88 96 94 92 89 94 95 98 90 97 96 97 
9
0
28 36 30 29 29 33 28 29 32 28 36 31 33 29 37 37 30 31 37 38 
10
0
17 16 17 19 13 20 18 18 16 12 17 14 12 16 20 14 13 14 16 18 
11
0
13 15 14 21 20 17 11 18 14 12 15 13 19 10 14 17 16 14 18 17 
12
0
47 49 50 45 49 44 50 43 51 48 43 43 48 44 48 45 46 46 51 52 
13
0
23 22 23 21 18 14 22 14 15 15 17 20 17 13 23 19 23 16 17 14 
14
0
93 91 89 86 86 84 89 89 84 88 89 88 87 90 88 90 90 88 86 90 
15
0
37 29 34 36 35 37 31 29 33 28 29 29 37 28 36 35 35 36 36 28 
16
0
14 15 16 10 17 14 13 14 9 16 10 12 10 16 11 11 15 10 15 13 
17
0
49 42 47 50 53 42 52 44 49 47 53 51 51 51 52 45 46 46 52 43 
18
0
87 82 89 85 89 87 88 83 82 91 83 85 91 85 90 91 86 81 90 92 
19
0
88 97 96 96 87 93 89 94 93 89 94 91 88 91 91 96 97 87 95 91 
20
0
33 24 23 33 32 23 23 32 28 27 26 28 24 34 29 29 28 33 32 31 
21
0
87 91 92 86 87 88 88 93 88 87 89 87 88 91 85 93 84 87 87 88 
22
0
56 52 49 48 51 49 54 55 50 47 48 56 46 46 56 48 46 50 49 49 
23
0
73 74 74 71 71 75 78 79 81 78 77 78 72 75 77 79 79 80 79 80 
24
0
22 27 19 16 19 20 24 21 24 27 24 21 26 22 17 18 19 26 18 16 
25
0
16 22 20 24 18 23 19 14 15 18 22 22 17 15 24 16 17 21 18 16 
26
0
42 44 45 38 35 44 36 43 41 41 35 43 40 35 40 43 36 45 38 36 
27
0
39 35 38 39 38 35 37 37 31 41 34 33 36 38 40 33 32 32 41 41 
28
0
28 22 22 30 30 26 26 20 20 27 21 23 23 25 26 29 29 30 27 30 
29
0
48 40 47 47 43 40 47 43 40 40 48 46 50 47 48 44 44 41 48 45 
30
0
53 51 52 54 47 47 47 54 52 51 44 45 43 52 51 51 48 52 44 53 
31
0
92 90 91 90 86 87 89 83 89 89 88 82 87 90 86 83 83 88 83 82 
32
0
12 17 12 16 14 20 18 12 10 15 11 18 12 11 11 17 19 11 19 10 
33
0
73 72 75 71 69 76 80 74 71 76 79 70 70 70 76 79 79 70 70 72 
34
0
86 85 83 78 82 82 84 79 81 82 89 80 88 80 86 86 82 78 88 87 
35
0
15 11 6 12 6 7 14 10 15 9 9 6 8 15 11 14 8 6 6 7 
36
0
60 66 60 61 66 62 58 59 60 63 67 67 66 60 67 59 61 59 64 64 
37
0
45 51 52 53 50 52 52 45 46 48 52 53 49 53 55 49 53 53 45 47 
38
0
22 24 27 21 21 27 28 20 24 18 23 18 22 20 20 22 24 18 18 25 
39
0
29 31 27 28 31 35 26 27 32 33 28 26 34 27 25 25 27 27 27 28 
40
0
25 28 27 25 21 27 20 27 21 27 22 21 23 25 21 28 26 21 27 19 
41
0
41 43 44 42 46 41 49 41 48 44 48 39 43 44 44 45 40 40 42 42 
42
0
86 93 86 89 85 92 91 94 92 87 87 88 94 94 95 87 88 90 95 89 
43
0
78 74 74 82 81 79 82 75 80 79 81 80 79 79 75 78 75 74 76 79 
44
0
83 76 80 78 85 80 77 77 81 85 84 76 78 81 81 78 76 81 83 81 
45
0
40 41 44 41 44 42 44 46 42 44 47 46 38 44 38 42 44 47 45 40 
46
0
57 67 67 64 58 64 64 65 61 60 60 57 67 65 59 66 62 66 59 61 
47
0
77 76 85 82 78 80 80 83 75 85 83 85 80 75 77 81 79 84 79 82 
48
0
61 66 65 67 67 64 57 60 68 66 59 65 65 63 57 58 61 65 66 64 
49
0
65 56 65 57 64 65 58 60 63 63 58 60 59 63 58 57 58 57 56 59 
50
0
26 24 26 23 27 21 26 30 30 29 31 21 21 25 22 31 27 27 21 26 
51
0
51 47 43 42 52 52 43 50 52 51 53 47 42 47 43 49 50 52 45 53 
52
0
82 77 77 85 79 80 85 81 78 76 81 76 80 81 85 84 84 77 84 75 
53
0
22 13 17 14 19 18 22 14 21 18 17 19 15 19 21 14 13 21 18 20 
54
0
82 89 87 84 89 83 83 89 91 90 84 85 82 90 82 84 90 84 86 83 
55
0
9 3 3 11 6 6 7 9 6 6 9 2 2 2 10 9 11 3 11 2 
56
0
64 66 67 61 69 65 65 67 66 64 58 61 60 60 67 62 64 68 67 59 
57
0
91 92 91 89 94 96 99 93 98 99 89 92 97 96 97 99 92 94 91 89 
58
0
60 54 62 62 60 52 54 57 62 56 59 56 62 60 58 58 55 58 59 63 
59
0
18 26 26 24 23 24 25 24 19 24 24 25 25 27 29 26 24 27 27 21 
60
0
55 59 57 58 57 61 59 55 59 62 60 54 55 57 63 57 56 59 61 63 
61
0
31 26 33 36 29 31 29 36 36 33 31 31 29 34 30 34 30 26 35 26 
62
0
94 86 87 91 95 91 95 94 91 85 87 88 88 84 95 87 84 93 92 87 
63
0
21 26 25 23 31 27 25 28 24 25 25 29 21 26 23 31 31 25 28 23 
64
0
42 34 45 44 43 37 35 44 40 36 39 35 39 44 39 36 41 41 34 39 
65
0
66 72 67 66 66 66 69 73 74 72 65 67 74 70 67 69 67 74 65 75 
66
0
10 13 13 4 10 12 5 9 7 4 8 13 4 13 10 7 9 12 6 13 
67
0
18 10 15 20 15 12 18 12 16 9 14 10 15 16 10 19 18 11 15 11 
68
0
38 44 46 41 43 38 38 38 46 38 40 44 39 44 36 45 42 43 38 44 
69
0
32 40 36 30 33 32 31 36 30 31 34 31 29 33 32 34 37 30 37 31 
70
0
17 15 15 21 15 17 18 17 15 21 23 20 21 19 14 21 15 16 14 21 
71
0
17 18 16 18 12 11 10 19 14 18 9 15 11 17 14 12 19 19 11 18 
72
0
64 63 60 63 62 63 59 59 63 65 61 57 63 65 59 62 61 58 62 60 
73
0
50 53 52 52 49 56 47 51 53 48 48 50 55 48 51 48 48 47 47 50 
74
0
45 53 50 51 51 54 45 45 48 46 53 44 44 45 47 54 51 49 53 53 
75
0
50 49 49 49 51 50 49 47 50 51 50 56 53 46 46 51 46 49 52 51 
76
0
13 8 4 15 15 5 7 10 10 15 7 8 5 9 5 8 9 13 6 13 
77
0
23 18 21 19 20 26 22 25 26 28 28 23 19 27 19 19 22 26 21 26 
78
0
79 82 79 79 74 79 79 78 80 73 80 79 82 77 83 78 74 79 74 76 
79
0
76 78 71 72 71 73 71 73 78 77 71 75 78 71 71 71 78 70 68 73 
80
0
8 9 14 15 15 13 8 6 11 14 9 17 9 7 8 14 7 10 8 7 
81
0
35 36 44 44 43 35 37 35 37 43 40 41 41 35 40 45 35 36 40 37 
82
0
28 35 26 27 34 26 26 33 29 32 31 27 27 29 33 32 36 30 32 34 
83
0
87 77 81 84 81 81 79 77 80 76 82 83 77 84 81 82 83 81 84 86 
84
0
75 77 77 75 80 79 84 78 79 77 85 75 77 83 85 81 82 82 82 82 
85
0
57 60 59 60 63 59 53 56 63 57 55 59 54 56 60 57 56 62 54 61 
86
0
42 42 51 44 50 44 50 50 43 43 44 49 49 43 43 43 44 48 42 46 
87
0
71 66 69 66 67 70 68 64 65 70 69 68 74 65 73 74 69 67 68 69 
88
0
53 62 62 54 58 62 59 57 56 57 57 58 59 54 55 57 52 55 52 53 
89
0
11 6 10 4 4 5 3 7 12 11 2 8 3 3 12 3 7 12 5 3 
90
0
93 91 93 96 99 90 100 96 90 96 98 100 96 90 95 97 91 99 94 99 
91
0
75 76 74 73 72 68 72 70 78 78 75 68 78 77 70 68 71 75 74 69 
92
0
89 90 93 95 99 91 90 91 94 99 92 94 93 94 94 89 95 95 97 89 
93
0
35 31 33 29 30 38 37 29 32 35 29 34 29 31 31 37 32 29 33 34 
94
0
33 28 32 33 32 33 29 31 36 34 31 33 32 37 34 27 36 30 29 31 
95
0
42 40 44 46 45 44 42 50 48 41 50 45 49 48 42 47 42 40 45 44 
96
0
78 79 84 85 83 78 79 83 77 84 80 78 84 81 76 81 82 79 79 77 
97
0
15 16 17 21 15 20 22 21 22 16 15 16 23 21 16 17 18 14 16 21 
98
0
46 43 37 45 47 40 40 41 40 37 42 38 43 43 42 39 38 48 45 46 
99
0
13 10 11 16 7 15 13 15 12 14 7 14 8 13 9 13 16 14 7 12 
100
0
23 27 32 27 29 31 28 32 27 30 30 25 26 28 25 24 34 33 28 31 
101
0
64 71 68 65 65 67 65 66 65 66 66 67 71 65 65 67 62 61 61 62 
102
0
51 51 58 55 54 55 59 49 56 50 49 53 52 55 58 48 53 58 51 54 
103
0
84 76 83 84 83 76 79 73 75 75 80 75 81 81 74 80 78 83 73 79 
104
0
34 33 30 38 29 30 35 39 34 30 34 32 32 32 39 32 38 36 39 40 
105
0
20 24 17 23 23 21 19 19 19 22 23 17 23 15 23 16 21 24 18 16 
106
0
21 18 18 26 22 20 26 19 21 20 19 23 24 25 20 24 25 20 17 24 
107
0
20 19 18 23 20 16 23 18 23 21 21 19 17 18 18 17 21 24 21 15 
108
0
80 83 83 82 76 75 83 84 75 83 77 82 76 81 84 76 78 76 79 75 
109
0
34 26 28 33 33 27 30 35 32 31 35 33 30 28 32 29 33 33 35 27 
110
0
28 26 23 29 30 26 30 26 31 32 26 30 24 29 32 31 22 24 24 32 
111
0
70 63 72 68 64 68 64 63 72 69 67 68 62 70 65 65 61 71 71 63 
112
0
24 26 28 30 33 26 26 25 31 29 24 30 34 33 31 34 29 30 31 29 
113
0
71 65 69 63 67 71 71 65 71 62 66 70 71 66 62 62 67 69 62 71 
114
0
63 61 59 66 68 67 69 62 66 62 68 67 64 61 69 70 67 69 67 68 
115
0
38 43 34 35 36 39 41 43 41 39 38 41 40 37 45 40 42 41 40 38 
116
0
9 8 8 11 9 10 10 10 10 12 12 9 15 16 10 10 8 17 17 8 
117
0
40 37 37 33 35 41 37 36 41 38 31 34 32 35 32 37 41 37 41 40 
118
0
15 11 5 7 13 12 8 7 5 7 13 14 12 8 11 11 10 15 7 6 
119
0
10 16 13 15 12 13 14 11 13 12 14 12 11 14 11 12 19 18 17 8 
120
0
58 55 57 48 58 48 57 51 58 53 57 58 53 50 52 51 54 51 57 50 
121
0
73 69 67 64 69 70 73 72 64 65 64 67 72 66 67 72 65 69 66 65 
122
0
96 96 90 99 90 89 94 89 98 97 93 96 94 91 94 91 94 97 91 93 
123
0
24 25 23 22 32 22 22 23 28 29 27 32 32 31 32 23 23 26 25 25 
124
0
14 18 12 14 13 11 11 14 15 20 16 14 11 10 20 14 15 16 21 16 
125
0
23 22 29 23 27 29 29 32 32 31 25 24 30 25 26 23 28 26 31 27 
126
0
81 78 77 78 77 77 74 76 80 73 81 80 83 78 79 80 73 82 75 74 
127
0
60 58 50 55 55 61 50 51 51 51 54 55 57 52 50 53 56 53 51 58 
128
0
80 78 86 86 87 81 85 88 81 85 84 86 86 78 77 86 84 84 80 86 
129
0
56 56 49 51 47 45 46 45 50 47 46 55 53 51 55 53 48 55 56 54 
130
0
62 63 63 63 60 64 63 56 61 60 57 57 64 56 58 56 60 57 64 55 
131
0
42 44 42 44 39 39 44 43 45 36 38 34 42 41 37 42 43 37 43 45 
132
0
89 85 96 89 86 86 92 93 94 90 86 95 95 93 89 95 88 85 91 87 
133
0
35 32 35 31 37 32 31 36 36 29 38 35 31 38 29 30 37 30 30 35 
134
0
50 51 60 58 50 50 51 58 54 50 59 52 57 60 58 54 55 55 51 52 
135
0
61 68 68 65 63 61 64 66 61 62 62 70 60 70 67 68 61 67 68 60 
136
0
62 55 62 62 52 59 58 52 60 60 58 58 52 54 62 61 54 58 55 57 
137
0
27 26 25 25 23 24 24 24 29 30 23 25 22 22 28 27 24 29 26 24 
138
0
29 29 30 34 30 32 32 30 33 31 28 29 30 28 31 33 25 25 29 27 
139
0
39 33 41 42 33 42 35 41 35 40 37 34 35 40 34 43 39 37 34 43 
140
0
78 77 80 83 81 82 76 79 83 78 78 80 76 82 82 83 84 83 84 80 
141
0
62 56 57 59 57 61 59 52 60 56 56 55 60 62 58 53 60 63 60 62 
142
0
24 25 24 23 20 25 27 20 22 20 16 21 24 24 18 18 22 19 21 25 
143
0
54 57 50 52 58 51 48 49 55 55 57 49 49 48 55 57 59 54 54 54 
144
0
24 28 22 25 24 24 25 22 24 22 20 22 19 21 27 18 24 23 28 23 
145
0
85 86 82 83 92 82 88 88 84 92 86 83 86 84 88 87 86 85 87 84 
146
0
31 31 26 24 31 31 26 26 21 31 25 29 27 30 23 24 22 25 25 26 
147
0
56 62 58 64 65 60 57 63 61 57 61 65 56 59 60 57 66 60 63 57 
148
0
71 63 64 69 66 69 69 65 71 68 69 67 61 63 67 64 67 63 66 68 
149
0
94 85 85 84 87 92 94 93 94 95 93 94 91 85 86 85 88 90 95 86 
150
0
63 63 64 67 66 56 64 59 62 61 65 61 59 62 63 60 57 63 63 65 
151
0
35 33 30 35 27 33 35 30 28 27 36 34 33 30 37 28 32 37 35 37 
152
0
58 48 52 58 48 56 51 53 48 52 51 52 58 56 51 55 51 50 49 52 
153
0
80 80 70 77 71 80 71 78 73 78 70 70 76 73 79 75 75 80 74 74 
154
0
72 79 73 74 78 77 73 73 74 75 77 71 78 78 76 77 75 76 80 77 
155
0
19 29 28 28 27 25 25 28 24 21 21 19 21 24 20 27 22 30 22 22 
156
0
18 24 16 23 17 19 16 18 25 20 22 24 17 21 24 23 19 16 24 23 
157
0
11 14 6 8 8 11 7 14 6 12 15 8 7 8 14 7 10 13 11 16 
158
0
29 28 29 32 25 27 24 32 32 29 28 31 26 24 32 32 27 28 32 28 
159
0
82 78 85 78 80 84 80 81 85 77 86 80 78 80 85 81 79 82 86 86 
160
0
71 73 80 72 74 77 78 78 75 76 79 72 78 77 75 81 75 82 71 75 
161
0
22 27 21 27 25 27 19 23 19 21 26 24 23 24 23 29 25 27 25 24 
162
0
75 71 69 74 77 76 78 77 71 70 77 71 70 73 67 74 77 68 74 75 
163
0
14 15 21 20 20 20 21 18 18 15 18 19 16 18 14 19 23 23 16 16 
164
0
78 76 74 83 74 82 83 80 75 79 79 80 74 75 77 80 76 78 74 75 
165
0
90 89 92 85 86 84 90 91 88 86 93 88 89 88 92 87 86 83 87 91 
166
0
65 71 67 65 65 69 63 63 72 66 70 70 69 66 66 67 72 70 67 66 
167
0
41 48 41 44 42 47 48 44 43 45 46 40 44 48 48 48 41 49 47 47 
168
0
52 60 54 54 54 58 54 60 53 54 57 62 54 55 52 58 55 55 56 57 
169
0
25 22 23 22 26 20 19 19 24 23 28 25 28 21 27 25 22 23 21 25 
170
0
21 17 22 26 20 19 18 23 22 26 19 23 25 17 24 23 26 20 19 24 
171
0
32 29 22 25 22 25 23 22 27 28 21 28 31 27 27 21 31 26 29 27 
172
0
5 12 9 6 12 7 3 9 4 11 10 3 7 1 9 11 12 11 1 9 
173
0
74 70 75 77 73 68 77 74 77 71 74 78 77 77 79 76 75 76 69 72 
174
0
72 72 73 69 72 76 76 68 76 76 69 75 75 69 66 71 71 69 72 68 
175
0
17 17 24 21 15 21 20 16 18 24 17 16 14 23 21 18 15 22 20 22 
176
0
42 45 35 39 42 39 40 43 40 46 35 43 36 40 39 36 36 37 36 41 
177
0
15 13 9 8 18 16 11 11 15 16 9 13 10 11 9 15 9 18 10 17 
178
0
85 84 86 79 83 80 77 82 86 85 81 79 88 78 77 84 85 84 81 79 
179
0
82 78 81 82 77 84 82 80 86 79 76 82 81 85 76 83 78 76 81 82 
180
0
38 39 30 30 29 39 30 29 37 33 35 34 39 34 31 37 35 39 33 38 
181
0
54 54 49 56 49 53 53 59 55 56 51 55 58 54 49 57 50 50 55 54 
182
0
43 50 43 46 51 47 45 50 45 44 42 46 43 45 43 45 44 49 42 50 
183
0
47 46 42 52 44 48 50 51 42 47 46 48 49 45 50 49 45 49 44 49 
184
0
36 41 37 40 40 43 35 36 34 41 44 37 41 43 38 36 34 40 39 36 
185
0
60 60 65 67 60 61 60 59 60 68 59 65 62 67 66 62 67 59 61 58 
186
0
20 21 25 23 19 24 22 16 15 21 17 22 20 22 22 20 21 24 18 22 
187
0
11 9 11 3 8 14 8 13 12 6 3 8 7 6 7 9 4 9 10 9 
188
0
11 12 19 18 15 11 20 12 17 12 20 10 14 13 10 15 20 13 16 16 
189
0
55 62 54 56 56 62 63 56 61 58 63 54 62 64 54 61 63 59 59 58 
190
0
51 47 54 53 46 54 49 51 50 52 46 52 47 45 52 44 55 46 45 48 
191
0
71 77 74 69 77 75 72 73 75 73 71 73 78 73 77 72 73 77 68 75 
192
0
61 67 58 68 66 59 62 68 68 59 63 64 66 66 65 60 58 67 67 62 
193
0
66 67 76 69 71 71 73 67 74 70 75 75 73 69 68 75 69 69 75 71 
194
0
58 55 51 55 51 55 53 55 60 55 57 55 53 55 52 59 54 55 55 52 
195
0
94 91 83 84 91 88 89 90 94 88 92 89 87 88 90 84 83 91 88 89 
196
0
92 96 90 94 90 94 92 94 91 94 91 92 90 98 89 98 88 89 89 92 
197
0
40 40 38 35 41 38 39 42 35 35 34 39 33 40 43 36 35 37 33 34 
198
0
49 48 54 51 49 47 54 52 51 46 46 50 51 55 48 51 49 49 48 45 
199
0
75 72 66 73 76 71 69 67 74 68 66 75 66 67 73 67 71 70 66 71 
