20
10
2010005
0
0
73 89 40 24 91 68 4 26 18 28 
1
0
61 58 98 54 4 25 55 52 31 60 
2
0
48 99 2 43 16 30 22 52 43 66 
3
0
6 1 99 80 60 58 53 38 19 21 
4
0
81 68 59 58 8 92 48 17 26 83 
5
0
6 48 98 61 42 3 93 10 24 33 
6
0
91 89 94 79 95 52 26 45 93 6 
7
0
48 38 75 57 74 21 91 18 98 53 
8
0
18 78 40 88 34 85 68 34 17 69 
9
0
40 60 11 1 59 53 6 68 26 57 
10
0
10 42 34 76 87 90 66 68 60 64 
11
0
50 87 24 64 41 97 22 4 65 84 
12
0
50 83 80 80 40 31 22 55 46 42 
13
0
12 91 13 63 71 79 30 96 90 67 
14
0
16 27 41 91 26 20 48 44 13 28 
15
0
4 44 31 43 17 83 86 15 28 72 
16
0
62 68 37 41 41 52 97 8 57 33 
17
0
39 86 62 6 59 61 8 28 51 95 
18
0
38 10 83 47 7 61 5 50 78 14 
19
0
23 55 60 99 26 45 31 73 91 87 
