200
5
20005026
0
0
61 52 60 56 53 
1
0
73 72 77 69 69 
2
0
43 36 34 42 37 
3
0
14 15 17 7 9 
4
0
68 58 67 68 59 
5
0
86 90 88 82 82 
6
0
94 97 96 93 90 
7
0
11 10 21 21 11 
8
0
93 98 92 95 93 
9
0
33 33 27 31 33 
10
0
64 59 60 58 62 
11
0
81 76 72 75 78 
12
0
63 60 64 60 60 
13
0
66 62 62 64 57 
14
0
45 46 50 50 43 
15
0
57 56 63 61 56 
16
0
50 48 49 48 49 
17
0
90 87 90 91 88 
18
0
95 96 97 90 92 
19
0
33 34 35 34 37 
20
0
5 6 11 15 10 
21
0
87 81 85 80 88 
22
0
77 71 74 73 76 
23
0
60 60 64 70 69 
24
0
7 6 12 7 6 
25
0
74 77 81 71 80 
26
0
4 13 5 12 10 
27
0
11 11 17 17 13 
28
0
71 71 68 70 63 
29
0
51 44 47 48 43 
30
0
61 60 61 57 60 
31
0
98 88 92 89 93 
32
0
39 37 41 38 33 
33
0
51 45 47 48 54 
34
0
78 86 86 81 82 
35
0
45 43 37 41 39 
36
0
92 95 86 92 94 
37
0
32 32 38 32 35 
38
0
91 84 90 81 87 
39
0
22 26 19 17 25 
40
0
77 78 79 79 76 
41
0
64 60 59 67 62 
42
0
22 28 26 27 19 
43
0
28 25 24 26 23 
44
0
96 90 89 90 97 
45
0
89 84 92 87 86 
46
0
94 93 95 90 91 
47
0
84 83 86 83 86 
48
0
79 82 78 79 82 
49
0
88 91 93 86 92 
50
0
56 59 58 60 54 
51
0
42 36 44 35 43 
52
0
84 86 83 80 87 
53
0
72 76 71 72 68 
54
0
54 45 48 51 47 
55
0
12 13 18 13 16 
56
0
68 67 71 67 64 
57
0
47 55 53 47 51 
58
0
93 92 96 94 86 
59
0
60 63 55 53 62 
60
0
86 89 84 90 86 
61
0
39 49 40 43 44 
62
0
46 37 37 41 41 
63
0
63 54 58 60 62 
64
0
92 92 86 91 90 
65
0
51 43 51 45 47 
66
0
34 29 35 34 29 
67
0
12 2 3 3 11 
68
0
11 8 8 12 5 
69
0
18 16 21 14 11 
70
0
29 27 22 26 21 
71
0
86 81 87 87 84 
72
0
36 27 34 33 28 
73
0
60 60 66 63 67 
74
0
87 91 83 87 92 
75
0
22 24 28 24 20 
76
0
36 30 31 35 36 
77
0
72 72 70 74 74 
78
0
76 79 81 82 78 
79
0
55 56 58 56 61 
80
0
80 88 84 86 88 
81
0
88 82 88 84 80 
82
0
47 41 42 46 45 
83
0
59 61 64 62 59 
84
0
97 94 99 94 94 
85
0
26 30 23 28 28 
86
0
38 38 36 37 36 
87
0
83 76 79 75 84 
88
0
61 55 53 59 54 
89
0
42 38 41 33 40 
90
0
34 36 31 40 38 
91
0
17 24 19 21 19 
92
0
93 95 90 87 87 
93
0
53 52 52 44 50 
94
0
45 49 47 45 47 
95
0
40 45 39 43 39 
96
0
9 4 11 9 6 
97
0
12 13 8 4 5 
98
0
87 81 89 90 81 
99
0
94 93 94 93 97 
100
0
30 28 26 29 23 
101
0
74 69 69 68 65 
102
0
28 36 34 28 31 
103
0
61 55 56 57 56 
104
0
35 35 29 31 35 
105
0
39 33 29 29 36 
106
0
46 49 50 47 41 
107
0
9 8 12 13 10 
108
0
50 58 55 56 53 
109
0
55 57 52 52 48 
110
0
17 18 9 14 8 
111
0
52 59 60 54 53 
112
0
34 35 35 42 37 
113
0
58 49 53 49 53 
114
0
26 28 28 22 30 
115
0
93 90 90 93 96 
116
0
24 26 27 30 30 
117
0
37 33 30 36 27 
118
0
15 21 16 19 18 
119
0
66 67 66 72 74 
120
0
60 69 60 64 60 
121
0
16 19 24 23 22 
122
0
87 87 91 85 89 
123
0
74 70 74 74 78 
124
0
71 69 71 78 70 
125
0
43 45 42 37 42 
126
0
41 38 33 41 38 
127
0
72 74 78 78 78 
128
0
27 25 24 32 23 
129
0
9 10 14 6 14 
130
0
56 62 65 56 65 
131
0
57 64 58 59 60 
132
0
70 68 69 68 67 
133
0
54 57 57 51 55 
134
0
46 54 48 57 51 
135
0
54 49 53 50 53 
136
0
24 24 24 30 29 
137
0
58 53 52 59 61 
138
0
51 55 58 58 54 
139
0
83 85 94 94 91 
140
0
13 14 12 19 21 
141
0
36 29 28 30 28 
142
0
9 11 12 10 12 
143
0
32 30 31 26 27 
144
0
26 26 27 29 30 
145
0
67 71 68 70 67 
146
0
46 51 41 46 44 
147
0
80 86 78 81 87 
148
0
47 41 50 41 46 
149
0
35 34 35 39 33 
150
0
85 88 86 88 85 
151
0
57 59 62 53 61 
152
0
36 40 37 36 39 
153
0
32 39 35 31 35 
154
0
3 2 4 7 1 
155
0
100 93 91 91 93 
156
0
96 97 95 92 90 
157
0
65 63 69 64 66 
158
0
89 89 96 91 89 
159
0
63 60 69 63 59 
160
0
75 66 69 71 70 
161
0
17 22 21 22 14 
162
0
79 80 72 81 71 
163
0
41 45 36 43 37 
164
0
20 12 21 22 18 
165
0
77 80 83 85 81 
166
0
43 40 42 37 38 
167
0
78 73 69 68 75 
168
0
58 57 50 56 57 
169
0
50 47 40 45 40 
170
0
55 55 56 54 48 
171
0
30 31 27 30 32 
172
0
78 78 78 75 78 
173
0
47 46 51 46 45 
174
0
38 37 40 34 44 
175
0
92 92 85 82 87 
176
0
18 13 20 14 14 
177
0
61 59 61 60 66 
178
0
73 75 77 72 67 
179
0
8 7 12 13 7 
180
0
54 52 59 50 53 
181
0
55 55 60 64 58 
182
0
39 43 40 40 42 
183
0
80 79 82 77 79 
184
0
10 16 12 18 13 
185
0
83 78 75 77 75 
186
0
24 30 22 22 24 
187
0
88 85 81 83 87 
188
0
75 70 75 76 69 
189
0
27 31 36 36 37 
190
0
76 72 76 69 78 
191
0
62 64 59 61 61 
192
0
37 42 44 42 36 
193
0
33 34 32 29 39 
194
0
43 45 42 44 37 
195
0
42 50 51 47 44 
196
0
59 55 65 58 60 
197
0
64 67 71 65 65 
198
0
60 64 65 64 59 
199
0
42 43 41 45 44 
