50
5
5005101
0
0
26 26 18 25 25 
1
0
11 7 9 12 10 
2
0
54 53 54 49 46 
3
0
7 11 14 12 13 
4
0
76 73 72 76 75 
5
0
65 71 70 65 68 
6
0
93 85 94 89 88 
7
0
27 30 29 33 33 
8
0
85 92 91 84 89 
9
0
50 53 50 50 52 
10
0
10 14 10 14 11 
11
0
16 22 19 19 16 
12
0
42 38 39 44 40 
13
0
77 73 75 76 75 
14
0
57 53 56 60 60 
15
0
90 91 90 84 84 
16
0
87 80 79 86 86 
17
0
85 83 84 91 87 
18
0
43 40 42 41 40 
19
0
76 79 82 79 80 
20
0
78 77 81 80 82 
21
0
73 67 69 73 70 
22
0
21 21 20 18 21 
23
0
38 34 39 39 38 
24
0
36 32 40 31 37 
25
0
62 70 70 69 67 
26
0
22 15 19 14 17 
27
0
71 74 77 73 73 
28
0
5 13 9 7 5 
29
0
37 36 29 37 39 
30
0
58 62 63 62 68 
31
0
49 49 44 46 42 
32
0
36 30 36 29 28 
33
0
64 57 58 66 67 
34
0
69 61 65 63 64 
35
0
14 14 13 12 5 
36
0
15 21 15 13 21 
37
0
18 16 18 9 16 
38
0
62 62 64 62 60 
39
0
39 40 40 43 43 
40
0
23 22 17 24 22 
41
0
79 74 78 71 74 
42
0
86 86 89 91 90 
43
0
51 43 51 43 51 
44
0
48 49 44 46 47 
45
0
36 34 39 35 28 
46
0
86 81 88 89 90 
47
0
66 63 71 69 65 
48
0
28 27 32 32 27 
49
0
54 55 60 59 52 
