100
20
10020028
0
0
41 43 40 45 40 42 43 38 49 44 44 38 44 39 46 45 38 44 39 40 
1
0
77 80 83 74 81 76 75 77 75 80 76 81 73 74 74 75 76 80 78 77 
2
0
47 45 47 47 43 46 46 42 48 46 43 42 49 49 42 48 43 44 46 51 
3
0
7 3 5 2 4 10 2 2 5 5 9 3 6 11 3 2 7 7 10 5 
4
0
59 54 57 62 56 54 55 58 61 58 61 61 53 58 59 61 53 51 58 57 
5
0
29 25 23 28 25 23 27 25 24 25 20 21 29 28 27 29 20 20 21 21 
6
0
29 19 19 21 22 24 20 20 26 20 27 23 27 27 21 28 27 25 26 19 
7
0
61 59 63 56 56 62 61 60 58 62 57 64 58 54 63 54 55 61 54 62 
8
0
8 15 12 10 7 16 10 16 14 14 14 14 10 11 13 14 16 12 15 11 
9
0
67 60 60 70 63 66 65 65 60 69 60 62 65 60 69 64 70 68 69 70 
10
0
79 86 81 90 81 80 81 79 83 85 84 87 84 86 80 89 82 80 82 85 
11
0
11 17 19 19 14 11 15 10 19 13 14 17 19 18 18 11 10 19 12 15 
12
0
87 81 80 80 78 85 83 81 86 84 78 77 81 85 87 82 85 83 77 86 
13
0
29 23 26 26 25 33 29 33 25 25 27 28 26 33 24 26 28 32 28 24 
14
0
45 50 47 48 50 46 41 47 45 41 46 49 44 49 45 52 52 43 45 46 
15
0
59 57 62 59 55 55 61 57 60 58 55 54 54 63 61 60 57 56 58 60 
16
0
21 18 19 15 25 24 17 23 23 18 24 16 18 21 22 26 24 19 26 23 
17
0
52 61 52 52 53 56 51 60 61 58 51 60 57 59 53 54 57 54 55 56 
18
0
82 89 87 86 90 88 85 86 85 89 82 90 91 86 90 82 84 86 89 88 
19
0
49 49 52 51 46 53 45 49 50 48 48 51 49 50 47 44 48 45 53 53 
20
0
44 48 39 38 46 45 41 40 44 37 41 46 39 43 41 37 45 44 46 39 
21
0
20 13 21 18 22 21 20 23 23 17 15 16 16 23 21 18 19 17 22 22 
22
0
77 79 81 73 73 72 72 75 72 75 81 71 71 79 75 74 72 81 73 75 
23
0
23 13 17 21 18 16 17 14 19 14 16 18 20 20 15 22 20 14 15 16 
24
0
51 47 51 46 50 50 47 53 52 55 51 46 45 51 48 45 52 45 52 51 
25
0
10 8 12 13 11 12 9 13 10 5 12 6 14 12 13 4 9 14 9 7 
26
0
35 37 41 40 37 36 33 38 33 43 33 42 36 34 42 35 33 41 35 36 
27
0
50 49 53 50 52 44 49 51 50 47 48 48 47 50 50 44 45 53 53 44 
28
0
31 22 23 27 29 21 28 25 29 28 28 23 31 28 31 22 29 31 30 23 
29
0
91 96 94 88 88 97 96 96 93 88 90 92 97 96 93 94 91 91 90 93 
30
0
4 6 9 7 9 3 10 8 1 10 5 10 8 11 8 4 5 11 3 7 
31
0
42 46 47 41 46 40 45 46 46 46 39 39 39 45 46 44 43 49 39 49 
32
0
87 80 85 85 81 82 89 81 85 88 80 88 82 89 80 86 87 82 81 84 
33
0
18 14 14 16 18 20 15 14 18 18 17 18 15 19 20 15 19 15 18 12 
34
0
12 6 7 5 14 6 5 6 12 6 14 10 12 11 9 8 7 9 6 11 
35
0
41 43 42 40 38 39 35 43 34 38 36 43 41 44 40 38 37 41 35 42 
36
0
22 16 21 13 21 22 13 21 12 15 12 18 21 17 21 19 11 17 21 15 
37
0
9 9 12 4 7 5 7 13 8 13 3 5 4 5 13 6 4 4 4 5 
38
0
17 10 14 13 13 20 14 12 14 16 16 12 15 13 11 11 11 14 20 11 
39
0
82 89 91 88 88 84 91 84 92 83 85 90 88 85 86 82 88 89 83 91 
40
0
76 80 85 77 78 78 74 79 77 84 80 75 84 79 83 76 78 76 79 82 
41
0
61 61 59 58 59 63 65 60 59 63 65 58 63 65 63 67 61 59 58 68 
42
0
15 18 24 17 24 23 17 20 18 17 14 16 14 14 22 18 16 20 14 24 
43
0
54 51 55 57 55 59 60 58 51 59 51 57 52 58 54 55 59 54 55 59 
44
0
74 84 78 75 82 73 78 75 80 78 82 79 82 83 77 74 82 84 81 76 
45
0
57 52 58 50 56 51 54 49 50 52 55 50 58 59 56 49 58 51 58 58 
46
0
33 34 41 34 40 44 40 37 40 34 44 38 37 43 38 37 38 43 44 35 
47
0
71 69 75 73 77 67 71 72 70 76 75 71 74 74 70 69 75 74 69 76 
48
0
42 40 47 46 41 40 40 37 45 41 41 41 37 42 38 42 46 40 47 44 
49
0
93 93 87 89 94 88 91 93 86 92 87 86 88 94 89 84 84 92 88 87 
50
0
36 36 42 44 39 38 38 44 36 45 45 38 42 40 38 40 36 40 42 44 
51
0
18 17 12 14 21 15 18 11 19 17 17 19 13 11 17 18 19 14 15 11 
52
0
76 70 72 70 70 69 70 73 70 77 69 68 71 68 76 69 71 73 71 77 
53
0
21 26 28 20 26 18 25 20 23 19 18 20 22 28 23 22 20 18 21 26 
54
0
30 26 27 22 25 23 29 32 30 28 21 24 26 31 26 26 25 30 29 32 
55
0
82 85 78 79 83 84 81 83 82 80 83 83 77 75 78 78 76 84 83 83 
56
0
17 21 22 20 20 20 16 17 26 20 22 22 26 19 23 23 21 25 21 21 
57
0
53 60 61 63 63 54 54 59 56 53 57 62 62 60 63 61 62 54 61 56 
58
0
47 48 50 47 47 42 46 46 46 48 48 42 42 49 46 42 46 43 47 41 
59
0
73 64 73 69 70 74 70 68 67 64 69 65 68 64 67 70 68 74 74 72 
60
0
87 86 86 77 79 77 85 82 80 77 82 87 84 81 86 86 80 83 85 86 
61
0
66 63 69 68 59 66 67 62 67 62 67 59 59 69 63 68 63 68 60 66 
62
0
44 36 44 40 43 36 41 39 37 44 42 45 36 38 44 38 37 38 42 38 
63
0
86 91 92 83 86 89 88 85 87 89 88 89 92 89 92 88 92 90 93 94 
64
0
25 26 34 25 26 31 25 24 32 35 25 29 34 33 31 30 26 26 34 29 
65
0
44 34 37 35 34 37 36 42 39 41 33 43 43 40 37 36 42 43 41 41 
66
0
29 24 24 27 29 25 30 23 29 29 23 29 30 26 26 24 29 24 29 24 
67
0
34 35 33 41 35 36 41 41 36 32 40 39 41 36 36 33 36 32 37 33 
68
0
33 27 27 25 24 29 27 26 30 25 31 29 30 25 26 32 28 32 33 27 
69
0
88 95 94 96 88 96 98 94 94 90 91 95 91 89 90 88 90 98 97 98 
70
0
10 7 13 14 5 5 11 12 8 14 5 12 5 7 7 9 8 7 7 12 
71
0
80 79 88 85 78 77 79 78 82 84 87 87 85 85 80 78 79 87 85 80 
72
0
29 28 25 25 32 34 33 31 24 29 26 34 33 24 33 32 31 26 35 32 
73
0
72 64 73 66 73 65 66 71 69 64 71 64 73 68 63 70 70 68 71 66 
74
0
28 29 30 28 29 25 27 34 32 35 25 32 26 30 32 30 34 31 33 25 
75
0
28 29 27 30 26 31 25 24 31 32 27 33 32 29 31 34 29 26 33 25 
76
0
41 41 44 44 46 49 46 46 41 47 50 39 50 48 43 46 48 45 47 41 
77
0
66 62 69 65 60 63 63 66 63 64 68 64 63 59 65 60 61 64 63 59 
78
0
84 89 84 87 84 83 87 82 91 86 89 81 90 83 86 83 83 82 86 86 
79
0
65 65 59 63 62 60 59 66 63 60 65 65 63 67 68 64 60 67 59 59 
80
0
14 17 9 18 13 17 19 10 17 10 9 10 10 9 15 18 12 8 17 13 
81
0
11 10 6 14 14 11 13 10 6 12 15 13 6 13 10 16 7 15 7 8 
82
0
22 19 19 22 22 21 25 21 18 27 17 24 20 19 18 21 19 25 26 19 
83
0
10 12 18 17 13 13 11 13 18 11 12 17 19 17 12 18 11 17 17 19 
84
0
37 36 34 41 38 40 37 35 33 38 42 41 36 36 40 42 40 35 40 37 
85
0
11 18 20 12 14 19 19 12 11 15 15 13 18 13 13 17 17 13 12 18 
86
0
12 10 3 3 6 1 5 9 6 12 1 12 9 9 8 4 5 10 3 5 
87
0
19 16 21 15 16 16 19 14 20 22 13 19 21 21 13 15 13 15 21 12 
88
0
29 30 28 22 28 21 23 24 26 27 24 29 27 28 29 27 23 26 29 22 
89
0
64 59 64 67 66 66 64 63 61 58 59 66 64 66 67 65 62 58 59 64 
90
0
99 94 91 95 98 93 96 100 96 98 97 95 95 91 94 100 90 100 97 98 
91
0
23 30 30 33 27 29 28 30 30 28 29 34 27 24 33 31 30 27 30 25 
92
0
61 63 65 66 67 68 65 65 67 65 63 63 58 59 67 64 59 60 60 66 
93
0
55 57 48 54 56 55 56 56 55 48 49 50 55 58 56 50 57 50 51 55 
94
0
38 40 32 39 33 34 31 31 32 35 33 41 31 32 41 39 35 34 36 40 
95
0
16 15 16 8 9 13 16 19 9 17 15 17 14 9 10 13 18 9 18 18 
96
0
73 63 72 66 70 70 71 67 74 63 73 72 67 65 74 66 71 65 72 66 
97
0
66 63 71 65 63 70 62 65 65 70 64 69 65 63 67 63 68 63 66 63 
98
0
13 13 4 11 13 14 12 10 5 8 5 9 15 13 13 12 11 6 5 6 
99
0
37 38 38 38 43 43 46 41 38 42 43 43 45 44 39 38 36 39 38 45 
