50
20
5020002
0
0
29 32 4 19 56 12 31 53 33 78 58 80 49 79 31 37 6 48 11 86 
1
0
95 42 13 53 78 58 38 91 34 99 79 73 68 98 83 30 59 45 57 68 
2
0
23 14 68 89 38 67 96 98 4 7 45 12 17 41 20 87 5 39 55 54 
3
0
58 88 43 54 72 11 40 52 5 95 79 71 91 83 83 67 33 71 51 24 
4
0
60 91 59 1 44 13 24 38 75 11 53 2 65 75 15 96 97 81 93 8 
5
0
55 48 30 42 91 89 71 62 95 90 56 53 19 33 23 23 28 15 12 91 
6
0
7 24 36 29 30 41 22 31 11 67 71 55 80 87 10 18 65 42 65 48 
7
0
24 36 91 9 6 52 60 83 37 76 96 32 42 34 15 99 44 60 3 69 
8
0
32 49 27 6 53 5 29 13 58 5 88 54 27 40 82 47 70 56 42 8 
9
0
21 5 20 5 81 47 65 76 69 94 75 67 35 82 93 73 73 80 17 84 
10
0
20 33 92 13 68 88 55 96 58 64 71 45 17 72 99 74 95 56 76 3 
11
0
23 94 60 60 66 58 90 88 57 27 78 67 1 50 63 4 94 7 10 60 
12
0
70 69 3 91 95 19 7 41 59 32 89 28 18 45 96 3 63 77 52 4 
13
0
7 1 93 9 81 96 52 30 80 34 34 23 69 27 79 55 86 38 3 40 
14
0
51 38 69 47 70 89 92 82 88 62 26 31 21 77 99 30 87 90 46 34 
15
0
3 94 54 77 95 87 26 39 64 8 53 90 6 84 42 67 30 78 48 1 
16
0
25 95 28 86 64 36 49 41 20 17 39 23 94 21 71 76 8 67 58 72 
17
0
91 32 3 86 49 36 62 5 40 67 6 30 66 81 82 64 7 62 36 44 
18
0
34 43 47 53 29 37 35 88 38 88 64 50 99 33 11 84 15 56 60 69 
19
0
17 51 12 26 90 43 71 4 59 20 95 35 38 91 26 58 77 13 79 31 
20
0
43 62 67 69 98 44 50 19 13 9 55 8 65 64 42 17 63 32 30 18 
21
0
39 35 6 59 82 11 74 93 63 77 85 94 34 87 62 39 35 67 15 78 
22
0
92 19 1 80 6 78 46 32 63 45 19 42 29 4 45 89 39 61 87 11 
23
0
7 39 2 6 37 54 47 22 24 13 59 71 43 42 36 89 73 73 28 12 
24
0
48 97 4 24 48 66 99 85 57 93 37 87 19 62 58 64 62 85 89 17 
25
0
52 97 77 65 64 45 36 17 20 44 59 3 80 29 5 25 56 72 78 57 
26
0
93 25 32 47 25 97 73 45 35 99 57 71 84 19 29 41 53 66 66 95 
27
0
50 70 72 30 94 88 17 89 98 11 30 70 95 83 53 52 42 62 99 93 
28
0
60 12 82 47 23 13 64 17 14 26 82 27 63 95 89 78 32 74 51 46 
29
0
19 37 11 48 98 11 78 17 65 60 73 49 59 23 73 71 75 16 98 26 
30
0
39 50 89 90 73 11 16 80 98 86 78 70 50 5 27 49 53 60 14 57 
31
0
68 44 90 75 55 48 64 73 93 88 61 27 98 15 32 92 24 11 51 55 
32
0
55 89 30 45 59 5 16 51 97 23 97 18 27 67 85 22 19 15 33 70 
33
0
95 98 36 35 18 67 92 49 58 63 40 59 86 79 28 28 14 16 72 62 
34
0
53 34 58 50 4 80 99 56 69 2 21 33 17 46 9 8 77 61 9 40 
35
0
47 22 96 32 72 63 49 70 23 19 5 76 39 67 72 43 89 6 8 89 
36
0
87 53 98 5 98 7 66 20 66 84 88 99 23 21 9 14 61 95 28 76 
37
0
16 68 97 68 49 13 46 92 57 96 10 65 16 17 12 17 14 4 52 72 
38
0
66 55 3 98 34 94 62 23 78 2 2 61 66 46 84 53 15 51 31 33 
39
0
85 29 50 10 51 80 36 75 53 11 79 72 15 94 87 19 43 11 79 9 
40
0
70 75 40 83 44 34 78 45 42 76 26 32 92 35 29 62 84 12 13 98 
41
0
40 21 22 51 21 83 70 81 29 61 10 87 24 79 71 30 38 72 95 54 
42
0
66 25 73 76 48 72 62 77 99 77 42 94 6 11 76 32 60 62 75 77 
43
0
80 2 14 28 20 17 44 30 26 58 68 33 78 76 84 43 67 57 30 80 
44
0
55 37 55 5 20 42 89 91 34 80 4 96 92 13 31 43 3 5 57 23 
45
0
28 13 62 72 59 84 7 72 85 52 98 72 60 9 60 90 54 22 68 87 
46
0
55 29 54 50 60 88 56 96 27 32 9 89 1 38 72 75 19 75 20 43 
47
0
55 10 51 54 79 81 74 11 87 38 97 78 88 77 81 48 61 14 63 16 
48
0
58 25 7 9 38 7 30 46 79 41 58 7 22 56 53 60 87 31 86 36 
49
0
13 80 2 53 7 5 47 41 34 35 27 89 26 25 28 2 48 2 72 56 
