50
20
5020003
0
0
27 37 27 28 35 27 36 37 28 33 34 32 27 32 32 36 36 34 29 35 
1
0
13 18 11 8 8 9 8 17 11 12 16 7 10 16 13 17 14 10 18 12 
2
0
40 37 38 36 39 44 41 35 44 38 36 37 41 42 37 39 35 37 39 37 
3
0
33 34 32 34 33 36 30 37 34 32 35 34 31 37 39 31 33 35 39 37 
4
0
28 22 23 25 21 30 24 25 25 29 30 27 29 25 21 25 25 29 26 27 
5
0
79 88 86 85 87 81 84 87 81 82 82 80 80 80 86 81 78 82 78 83 
6
0
34 23 28 32 29 28 24 34 27 29 25 30 27 34 25 26 26 29 24 31 
7
0
10 12 14 12 7 15 10 7 11 15 14 16 11 8 10 10 12 14 10 7 
8
0
50 52 48 53 45 47 43 51 48 46 53 46 45 46 46 45 49 51 50 46 
9
0
89 86 90 87 95 88 91 88 92 90 89 91 90 93 89 88 95 92 93 88 
10
0
30 28 30 30 31 29 26 24 34 33 28 30 29 26 25 34 31 29 34 30 
11
0
41 43 45 48 42 50 47 40 43 47 50 40 46 49 46 50 40 47 41 46 
12
0
49 45 43 41 42 43 43 46 44 43 40 47 45 46 46 45 49 44 40 42 
13
0
77 81 81 80 79 77 76 78 75 80 73 78 75 79 79 84 75 84 81 77 
14
0
69 59 63 67 68 58 60 65 59 62 62 63 68 69 67 62 63 65 60 61 
15
0
93 94 95 92 89 89 88 94 87 95 86 94 87 88 90 86 92 90 91 95 
16
0
90 95 91 89 88 86 86 91 84 84 92 91 94 85 91 88 86 88 93 95 
17
0
24 19 25 26 24 27 20 20 24 16 18 26 26 20 18 19 16 26 18 20 
18
0
78 76 72 76 70 76 75 75 68 72 75 70 74 70 71 73 70 68 75 77 
19
0
64 67 64 65 59 59 66 64 59 56 63 64 57 63 57 64 59 62 57 66 
20
0
17 17 25 16 20 23 25 25 19 23 19 17 22 19 19 22 23 18 16 27 
21
0
10 12 7 14 6 4 5 14 7 4 10 13 8 11 10 3 6 7 8 5 
22
0
52 54 56 55 54 62 55 53 54 56 54 56 60 51 59 58 55 62 60 53 
23
0
69 74 72 66 68 73 67 68 69 67 70 70 70 70 74 75 66 66 71 64 
24
0
25 22 18 27 21 26 25 21 27 19 23 27 25 18 17 28 21 27 24 26 
25
0
52 58 54 57 62 60 55 55 53 55 62 54 57 62 60 54 54 52 56 55 
26
0
77 76 71 78 76 77 78 78 81 72 80 82 81 77 72 79 77 76 73 72 
27
0
76 76 77 81 81 75 84 79 84 79 82 79 85 84 80 82 77 84 83 80 
28
0
74 74 73 73 79 79 76 77 71 80 76 76 78 74 78 78 78 78 77 75 
29
0
49 47 47 50 49 44 41 49 44 49 45 43 47 44 47 48 46 45 44 49 
30
0
71 73 68 67 69 66 66 76 69 75 75 71 73 72 70 71 70 70 68 72 
31
0
18 15 23 18 17 17 24 21 16 15 15 24 22 13 23 15 17 14 19 14 
32
0
37 46 41 47 44 45 41 44 38 44 40 48 43 39 46 39 42 46 48 38 
33
0
35 37 31 35 38 39 41 36 38 35 39 38 33 38 36 41 31 32 34 40 
34
0
28 23 26 30 32 26 27 33 32 25 30 30 22 26 27 31 29 27 28 31 
35
0
23 26 25 28 23 30 27 30 32 32 32 30 31 33 27 25 24 28 25 25 
36
0
63 71 66 63 63 70 69 70 62 62 66 63 71 64 72 66 62 70 64 64 
37
0
3 7 9 3 5 6 8 11 2 8 12 11 12 6 3 5 6 11 7 9 
38
0
16 25 17 26 22 25 25 16 19 18 23 20 22 20 24 18 21 25 24 16 
39
0
80 78 84 85 84 87 83 77 86 82 80 76 85 76 83 80 84 81 82 77 
40
0
92 95 88 95 95 93 93 92 88 91 95 89 92 89 89 97 88 87 90 90 
41
0
90 95 89 99 96 89 98 90 91 99 97 99 91 92 90 91 91 95 100 97 
42
0
55 55 52 59 57 56 62 62 53 59 52 59 61 56 62 59 56 57 62 54 
43
0
62 68 65 63 65 68 68 59 69 65 68 67 69 61 67 64 63 66 62 64 
44
0
63 66 67 59 61 64 67 68 63 68 62 67 68 62 68 62 64 65 66 63 
45
0
92 98 96 91 90 89 89 89 93 98 98 91 97 95 89 95 95 90 98 95 
46
0
68 70 69 65 67 67 72 72 68 72 70 65 73 73 64 67 74 66 67 71 
47
0
4 3 5 5 9 2 9 5 3 2 1 10 4 1 2 8 10 11 11 8 
48
0
65 59 57 58 61 60 61 66 63 65 58 60 60 65 62 57 61 63 61 60 
49
0
77 76 81 77 82 82 85 81 84 74 80 78 75 78 76 85 83 81 83 84 
