10
20
1020005
0
0
98 4 78 80 89 51 68 74 78 94 74 75 60 91 73 46 83 95 38 93 
1
0
20 30 60 81 21 79 87 91 31 80 6 25 29 12 78 85 82 76 43 52 
2
0
21 80 12 37 22 12 39 82 14 31 6 30 61 51 84 6 40 56 52 61 
3
0
43 72 87 5 72 35 20 36 85 74 15 68 20 54 34 34 36 34 55 80 
4
0
25 14 46 21 21 8 88 99 42 81 15 40 95 92 12 27 82 19 24 19 
5
0
47 84 98 55 96 18 69 7 43 42 76 61 53 78 8 68 48 63 43 19 
6
0
74 73 65 50 57 17 73 26 68 45 85 67 93 35 87 4 49 77 61 56 
7
0
41 19 61 48 69 90 1 91 86 6 99 61 22 40 48 8 17 23 86 64 
8
0
73 88 42 9 53 81 28 36 4 96 51 74 73 29 20 81 26 15 36 13 
9
0
43 42 91 27 81 91 43 49 10 58 22 46 91 40 29 47 35 70 34 46 
