30
5
3005003
0
0
52 36 91 3 30 
1
0
49 36 86 3 32 
2
0
47 39 85 12 38 
3
0
48 45 81 13 39 
4
0
47 44 87 4 33 
5
0
49 44 85 3 37 
6
0
52 39 83 2 34 
7
0
55 45 84 3 34 
8
0
57 42 84 2 35 
9
0
56 42 88 5 34 
10
0
55 43 82 13 39 
11
0
51 42 86 6 34 
12
0
50 39 82 9 32 
13
0
51 39 87 9 36 
14
0
54 38 86 6 35 
15
0
57 42 88 5 32 
16
0
47 39 91 12 35 
17
0
49 42 86 9 39 
18
0
48 37 84 3 40 
19
0
53 40 86 11 39 
20
0
47 45 83 13 32 
21
0
53 45 83 8 39 
22
0
52 39 90 12 33 
23
0
47 43 90 12 37 
24
0
53 38 83 8 38 
25
0
55 45 91 5 32 
26
0
52 37 82 4 39 
27
0
50 47 84 4 41 
28
0
56 39 81 11 41 
29
0
56 45 90 7 33 
