50
10
5010002
0
0
21 37 99 87 75 17 88 8 63 67 
1
0
58 10 95 58 71 79 97 36 72 67 
2
0
18 39 56 59 92 15 75 66 50 44 
3
0
8 82 16 96 57 75 10 13 85 67 
4
0
92 27 39 50 74 36 83 36 14 85 
5
0
96 41 74 73 75 65 54 68 7 89 
6
0
62 7 30 17 4 47 14 33 78 16 
7
0
59 79 38 55 70 90 81 66 28 62 
8
0
35 41 77 71 19 43 94 3 56 77 
9
0
28 40 39 32 53 27 28 69 1 58 
10
0
18 80 32 70 52 68 84 58 11 16 
11
0
7 71 68 29 1 50 67 38 60 13 
12
0
5 77 19 77 56 69 95 31 98 46 
13
0
34 67 56 58 34 59 63 50 99 17 
14
0
89 95 20 71 7 84 27 46 4 6 
15
0
3 18 15 4 53 16 36 90 85 56 
16
0
75 51 61 89 44 83 4 27 84 96 
17
0
92 98 51 65 14 89 74 18 66 64 
18
0
18 78 37 66 13 75 10 55 74 17 
19
0
74 2 84 13 98 20 46 29 37 57 
20
0
57 55 77 80 67 84 84 95 10 33 
21
0
66 93 17 11 95 65 39 42 58 3 
22
0
16 37 1 7 82 25 49 31 2 66 
23
0
70 21 8 7 43 40 40 38 36 39 
24
0
81 50 27 60 26 97 67 37 67 34 
25
0
23 51 58 27 21 11 88 67 9 36 
26
0
29 45 35 89 45 32 34 19 92 93 
27
0
31 85 61 21 45 24 97 51 17 96 
28
0
61 97 86 94 68 53 80 96 76 16 
29
0
28 32 71 40 65 55 30 7 89 53 
30
0
18 33 99 66 90 43 73 48 34 49 
31
0
70 78 32 75 37 32 38 94 19 42 
32
0
3 22 94 99 11 81 98 39 23 87 
33
0
31 44 89 61 23 32 27 86 75 10 
34
0
71 86 44 4 56 27 4 77 76 57 
35
0
13 78 71 83 11 37 18 17 66 81 
36
0
49 29 57 12 66 51 73 29 73 54 
37
0
5 56 64 46 26 68 83 75 2 41 
38
0
29 97 16 72 2 84 20 42 28 44 
39
0
47 57 74 50 91 1 14 73 2 96 
40
0
31 80 32 21 40 79 94 53 69 21 
41
0
90 98 14 94 94 53 33 3 70 10 
42
0
6 10 27 83 16 35 26 51 67 74 
43
0
24 28 62 66 70 48 36 88 58 92 
44
0
36 23 50 61 61 43 22 5 46 11 
45
0
42 31 95 27 40 47 53 93 78 84 
46
0
20 48 34 83 44 77 58 46 71 60 
47
0
48 98 52 16 75 64 12 87 12 70 
48
0
48 8 80 78 49 98 69 15 61 39 
49
0
2 85 87 56 56 35 13 15 9 13 
