20
10
2010004
0
0
73 48 15 34 9 14 94 66 92 92 
1
0
48 89 1 4 90 78 28 56 83 15 
2
0
72 41 30 91 15 2 21 96 4 85 
3
0
60 8 24 49 91 40 12 24 98 27 
4
0
28 83 94 59 21 77 45 18 23 18 
5
0
84 95 91 12 79 46 22 69 34 12 
6
0
86 80 31 52 22 72 33 31 51 38 
7
0
79 73 86 48 2 18 68 61 84 62 
8
0
49 37 13 93 34 32 50 9 22 45 
9
0
46 90 67 93 70 4 74 20 84 71 
10
0
71 51 57 27 64 94 78 22 47 17 
11
0
98 11 76 26 11 22 57 8 77 33 
12
0
67 57 56 53 6 75 8 43 37 81 
13
0
8 86 85 71 20 90 61 77 74 85 
14
0
10 53 5 38 66 57 10 13 5 52 
15
0
51 11 14 96 32 98 48 52 91 26 
16
0
94 6 88 47 99 36 47 94 31 38 
17
0
39 11 72 1 75 40 92 62 37 32 
18
0
99 11 92 71 79 89 46 87 1 70 
19
0
17 19 54 22 84 32 46 93 46 5 
