200
5
20005018
0
0
60 64 69 46 53 
1
0
52 62 74 44 56 
2
0
53 59 76 44 58 
3
0
53 68 73 44 58 
4
0
56 65 76 51 60 
5
0
55 66 72 51 52 
6
0
61 65 68 51 59 
7
0
60 61 69 47 51 
8
0
53 67 72 45 55 
9
0
62 69 72 52 55 
10
0
61 61 76 43 60 
11
0
59 63 70 48 53 
12
0
59 66 68 46 55 
13
0
62 67 75 46 52 
14
0
61 64 73 43 57 
15
0
57 68 71 51 51 
16
0
55 68 73 43 57 
17
0
62 68 75 45 57 
18
0
53 63 76 49 59 
19
0
56 64 76 51 60 
20
0
56 65 66 43 57 
21
0
55 65 66 48 60 
22
0
60 62 76 51 55 
23
0
61 66 72 48 50 
24
0
58 66 67 52 57 
25
0
54 68 73 44 55 
26
0
58 62 68 46 57 
27
0
58 65 70 49 58 
28
0
56 62 76 42 52 
29
0
58 66 75 51 60 
30
0
56 66 76 44 51 
31
0
60 63 74 42 53 
32
0
56 64 73 48 60 
33
0
55 65 74 49 60 
34
0
58 60 76 46 52 
35
0
61 66 73 50 51 
36
0
55 65 67 50 57 
37
0
59 66 71 43 52 
38
0
58 67 73 45 54 
39
0
55 67 75 51 51 
40
0
53 66 70 49 51 
41
0
55 59 73 42 51 
42
0
51 64 72 45 52 
43
0
60 64 67 50 53 
44
0
55 65 73 44 59 
45
0
61 62 74 49 52 
46
0
51 60 67 45 54 
47
0
60 60 69 47 52 
48
0
51 67 69 47 60 
49
0
60 63 67 50 50 
50
0
57 58 68 49 61 
51
0
60 64 72 52 54 
52
0
54 63 70 49 58 
53
0
55 63 71 44 57 
54
0
57 63 72 52 60 
55
0
51 66 67 43 58 
56
0
53 65 75 52 53 
57
0
56 66 67 46 60 
58
0
56 65 71 42 53 
59
0
55 64 74 47 54 
60
0
57 64 73 45 59 
61
0
51 62 68 47 57 
62
0
59 67 77 44 52 
63
0
53 68 75 45 59 
64
0
56 65 72 44 51 
65
0
58 64 75 50 50 
66
0
53 66 73 52 57 
67
0
61 68 75 47 57 
68
0
57 61 71 45 59 
69
0
56 58 76 45 59 
70
0
57 69 68 49 58 
71
0
55 67 74 52 60 
72
0
55 68 76 44 58 
73
0
53 58 75 43 55 
74
0
52 66 68 51 51 
75
0
61 64 72 46 55 
76
0
62 61 69 46 55 
77
0
57 64 76 43 54 
78
0
60 67 69 49 50 
79
0
62 62 72 42 54 
80
0
57 62 75 44 51 
81
0
58 67 73 51 59 
82
0
59 65 73 45 57 
83
0
56 61 70 51 57 
84
0
55 64 74 45 51 
85
0
58 66 69 49 58 
86
0
52 58 72 42 60 
87
0
60 69 70 45 61 
88
0
52 58 66 47 57 
89
0
59 59 66 50 52 
90
0
59 63 68 46 52 
91
0
55 65 66 48 51 
92
0
58 59 75 48 60 
93
0
60 64 73 42 58 
94
0
55 68 73 50 53 
95
0
53 67 67 44 59 
96
0
56 65 69 42 56 
97
0
61 63 74 48 60 
98
0
59 69 76 45 52 
99
0
59 64 76 45 52 
100
0
55 64 73 51 60 
101
0
58 66 74 51 58 
102
0
61 63 70 48 59 
103
0
61 65 71 52 54 
104
0
60 64 73 45 61 
105
0
51 61 67 51 61 
106
0
61 64 67 44 54 
107
0
59 58 68 53 53 
108
0
59 58 75 51 54 
109
0
53 65 75 42 51 
110
0
61 63 67 50 56 
111
0
60 67 69 44 53 
112
0
55 59 71 42 52 
113
0
54 67 72 48 54 
114
0
58 58 66 50 50 
115
0
53 64 75 51 54 
116
0
61 68 69 43 58 
117
0
59 64 68 52 50 
118
0
59 61 71 50 52 
119
0
54 68 73 44 60 
120
0
60 63 69 44 59 
121
0
52 64 73 47 60 
122
0
53 63 73 51 60 
123
0
58 65 70 45 51 
124
0
59 65 69 49 58 
125
0
55 65 66 45 57 
126
0
62 63 75 47 54 
127
0
61 67 72 47 52 
128
0
53 58 74 42 55 
129
0
53 62 73 43 55 
130
0
59 61 72 49 55 
131
0
57 61 73 47 53 
132
0
54 64 76 49 59 
133
0
52 64 67 48 55 
134
0
55 63 76 47 51 
135
0
55 68 76 50 59 
136
0
55 64 72 51 58 
137
0
62 67 68 43 50 
138
0
54 59 72 42 61 
139
0
55 67 76 45 56 
140
0
59 62 68 47 54 
141
0
57 63 72 47 60 
142
0
58 61 67 42 57 
143
0
53 61 71 43 55 
144
0
52 64 71 52 54 
145
0
52 60 73 42 51 
146
0
54 62 68 45 60 
147
0
54 68 74 45 52 
148
0
55 62 72 50 55 
149
0
52 65 75 51 54 
150
0
57 64 67 42 50 
151
0
57 60 76 43 57 
152
0
55 66 71 45 52 
153
0
56 63 74 52 55 
154
0
60 64 70 46 51 
155
0
51 63 69 48 57 
156
0
60 66 66 47 61 
157
0
61 66 68 51 57 
158
0
59 61 71 49 56 
159
0
60 63 69 45 59 
160
0
60 65 69 49 51 
161
0
62 60 72 51 53 
162
0
58 64 75 44 52 
163
0
51 60 71 48 56 
164
0
57 61 72 47 52 
165
0
56 62 68 50 51 
166
0
54 58 75 50 60 
167
0
52 63 71 48 56 
168
0
58 68 72 52 50 
169
0
61 68 72 47 52 
170
0
58 68 66 43 56 
171
0
52 67 75 48 53 
172
0
61 68 71 48 58 
173
0
61 64 67 52 56 
174
0
60 68 69 44 55 
175
0
52 59 69 47 51 
176
0
55 68 75 45 59 
177
0
54 69 72 50 54 
178
0
55 60 66 44 56 
179
0
60 69 72 50 52 
180
0
51 63 70 46 52 
181
0
51 67 69 51 57 
182
0
53 64 71 47 56 
183
0
52 67 74 52 53 
184
0
60 68 74 49 57 
185
0
57 66 71 44 56 
186
0
58 63 75 42 54 
187
0
51 63 73 43 56 
188
0
57 61 67 44 60 
189
0
55 67 72 46 56 
190
0
55 64 66 42 51 
191
0
57 65 70 44 59 
192
0
53 63 75 44 52 
193
0
56 60 72 51 51 
194
0
52 67 75 52 56 
195
0
62 60 76 43 56 
196
0
52 68 73 43 54 
197
0
62 68 75 47 58 
198
0
52 63 73 43 50 
199
0
57 69 72 44 54 
