100
5
10005018
0
0
38 73 48 65 88 
1
0
37 72 48 58 80 
2
0
37 64 53 59 81 
3
0
36 70 47 60 82 
4
0
34 70 46 57 89 
5
0
30 67 48 63 82 
6
0
35 65 49 64 88 
7
0
36 68 48 65 90 
8
0
30 69 53 66 87 
9
0
30 67 52 63 90 
10
0
29 67 52 57 83 
11
0
30 68 48 63 82 
12
0
34 67 49 60 85 
13
0
34 68 48 60 82 
14
0
38 73 46 57 86 
15
0
35 70 54 62 90 
16
0
33 63 54 57 89 
17
0
33 63 48 56 91 
18
0
36 73 49 60 82 
19
0
35 66 48 57 83 
20
0
31 63 54 58 87 
21
0
38 68 46 66 88 
22
0
37 71 46 66 89 
23
0
38 71 45 60 88 
24
0
37 66 52 62 83 
25
0
32 72 54 66 88 
26
0
38 71 51 60 84 
27
0
28 71 52 62 82 
28
0
33 68 54 58 81 
29
0
31 72 51 64 83 
30
0
29 73 50 59 85 
31
0
38 64 47 59 86 
32
0
31 63 51 66 81 
33
0
33 73 48 64 87 
34
0
31 63 49 60 81 
35
0
30 66 50 66 89 
36
0
33 70 46 61 84 
37
0
37 70 51 62 90 
38
0
38 65 46 63 88 
39
0
33 68 54 64 87 
40
0
31 64 55 56 88 
41
0
31 63 55 55 88 
42
0
35 64 55 57 88 
43
0
28 64 46 66 84 
44
0
34 66 51 61 90 
45
0
35 67 50 58 88 
46
0
36 65 50 58 81 
47
0
29 72 49 63 88 
48
0
38 71 49 60 83 
49
0
28 64 54 57 89 
50
0
37 68 52 66 91 
51
0
33 66 50 62 82 
52
0
37 70 48 62 87 
53
0
34 65 45 65 82 
54
0
33 67 54 66 81 
55
0
29 67 53 62 91 
56
0
31 69 55 58 81 
57
0
32 71 50 63 86 
58
0
30 65 55 59 88 
59
0
33 71 50 59 91 
60
0
35 65 47 61 88 
61
0
32 65 48 66 84 
62
0
31 65 51 56 81 
63
0
28 69 54 62 85 
64
0
34 66 51 62 87 
65
0
34 73 53 64 81 
66
0
30 65 50 58 81 
67
0
32 66 51 66 82 
68
0
37 69 49 61 87 
69
0
33 72 46 64 88 
70
0
29 71 48 64 82 
71
0
32 67 46 66 85 
72
0
38 65 52 65 84 
73
0
30 68 50 61 90 
74
0
37 68 50 64 88 
75
0
32 70 45 56 82 
76
0
29 68 52 65 83 
77
0
37 69 45 60 87 
78
0
31 66 45 56 80 
79
0
38 66 55 59 84 
80
0
37 64 54 58 89 
81
0
34 64 46 62 88 
82
0
35 68 48 57 91 
83
0
29 73 46 65 81 
84
0
30 72 53 65 91 
85
0
33 71 55 62 81 
86
0
29 63 47 57 90 
87
0
28 64 54 59 84 
88
0
38 63 48 64 85 
89
0
38 69 50 63 83 
90
0
32 64 45 61 88 
91
0
37 66 46 66 90 
92
0
34 64 53 57 86 
93
0
28 66 49 56 87 
94
0
36 67 49 64 81 
95
0
33 63 51 66 85 
96
0
29 71 48 57 85 
97
0
29 64 54 59 80 
98
0
34 67 49 60 87 
99
0
38 64 45 65 89 
