100
10
10010026
0
0
38 41 39 41 33 40 36 38 33 39 
1
0
43 43 39 43 44 36 42 41 40 43 
2
0
51 52 54 56 55 50 47 48 48 49 
3
0
11 3 8 9 13 8 9 12 6 7 
4
0
85 89 82 88 84 85 82 81 85 87 
5
0
44 45 45 42 47 40 47 37 39 42 
6
0
46 48 41 40 49 40 43 41 48 48 
7
0
94 94 95 95 89 93 92 98 93 98 
8
0
43 41 37 40 33 36 37 35 36 42 
9
0
89 81 84 91 91 87 83 91 90 91 
10
0
14 13 8 12 9 5 7 9 8 12 
11
0
46 49 49 51 49 49 53 45 51 49 
12
0
80 79 84 85 79 81 80 82 79 80 
13
0
95 91 95 94 98 92 96 92 96 97 
14
0
55 48 58 57 54 53 56 59 50 52 
15
0
18 18 19 17 22 18 20 23 17 17 
16
0
74 77 79 79 76 75 81 81 81 74 
17
0
71 67 65 68 73 71 68 66 73 72 
18
0
87 93 92 85 94 89 91 90 88 87 
19
0
85 86 84 82 86 83 82 84 84 84 
20
0
53 54 51 58 55 56 51 49 48 47 
21
0
19 18 18 15 20 13 19 18 13 15 
22
0
33 34 29 34 35 37 28 30 35 35 
23
0
25 18 15 17 23 23 23 16 26 21 
24
0
45 50 40 48 48 41 48 46 47 46 
25
0
11 10 18 18 15 18 16 20 14 15 
26
0
51 52 44 46 45 44 53 54 52 46 
27
0
9 12 14 8 7 16 13 8 9 17 
28
0
93 93 92 95 88 86 88 93 86 91 
29
0
62 59 55 59 63 62 53 60 54 59 
30
0
73 70 73 72 72 73 74 67 73 75 
31
0
20 22 22 19 19 18 25 16 16 23 
32
0
76 79 83 79 82 84 83 75 81 80 
33
0
39 39 36 42 35 37 43 37 39 38 
34
0
74 77 72 76 76 75 74 79 78 76 
35
0
85 80 86 83 83 87 83 85 80 85 
36
0
86 87 89 81 87 91 82 86 85 83 
37
0
59 58 67 62 66 60 57 58 67 58 
38
0
69 71 75 73 71 71 72 76 78 73 
39
0
67 77 77 71 72 75 71 68 71 70 
40
0
30 40 32 38 31 32 36 38 34 36 
41
0
74 70 73 72 72 78 78 71 78 79 
42
0
49 48 45 45 49 41 40 43 43 46 
43
0
84 82 87 91 86 85 84 89 81 85 
44
0
52 54 59 53 58 60 52 53 53 52 
45
0
79 79 74 77 77 81 82 83 74 83 
46
0
68 67 63 69 68 60 71 70 61 65 
47
0
84 78 85 85 76 86 84 79 78 77 
48
0
57 60 57 57 58 52 61 53 55 56 
49
0
63 66 56 62 63 59 60 59 64 65 
50
0
8 17 15 10 12 16 12 8 11 8 
51
0
29 32 32 34 29 23 24 28 23 30 
52
0
70 72 71 74 72 69 70 76 73 79 
53
0
56 52 58 58 53 57 59 56 52 50 
54
0
8 6 10 4 10 9 8 4 9 9 
55
0
68 65 64 72 73 70 66 71 72 67 
56
0
88 93 87 93 86 94 89 94 87 86 
57
0
32 25 33 35 30 27 28 33 27 35 
58
0
13 12 13 5 10 13 14 13 5 8 
59
0
79 83 78 81 76 79 83 72 79 75 
60
0
53 61 52 52 56 56 52 56 58 52 
61
0
93 85 89 93 91 84 91 87 91 89 
62
0
85 88 88 84 82 86 80 88 83 80 
63
0
40 32 36 40 35 37 42 36 38 40 
64
0
63 54 55 63 64 61 64 62 61 56 
65
0
78 79 73 76 79 73 77 80 76 75 
66
0
40 46 43 40 40 46 43 43 41 39 
67
0
41 37 38 31 39 35 39 32 31 39 
68
0
88 87 84 85 86 85 88 93 85 92 
69
0
74 73 78 74 74 77 72 74 79 78 
70
0
44 44 43 40 39 40 41 43 42 39 
71
0
86 89 91 97 92 93 94 96 88 93 
72
0
16 10 7 7 16 12 13 15 9 11 
73
0
75 78 79 81 81 83 72 80 76 78 
74
0
60 65 61 65 58 62 60 60 66 67 
75
0
40 46 44 47 43 43 39 40 42 40 
76
0
54 55 60 55 62 57 60 53 61 64 
77
0
32 36 28 35 28 31 35 31 35 32 
78
0
98 96 93 94 90 96 96 94 99 89 
79
0
66 61 64 64 64 65 68 67 65 61 
80
0
15 16 20 11 21 13 18 14 15 12 
81
0
20 21 22 26 26 26 17 26 26 21 
82
0
65 68 64 64 62 70 63 73 68 71 
83
0
51 51 48 49 45 53 50 53 48 51 
84
0
67 74 68 77 74 74 75 70 74 71 
85
0
42 41 41 44 39 46 37 40 38 42 
86
0
49 56 54 52 54 56 52 50 50 48 
87
0
64 67 64 63 66 70 71 69 62 70 
88
0
49 53 53 48 45 49 44 49 51 49 
89
0
87 83 83 82 80 81 84 82 88 83 
90
0
82 87 81 86 89 87 81 86 87 85 
91
0
34 25 33 30 29 27 27 34 34 26 
92
0
58 54 49 56 57 55 49 58 52 58 
93
0
59 59 65 58 61 60 63 59 57 58 
94
0
76 75 71 71 72 72 73 70 80 73 
95
0
19 12 19 18 12 17 17 10 16 20 
96
0
23 23 24 22 16 18 15 17 22 24 
97
0
75 77 79 78 75 75 82 82 80 79 
98
0
20 18 25 21 20 17 22 23 25 20 
99
0
55 52 48 45 54 51 50 46 54 50 
