50
5
5005002
0
0
17 89 47 72 84 
1
0
89 44 37 11 68 
2
0
15 52 49 44 20 
3
0
82 29 51 19 50 
4
0
9 94 79 26 39 
5
0
17 87 47 39 18 
6
0
40 48 27 61 91 
7
0
27 51 11 28 53 
8
0
87 37 52 54 2 
9
0
81 58 99 95 39 
10
0
66 54 51 50 93 
11
0
98 10 22 13 18 
12
0
22 31 27 20 37 
13
0
48 51 87 33 60 
14
0
59 74 95 84 74 
15
0
53 30 94 66 32 
16
0
1 79 77 41 83 
17
0
44 32 75 55 46 
18
0
10 96 81 23 55 
19
0
53 27 70 56 52 
20
0
14 2 81 86 51 
21
0
80 22 23 87 2 
22
0
28 96 1 21 21 
23
0
52 13 61 8 46 
24
0
97 76 89 29 15 
25
0
58 28 48 57 49 
26
0
46 55 86 61 6 
27
0
71 44 6 66 21 
28
0
61 41 39 18 90 
29
0
33 30 2 86 48 
30
0
58 25 4 5 49 
31
0
71 95 3 25 27 
32
0
76 87 28 28 37 
33
0
98 16 17 24 25 
34
0
31 63 37 81 82 
35
0
95 7 9 59 29 
36
0
30 17 86 16 1 
37
0
99 50 97 85 15 
38
0
10 68 23 10 36 
39
0
77 70 86 20 61 
40
0
12 83 77 89 87 
41
0
15 38 9 17 32 
42
0
75 2 54 86 50 
43
0
46 90 86 85 45 
44
0
77 66 97 39 82 
45
0
98 40 12 5 80 
46
0
3 8 24 99 85 
47
0
94 43 3 46 73 
48
0
92 49 17 14 6 
49
0
95 88 30 7 81 
