200
10
20010018
0
0
60 47 30 55 49 66 35 22 34 63 
1
0
51 68 31 72 54 4 14 7 13 51 
2
0
10 22 99 13 26 91 43 93 61 49 
3
0
40 38 89 78 20 88 97 95 93 36 
4
0
2 39 10 3 3 5 63 59 77 98 
5
0
26 43 40 70 63 49 69 53 34 44 
6
0
62 76 33 2 45 57 57 53 65 63 
7
0
21 93 52 78 19 1 28 21 17 51 
8
0
31 76 6 70 14 76 53 6 61 90 
9
0
67 40 4 79 32 1 77 3 40 39 
10
0
47 35 8 30 37 38 65 76 96 36 
11
0
95 81 53 80 19 88 3 18 86 14 
12
0
53 49 36 50 85 22 39 92 91 27 
13
0
55 22 35 88 36 15 51 9 68 84 
14
0
28 5 78 95 92 83 24 40 34 90 
15
0
40 1 60 38 67 5 32 3 71 70 
16
0
26 16 4 65 91 90 84 66 22 16 
17
0
84 56 2 46 10 93 1 29 80 76 
18
0
8 46 28 60 4 27 46 47 72 98 
19
0
38 35 76 32 99 13 91 79 46 77 
20
0
86 60 82 10 66 66 1 6 17 1 
21
0
34 43 99 46 99 78 43 62 86 26 
22
0
23 25 77 25 59 84 15 97 53 33 
23
0
1 57 97 4 13 34 5 83 1 98 
24
0
71 48 46 95 4 76 9 89 21 93 
25
0
33 42 49 79 67 84 68 22 62 35 
26
0
12 12 29 74 9 80 67 83 90 76 
27
0
21 17 52 55 93 80 81 76 22 48 
28
0
62 8 88 37 11 1 36 58 77 70 
29
0
42 75 8 14 84 45 64 5 13 20 
30
0
21 79 22 84 46 8 30 49 28 85 
31
0
49 80 82 32 46 40 38 19 87 84 
32
0
13 41 21 10 73 9 8 58 40 96 
33
0
77 44 37 81 83 49 47 98 5 21 
34
0
76 31 68 82 96 61 55 91 17 33 
35
0
77 43 92 55 48 49 20 71 77 72 
36
0
13 84 72 28 63 94 29 72 83 5 
37
0
44 79 68 29 39 53 47 23 22 61 
38
0
92 26 39 42 4 62 68 45 76 96 
39
0
38 2 39 75 13 67 5 57 29 91 
40
0
55 29 33 77 83 83 63 34 15 47 
41
0
91 42 44 71 78 89 97 62 40 59 
42
0
63 36 53 68 70 86 35 98 60 90 
43
0
82 36 70 41 60 45 69 23 30 61 
44
0
41 36 56 54 5 12 82 81 76 1 
45
0
82 15 14 9 18 50 29 74 79 12 
46
0
8 23 91 3 98 42 92 91 56 67 
47
0
57 40 9 81 56 17 20 57 78 64 
48
0
35 63 39 34 12 77 19 98 99 9 
49
0
9 91 70 97 79 94 48 71 54 45 
50
0
30 81 40 3 65 34 97 71 3 95 
51
0
22 80 94 53 40 41 76 59 85 77 
52
0
70 76 42 83 25 84 70 50 76 28 
53
0
82 25 37 85 33 60 34 68 10 79 
54
0
70 29 23 75 40 4 55 65 30 8 
55
0
8 8 89 60 54 58 40 71 68 1 
56
0
59 87 78 54 54 67 61 91 56 9 
57
0
45 55 65 23 14 25 6 20 53 54 
58
0
48 91 76 34 31 97 52 81 1 77 
59
0
29 85 49 54 19 24 15 78 86 28 
60
0
66 19 33 49 55 72 92 67 65 38 
61
0
21 4 6 4 53 47 30 21 44 50 
62
0
49 26 68 91 55 19 39 30 39 29 
63
0
89 4 74 81 27 47 51 9 46 26 
64
0
42 87 47 34 44 26 25 4 43 63 
65
0
36 77 25 42 41 49 44 35 4 98 
66
0
38 92 90 15 9 19 77 94 76 30 
67
0
86 31 12 69 14 67 74 79 48 14 
68
0
70 2 72 66 88 80 14 47 41 42 
69
0
32 98 51 33 93 67 67 51 40 71 
70
0
97 11 19 56 41 43 31 7 40 91 
71
0
30 74 33 74 9 30 50 80 13 89 
72
0
81 27 31 90 3 79 63 20 52 21 
73
0
46 83 8 42 38 83 26 94 11 28 
74
0
88 73 56 27 45 10 91 74 49 19 
75
0
32 20 51 62 10 61 79 73 62 89 
76
0
81 8 35 82 27 5 83 41 9 86 
77
0
42 81 29 88 14 1 36 21 6 34 
78
0
10 56 9 30 87 34 14 55 79 76 
79
0
84 35 30 99 11 1 61 17 95 10 
80
0
8 62 9 42 5 15 65 66 70 8 
81
0
42 90 5 61 16 38 48 38 70 9 
82
0
98 44 72 15 79 69 74 63 5 15 
83
0
96 2 61 27 98 84 6 65 55 81 
84
0
73 87 87 3 39 19 28 36 38 13 
85
0
13 88 80 10 14 62 7 79 71 69 
86
0
78 76 57 51 13 9 93 4 65 96 
87
0
15 42 50 4 39 33 2 61 57 75 
88
0
15 8 61 54 5 18 32 55 80 37 
89
0
98 36 13 41 70 10 28 59 43 1 
90
0
71 80 18 13 64 2 74 72 96 38 
91
0
36 74 32 41 16 53 24 46 69 51 
92
0
43 17 58 10 2 9 13 74 40 99 
93
0
3 43 53 57 57 72 74 27 26 55 
94
0
43 6 86 65 52 31 33 63 48 69 
95
0
25 76 71 75 67 95 73 7 54 67 
96
0
63 96 56 42 62 66 8 22 21 82 
97
0
5 39 1 32 12 14 75 9 67 6 
98
0
47 69 11 92 53 56 3 97 6 27 
99
0
73 26 37 93 63 90 4 76 51 96 
100
0
23 20 76 70 31 99 79 77 68 44 
101
0
96 22 28 45 14 12 94 48 73 23 
102
0
72 10 96 95 91 61 32 39 80 80 
103
0
56 83 9 27 68 9 67 53 92 90 
104
0
51 67 83 31 85 30 8 23 14 53 
105
0
6 66 99 39 20 48 52 69 70 24 
106
0
5 60 99 69 58 94 23 63 86 56 
107
0
22 13 42 36 33 50 54 40 80 31 
108
0
94 74 30 13 13 45 38 3 40 39 
109
0
16 19 8 12 24 10 9 84 12 58 
110
0
1 87 96 32 92 94 91 55 52 55 
111
0
41 24 61 32 52 52 73 14 28 7 
112
0
78 99 78 11 6 55 3 98 46 76 
113
0
4 74 38 38 6 93 63 56 9 60 
114
0
57 37 43 48 40 42 13 63 87 80 
115
0
80 78 17 10 22 26 79 13 6 17 
116
0
1 23 30 87 25 35 87 88 79 6 
117
0
64 96 43 75 41 46 40 10 49 7 
118
0
32 50 78 59 30 23 33 19 45 2 
119
0
85 65 73 39 15 43 26 63 77 1 
120
0
28 55 36 43 85 50 2 51 34 98 
121
0
78 4 38 8 96 91 7 10 1 75 
122
0
7 45 37 53 9 46 27 50 45 32 
123
0
65 52 10 62 56 55 17 66 39 91 
124
0
7 8 60 86 24 46 74 55 11 90 
125
0
83 36 53 47 67 19 57 19 58 84 
126
0
84 30 6 58 62 25 23 98 81 8 
127
0
52 22 55 54 30 81 30 93 75 91 
128
0
39 90 66 57 64 95 3 32 54 98 
129
0
84 8 20 54 1 53 52 23 60 98 
130
0
12 24 29 53 48 89 40 7 99 52 
131
0
5 44 62 74 45 50 81 88 29 69 
132
0
25 33 25 77 15 73 99 88 6 32 
133
0
1 55 24 65 21 5 88 84 59 84 
134
0
17 1 87 53 68 92 15 78 36 88 
135
0
97 67 72 90 96 38 63 57 44 71 
136
0
6 92 78 93 29 52 39 35 21 96 
137
0
6 21 19 64 65 90 15 86 18 45 
138
0
90 23 66 92 70 61 9 21 56 57 
139
0
17 42 95 13 38 57 25 63 92 41 
140
0
90 96 72 82 9 42 71 6 77 57 
141
0
81 96 51 38 69 65 35 95 53 42 
142
0
25 6 77 49 64 6 73 27 5 67 
143
0
43 47 6 19 75 72 23 7 50 26 
144
0
69 6 6 60 27 63 26 59 6 4 
145
0
89 99 30 83 63 72 83 35 45 35 
146
0
18 3 21 44 88 40 32 47 55 95 
147
0
77 95 35 75 30 11 81 36 65 26 
148
0
93 19 13 8 7 84 5 60 2 59 
149
0
92 9 44 60 45 43 90 79 32 78 
150
0
23 12 71 42 31 62 23 75 58 17 
151
0
7 39 56 2 23 64 48 90 36 92 
152
0
70 67 16 55 32 33 9 80 26 57 
153
0
16 38 29 65 73 33 22 9 77 37 
154
0
72 21 95 65 33 17 7 95 59 52 
155
0
15 43 87 27 44 77 65 37 41 45 
156
0
58 6 26 38 86 86 17 24 76 91 
157
0
9 54 75 74 83 74 87 15 55 82 
158
0
5 23 72 75 1 93 17 46 12 26 
159
0
11 75 26 96 2 39 13 24 30 31 
160
0
5 46 61 93 80 30 43 39 14 28 
161
0
95 15 39 52 88 64 94 94 60 29 
162
0
54 69 24 54 23 65 83 66 60 68 
163
0
85 9 17 60 49 2 5 50 1 46 
164
0
89 21 44 3 22 90 56 84 22 46 
165
0
94 38 75 76 8 17 49 10 31 15 
166
0
91 35 61 53 44 72 2 24 88 6 
167
0
41 81 72 66 81 67 40 74 12 65 
168
0
52 68 27 9 89 36 60 65 91 82 
169
0
23 32 4 56 64 54 36 66 94 92 
170
0
87 5 22 80 76 22 2 25 80 77 
171
0
84 67 40 49 29 96 28 50 6 15 
172
0
99 36 92 41 53 19 20 85 12 9 
173
0
94 24 17 87 2 76 65 24 44 49 
174
0
22 60 90 50 49 29 15 39 22 44 
175
0
54 25 30 37 93 59 16 14 26 25 
176
0
40 3 49 63 75 78 46 97 83 52 
177
0
89 24 8 16 23 96 90 21 36 80 
178
0
1 4 97 17 78 46 27 76 43 86 
179
0
95 49 96 2 58 59 63 7 55 78 
180
0
43 83 15 33 74 65 59 22 42 37 
181
0
53 36 48 70 22 96 38 23 96 34 
182
0
75 1 57 83 14 90 61 89 11 68 
183
0
52 13 49 98 71 34 89 2 47 56 
184
0
29 44 66 89 12 2 32 32 17 91 
185
0
5 9 64 94 7 52 54 76 59 60 
186
0
51 36 5 5 50 47 20 59 81 16 
187
0
29 30 95 58 94 22 61 22 79 61 
188
0
64 85 30 89 10 17 79 66 30 34 
189
0
81 94 86 65 85 59 15 48 60 63 
190
0
68 18 64 64 57 45 7 69 48 4 
191
0
17 18 54 81 23 84 86 71 62 11 
192
0
51 64 92 28 23 43 2 37 89 79 
193
0
98 34 32 69 57 39 38 96 68 44 
194
0
68 41 57 49 44 4 59 50 4 30 
195
0
36 57 54 36 89 13 75 89 80 73 
196
0
80 3 80 46 39 38 64 2 55 53 
197
0
77 27 4 88 62 51 13 10 65 3 
198
0
62 55 39 19 55 71 3 50 34 42 
199
0
56 98 48 13 70 19 73 47 15 57 
