50
10
5010005
0
0
30 24 24 25 26 28 26 23 20 23 
1
0
62 61 56 63 64 66 59 66 65 64 
2
0
88 87 92 89 86 92 87 93 94 92 
3
0
51 42 45 44 43 47 41 50 43 46 
4
0
36 30 30 32 32 36 35 30 36 32 
5
0
87 87 83 88 87 84 85 88 91 88 
6
0
31 35 31 29 29 31 39 29 38 31 
7
0
4 8 10 3 4 7 6 9 7 9 
8
0
89 92 97 89 96 87 96 95 93 97 
9
0
16 13 14 17 19 15 17 15 14 19 
10
0
27 26 19 18 24 18 19 23 19 17 
11
0
89 92 93 97 91 93 93 96 96 92 
12
0
46 43 46 37 37 46 39 37 47 46 
13
0
11 8 15 9 13 10 9 12 17 13 
14
0
48 48 47 48 50 47 50 52 44 50 
15
0
68 67 72 70 68 75 70 72 75 70 
16
0
66 62 67 67 60 64 63 70 64 61 
17
0
23 18 24 22 24 19 27 25 25 18 
18
0
10 19 19 19 14 13 16 17 12 15 
19
0
72 76 79 75 77 77 78 72 73 70 
20
0
35 32 37 34 37 35 35 33 34 35 
21
0
12 11 14 4 7 10 14 9 4 7 
22
0
52 58 51 55 53 55 55 52 59 56 
23
0
87 94 90 94 84 92 93 95 95 93 
24
0
13 18 18 13 17 20 18 17 15 13 
25
0
93 92 94 90 86 89 90 88 96 95 
26
0
92 90 88 86 94 86 85 84 91 87 
27
0
50 57 60 52 57 60 49 53 58 58 
28
0
11 6 7 11 9 7 10 10 7 11 
29
0
7 4 11 7 5 9 7 12 8 10 
30
0
51 48 53 51 50 52 47 49 56 56 
31
0
41 38 36 36 43 43 40 38 39 36 
32
0
88 81 79 81 85 85 80 78 82 79 
33
0
40 46 40 40 42 48 39 48 47 44 
34
0
85 79 85 84 80 81 76 79 77 79 
35
0
25 27 26 21 26 19 25 26 25 22 
36
0
65 63 68 68 66 65 70 68 70 62 
37
0
42 45 37 45 41 39 43 35 36 37 
38
0
84 84 82 86 92 82 87 90 89 91 
39
0
61 58 61 64 61 64 60 58 61 62 
40
0
48 45 40 44 39 45 45 45 48 43 
41
0
6 10 15 9 5 9 10 14 11 13 
42
0
22 19 28 26 24 23 20 25 25 25 
43
0
83 89 84 82 85 82 91 86 92 86 
44
0
6 9 7 11 8 13 9 13 16 9 
45
0
89 89 86 86 89 88 87 92 89 94 
46
0
90 88 90 88 81 87 89 89 82 89 
47
0
49 47 51 53 46 48 54 53 52 53 
48
0
80 88 81 87 88 84 80 86 88 80 
49
0
48 46 42 42 44 48 48 50 44 41 
