30
10
3010005
0
0
55 91 44 46 75 30 43 34 83 57 
1
0
59 86 43 45 75 28 41 31 77 66 
2
0
52 83 39 39 77 34 43 29 84 64 
3
0
51 89 39 40 75 36 49 36 80 64 
4
0
53 84 41 41 76 38 46 36 86 62 
5
0
56 85 37 47 73 29 40 38 77 63 
6
0
52 87 36 44 79 34 40 36 81 57 
7
0
56 84 45 44 72 34 47 32 76 62 
8
0
53 85 44 44 75 33 46 32 86 61 
9
0
52 85 42 40 71 36 47 31 79 65 
10
0
60 86 36 47 71 32 45 37 76 65 
11
0
59 91 39 46 69 28 43 35 82 63 
12
0
53 83 38 40 70 38 41 30 77 60 
13
0
59 91 39 48 76 31 49 36 80 67 
14
0
53 89 36 45 80 29 44 29 82 64 
15
0
50 91 43 44 79 28 48 35 80 56 
16
0
56 86 41 44 73 29 45 28 80 58 
17
0
50 87 38 44 76 33 49 29 77 64 
18
0
55 83 40 39 79 35 41 32 86 61 
19
0
60 82 45 40 72 31 40 36 80 57 
20
0
53 84 45 42 78 38 48 30 85 60 
21
0
57 92 38 42 71 37 45 34 80 61 
22
0
56 86 45 37 78 38 47 37 80 62 
23
0
56 87 41 38 77 30 49 30 78 58 
24
0
53 90 44 43 72 32 40 39 84 64 
25
0
59 92 38 45 71 36 44 31 77 57 
26
0
54 92 44 41 71 31 40 35 85 60 
27
0
52 92 44 45 73 34 40 29 76 56 
28
0
52 85 38 46 71 38 38 29 78 58 
29
0
53 86 43 46 70 36 40 31 77 65 
