30
10
3010004
0
0
53 51 58 56 50 55 56 60 54 59 
1
0
32 34 40 40 36 39 39 37 37 39 
2
0
11 13 13 13 13 13 10 9 7 11 
3
0
39 38 41 40 39 43 34 37 42 35 
4
0
55 47 57 47 47 50 52 57 54 47 
5
0
34 31 31 40 35 41 40 35 38 39 
6
0
7 5 3 7 8 7 5 12 12 8 
7
0
99 97 93 92 98 91 92 91 97 89 
8
0
30 25 30 23 29 22 29 28 24 20 
9
0
42 43 45 42 49 44 46 51 43 43 
10
0
73 70 68 73 70 73 74 73 70 67 
11
0
47 42 46 47 45 43 43 41 43 41 
12
0
21 21 21 18 22 13 13 15 16 13 
13
0
74 75 72 74 77 79 79 74 74 82 
14
0
79 72 75 81 82 79 78 74 75 76 
15
0
85 85 86 85 75 77 86 78 82 85 
16
0
69 63 69 62 64 66 68 63 66 69 
17
0
46 52 51 48 52 50 47 49 55 46 
18
0
7 6 12 12 10 4 13 9 7 8 
19
0
40 39 37 40 39 38 40 42 44 38 
20
0
21 22 28 19 28 26 25 25 27 22 
21
0
77 76 77 71 72 74 80 71 81 78 
22
0
53 50 58 49 49 50 49 49 57 55 
23
0
30 22 25 24 22 23 31 24 24 27 
24
0
68 70 68 63 65 64 64 69 65 64 
25
0
56 58 62 57 63 63 59 61 57 63 
26
0
83 91 88 82 87 85 89 87 91 92 
27
0
12 7 10 11 12 9 10 9 5 11 
28
0
49 52 44 46 53 43 52 51 49 50 
29
0
71 81 79 74 76 75 73 80 78 77 
