30
20
3020003
0
0
63 64 6 24 9 59 96 98 9 6 38 90 38 22 98 45 24 2 35 68 
1
0
51 37 65 85 3 21 86 10 52 92 31 46 76 27 47 49 45 43 53 76 
2
0
34 82 28 11 80 41 8 8 38 99 35 34 22 85 30 33 67 45 18 83 
3
0
77 97 44 12 89 34 48 19 17 33 22 49 17 92 79 91 55 69 77 9 
4
0
65 50 14 79 48 97 5 10 44 40 97 3 18 10 86 50 26 20 51 91 
5
0
40 35 7 85 30 74 76 99 88 66 4 44 86 39 28 47 20 50 21 94 
6
0
88 37 21 17 66 10 98 79 29 12 1 84 3 49 86 97 83 67 70 98 
7
0
48 93 61 65 35 26 82 25 98 27 16 13 66 23 55 64 67 51 83 28 
8
0
19 87 87 97 19 62 5 24 47 91 11 97 84 4 4 10 72 14 98 59 
9
0
35 88 43 98 35 85 29 12 95 62 89 6 15 84 24 61 76 23 49 92 
10
0
43 18 92 62 46 85 64 63 3 35 86 16 55 84 73 43 60 79 96 65 
11
0
1 81 44 85 19 47 26 54 58 4 87 53 20 22 36 69 13 65 23 27 
12
0
83 58 86 23 33 96 89 5 41 56 92 39 47 4 49 13 50 65 6 40 
13
0
87 88 42 20 61 62 13 69 85 6 28 44 84 7 59 51 70 13 44 29 
14
0
30 5 72 79 56 14 73 55 28 56 48 97 20 71 93 47 21 15 52 14 
15
0
18 58 78 25 68 67 23 80 87 26 14 36 97 39 40 7 32 16 64 61 
16
0
16 74 29 70 42 47 55 78 63 32 12 35 55 59 28 93 78 32 73 48 
17
0
54 19 78 44 12 94 77 39 24 14 37 44 43 37 64 43 96 42 98 45 
18
0
42 91 36 13 36 91 88 93 49 33 49 44 52 99 36 90 87 54 58 32 
19
0
76 75 5 46 3 60 58 12 55 25 18 58 73 13 61 79 16 57 96 73 
20
0
89 53 73 36 77 76 43 26 37 73 89 41 73 54 8 86 34 37 11 14 
21
0
65 36 81 6 52 74 19 9 50 63 73 58 13 11 57 65 67 12 79 88 
22
0
23 50 51 88 1 64 37 52 67 70 97 58 30 97 28 71 29 81 85 24 
23
0
1 48 8 86 17 12 87 32 82 12 11 72 75 92 25 79 3 54 59 38 
24
0
55 32 94 73 34 18 95 61 94 27 70 3 87 81 96 91 98 67 13 76 
25
0
49 25 2 16 64 96 80 71 83 19 36 99 86 12 19 31 66 35 82 64 
26
0
25 95 24 40 14 99 35 24 22 80 31 18 54 52 95 99 1 54 72 39 
27
0
23 68 41 22 71 70 24 9 97 57 51 6 23 72 47 81 73 67 64 54 
28
0
31 20 79 25 50 91 77 83 85 15 98 34 28 64 66 51 72 85 47 16 
29
0
70 45 75 72 41 37 26 11 35 22 62 86 29 66 91 32 39 63 70 98 
