50
20
5020003
0
0
29 9 57 64 25 12 1 5 71 39 20 63 53 61 92 37 85 39 50 23 
1
0
10 89 59 49 48 58 14 58 96 12 17 43 72 15 51 23 11 80 90 14 
2
0
98 37 96 3 37 44 63 39 69 61 67 51 32 46 69 16 90 25 24 17 
3
0
4 17 61 74 67 83 4 13 76 91 3 65 68 18 41 53 60 50 66 18 
4
0
13 28 74 32 29 45 30 37 29 46 18 62 71 86 73 25 84 24 22 48 
5
0
77 64 86 6 21 31 31 77 24 74 73 89 70 43 67 18 86 22 78 96 
6
0
12 72 16 42 83 10 44 98 92 65 46 9 73 39 25 68 4 92 50 92 
7
0
91 25 94 73 57 20 91 18 74 3 13 77 64 36 64 13 25 9 34 29 
8
0
99 40 80 67 63 26 98 67 27 30 92 94 47 95 55 88 23 2 56 82 
9
0
15 11 69 85 23 31 76 29 1 37 41 91 44 68 97 44 67 30 77 71 
10
0
58 24 88 37 26 59 31 79 59 45 84 53 86 24 5 18 38 31 76 16 
11
0
74 45 35 8 54 41 43 90 68 17 73 9 71 18 16 15 52 99 2 70 
12
0
53 21 58 30 39 28 62 68 11 56 38 75 67 19 29 79 38 7 90 70 
13
0
10 32 83 29 54 5 11 93 58 10 96 52 95 96 83 65 74 52 54 24 
14
0
57 36 32 50 57 65 26 38 11 31 18 41 92 79 25 73 21 2 80 92 
15
0
56 44 38 67 67 51 95 30 69 53 54 12 44 4 52 2 48 86 74 67 
16
0
92 23 44 30 44 57 63 67 27 44 98 3 14 87 10 6 82 64 87 70 
17
0
91 41 25 1 20 57 78 2 56 34 77 82 89 16 38 40 78 3 20 46 
18
0
71 38 19 48 4 45 83 13 10 99 14 17 43 40 70 18 3 79 72 62 
19
0
24 58 25 67 92 82 57 88 88 41 1 21 84 6 86 91 84 10 42 50 
20
0
84 12 76 82 86 39 32 88 18 20 99 32 51 56 36 23 34 15 35 15 
21
0
8 73 33 48 35 6 30 39 11 32 38 66 32 10 39 96 23 87 60 31 
22
0
51 47 1 89 52 17 20 14 9 46 95 68 73 41 96 38 75 74 25 39 
23
0
99 30 43 22 44 81 78 24 76 31 66 10 46 1 84 10 82 93 43 83 
24
0
33 51 6 31 19 35 13 2 2 53 81 95 71 79 23 76 78 19 65 76 
25
0
5 44 49 3 13 74 89 87 35 87 57 48 83 31 74 22 97 30 45 41 
26
0
3 19 26 72 91 75 4 16 63 8 4 94 59 88 69 28 62 10 67 79 
27
0
16 75 96 43 63 67 75 33 81 79 62 50 54 59 3 2 10 21 79 60 
28
0
2 88 1 26 43 55 16 75 83 63 27 76 45 67 37 15 88 18 7 20 
29
0
88 14 43 93 90 39 21 92 24 44 48 49 91 31 45 51 56 52 27 89 
30
0
30 33 78 26 60 30 42 80 66 98 98 97 73 63 80 65 41 98 55 92 
31
0
45 56 56 21 44 49 2 43 27 86 78 92 52 7 59 9 2 71 83 9 
32
0
81 90 45 26 14 24 55 78 4 26 35 60 70 60 45 27 82 58 84 37 
33
0
1 68 4 29 31 65 37 25 56 71 34 77 27 23 56 42 4 31 44 94 
34
0
27 21 97 16 48 6 47 73 24 51 17 29 16 96 79 54 65 29 92 27 
35
0
80 84 36 53 71 45 88 71 24 95 31 89 36 51 25 81 38 6 31 33 
36
0
51 27 48 72 20 20 94 69 52 77 95 79 8 13 3 2 72 65 74 67 
37
0
90 41 12 59 94 52 54 1 60 22 22 60 2 76 36 59 51 44 89 1 
38
0
65 55 61 24 66 54 98 39 17 38 54 78 97 19 26 94 53 36 35 28 
39
0
23 18 35 95 3 98 61 65 2 87 95 33 30 46 47 84 12 92 86 20 
40
0
94 98 99 31 32 17 46 23 99 26 78 38 92 84 8 93 96 90 33 40 
41
0
39 51 18 2 64 99 37 56 3 36 21 22 87 95 63 36 46 10 52 37 
42
0
38 60 29 37 94 70 13 21 67 45 27 23 53 9 44 14 74 63 58 73 
43
0
55 52 29 10 1 42 17 31 79 26 5 83 71 34 67 32 15 5 72 14 
44
0
20 95 54 80 56 65 62 50 37 56 46 79 62 40 83 35 74 68 41 75 
45
0
35 97 3 19 80 94 1 24 97 56 32 56 42 62 83 80 77 86 97 41 
46
0
18 70 68 46 60 10 2 3 25 55 79 62 55 8 86 52 57 40 38 25 
47
0
44 93 8 18 94 45 68 65 7 60 55 12 46 44 71 65 59 93 98 9 
48
0
85 51 32 53 1 75 62 85 15 96 45 87 38 65 78 18 50 69 79 3 
49
0
56 22 50 36 68 84 93 62 95 99 3 53 21 79 92 6 16 38 32 81 
