200
5
20005014
0
0
57 81 90 66 94 
1
0
30 84 49 46 38 
2
0
5 54 10 93 70 
3
0
31 49 46 39 10 
4
0
5 63 63 12 8 
5
0
59 69 83 11 97 
6
0
21 48 40 55 4 
7
0
17 70 49 33 47 
8
0
11 18 80 8 68 
9
0
47 60 95 47 21 
10
0
43 45 30 5 49 
11
0
79 48 13 67 56 
12
0
38 54 47 37 13 
13
0
55 56 84 94 91 
14
0
75 25 47 26 16 
15
0
78 92 98 4 17 
16
0
82 35 58 62 32 
17
0
32 6 1 49 62 
18
0
46 91 56 38 71 
19
0
89 80 47 94 36 
20
0
76 90 61 71 26 
21
0
72 40 6 36 18 
22
0
98 78 14 87 26 
23
0
11 34 94 68 50 
24
0
49 51 23 99 25 
25
0
57 75 33 47 3 
26
0
92 5 44 85 56 
27
0
99 19 77 24 77 
28
0
95 51 91 62 80 
29
0
66 91 88 92 36 
30
0
95 91 67 52 98 
31
0
46 15 62 53 58 
32
0
81 50 60 28 17 
33
0
26 90 1 29 63 
34
0
41 77 54 25 39 
35
0
29 66 63 14 19 
36
0
41 32 34 23 83 
37
0
36 89 78 25 46 
38
0
77 34 14 15 41 
39
0
23 65 18 21 49 
40
0
37 24 16 78 64 
41
0
23 4 69 54 36 
42
0
44 83 15 44 62 
43
0
3 88 23 11 49 
44
0
21 11 48 91 27 
45
0
11 70 12 79 14 
46
0
38 65 25 19 58 
47
0
49 76 95 49 26 
48
0
70 66 39 61 77 
49
0
28 69 62 93 8 
50
0
76 83 91 7 56 
51
0
65 41 77 83 94 
52
0
87 91 90 30 74 
53
0
19 66 41 41 75 
54
0
94 12 18 21 32 
55
0
87 78 3 53 69 
56
0
6 67 62 60 40 
57
0
58 2 54 11 83 
58
0
80 78 12 67 83 
59
0
22 41 12 73 89 
60
0
77 74 83 88 79 
61
0
57 18 88 71 58 
62
0
96 14 77 10 74 
63
0
45 3 61 72 70 
64
0
27 79 41 26 91 
65
0
50 40 18 73 48 
66
0
59 80 74 51 81 
67
0
83 71 93 94 61 
68
0
9 39 40 94 87 
69
0
28 32 86 22 28 
70
0
44 49 36 29 71 
71
0
5 23 27 57 89 
72
0
30 44 88 81 10 
73
0
72 68 50 1 6 
74
0
3 12 37 4 49 
75
0
23 89 24 81 40 
76
0
15 64 48 43 17 
77
0
79 35 47 12 42 
78
0
48 57 4 96 76 
79
0
74 44 92 6 62 
80
0
68 1 40 2 93 
81
0
10 28 42 40 10 
82
0
59 55 43 93 71 
83
0
93 90 52 31 45 
84
0
3 62 67 16 73 
85
0
88 97 54 49 16 
86
0
71 94 68 65 1 
87
0
19 11 72 44 8 
88
0
86 62 88 46 26 
89
0
57 25 48 64 79 
90
0
80 71 40 8 56 
91
0
52 46 6 66 42 
92
0
95 53 38 61 94 
93
0
60 56 48 47 76 
94
0
49 13 98 31 67 
95
0
95 17 72 49 61 
96
0
58 4 78 83 55 
97
0
13 27 78 40 74 
98
0
80 87 84 37 21 
99
0
10 23 65 6 84 
100
0
55 20 25 57 25 
101
0
51 50 46 94 27 
102
0
51 81 7 35 20 
103
0
22 15 69 7 61 
104
0
30 25 16 51 7 
105
0
49 19 69 6 25 
106
0
80 65 50 1 34 
107
0
82 95 99 97 58 
108
0
55 77 91 38 84 
109
0
76 53 46 70 59 
110
0
38 96 74 3 96 
111
0
95 52 3 91 69 
112
0
65 23 94 61 75 
113
0
78 44 67 93 34 
114
0
82 71 65 79 75 
115
0
24 3 37 76 49 
116
0
53 43 20 50 9 
117
0
4 88 18 40 83 
118
0
91 93 88 36 84 
119
0
20 9 5 39 51 
120
0
95 97 43 43 18 
121
0
74 62 43 83 89 
122
0
6 51 56 74 50 
123
0
53 23 5 27 58 
124
0
57 86 87 62 93 
125
0
89 50 72 70 14 
126
0
60 36 48 26 91 
127
0
1 27 95 35 71 
128
0
19 41 23 74 82 
129
0
87 12 85 45 57 
130
0
61 98 76 40 2 
131
0
15 83 4 41 11 
132
0
97 66 16 66 14 
133
0
54 44 84 2 55 
134
0
55 62 76 86 9 
135
0
79 96 92 34 56 
136
0
35 34 83 91 39 
137
0
79 58 45 68 37 
138
0
62 4 86 80 29 
139
0
90 79 90 35 83 
140
0
1 36 11 68 3 
141
0
94 8 16 44 51 
142
0
29 32 53 31 69 
143
0
8 52 77 2 30 
144
0
24 33 90 42 17 
145
0
43 45 85 57 24 
146
0
51 70 61 45 18 
147
0
2 38 16 55 24 
148
0
29 11 22 96 78 
149
0
40 8 18 43 99 
150
0
22 32 38 32 62 
151
0
74 97 80 59 9 
152
0
4 89 30 68 65 
153
0
57 75 34 39 70 
154
0
20 74 52 89 77 
155
0
29 86 2 30 82 
156
0
51 88 58 26 83 
157
0
22 8 57 50 81 
158
0
39 51 65 71 45 
159
0
53 62 10 80 69 
160
0
84 94 85 73 16 
161
0
89 34 80 40 57 
162
0
42 54 45 60 3 
163
0
79 61 18 87 27 
164
0
90 34 18 93 47 
165
0
97 47 95 50 47 
166
0
72 22 31 2 35 
167
0
73 50 42 52 16 
168
0
30 3 49 18 84 
169
0
3 7 37 44 47 
170
0
41 15 49 55 27 
171
0
7 10 72 28 83 
172
0
75 58 55 4 44 
173
0
31 73 53 65 17 
174
0
61 22 55 67 83 
175
0
39 67 64 73 18 
176
0
10 6 22 13 96 
177
0
80 30 13 98 15 
178
0
11 59 30 72 62 
179
0
59 93 80 23 87 
180
0
41 20 48 66 69 
181
0
22 18 38 17 69 
182
0
79 33 91 98 74 
183
0
42 79 62 14 28 
184
0
46 86 43 51 70 
185
0
93 79 90 38 44 
186
0
82 91 58 99 99 
187
0
4 40 94 22 50 
188
0
2 80 83 1 53 
189
0
7 82 44 57 19 
190
0
48 9 37 77 86 
191
0
37 79 69 86 99 
192
0
15 76 41 93 70 
193
0
91 60 98 82 59 
194
0
44 14 9 35 42 
195
0
28 11 51 66 96 
196
0
17 51 68 15 58 
197
0
55 98 55 22 45 
198
0
22 34 76 69 43 
199
0
77 99 14 98 58 
