50
5
5005003
0
0
16 26 19 23 20 
1
0
51 46 48 41 46 
2
0
11 12 6 12 10 
3
0
50 50 49 53 48 
4
0
75 80 78 74 74 
5
0
49 44 44 44 47 
6
0
92 84 85 87 85 
7
0
45 47 43 50 52 
8
0
23 26 29 27 25 
9
0
28 38 32 30 34 
10
0
46 49 49 48 48 
11
0
10 16 9 11 12 
12
0
22 25 30 27 27 
13
0
16 16 16 25 25 
14
0
53 55 47 52 51 
15
0
14 10 11 9 9 
16
0
47 53 48 44 54 
17
0
78 80 70 71 72 
18
0
11 11 16 15 14 
19
0
61 62 63 58 61 
20
0
87 81 82 91 83 
21
0
75 78 75 82 79 
22
0
48 46 43 42 40 
23
0
80 77 73 74 73 
24
0
92 90 93 91 95 
25
0
18 23 21 24 17 
26
0
76 68 74 74 73 
27
0
59 62 59 62 60 
28
0
27 27 25 19 19 
29
0
43 42 41 43 36 
30
0
43 36 37 41 44 
31
0
84 79 76 79 83 
32
0
49 43 47 52 43 
33
0
61 57 56 54 56 
34
0
27 27 23 24 31 
35
0
47 55 50 53 46 
36
0
59 61 63 62 63 
37
0
66 70 71 69 70 
38
0
14 14 12 20 14 
39
0
28 27 31 32 26 
40
0
76 79 71 70 68 
41
0
86 84 81 78 81 
42
0
24 23 20 22 23 
43
0
30 38 38 30 40 
44
0
63 61 57 58 58 
45
0
99 93 96 98 92 
46
0
76 76 69 77 77 
47
0
80 82 85 83 83 
48
0
44 45 36 43 45 
49
0
64 70 67 67 63 
