100
20
10020019
0
0
39 87 65 68 36 12 58 33 80 44 77 82 1 58 17 79 72 76 75 27 
1
0
45 93 62 63 41 8 53 32 84 39 72 83 2 54 16 87 71 73 80 31 
2
0
38 84 69 70 33 14 51 34 83 42 74 84 2 60 22 78 76 81 70 21 
3
0
47 83 61 67 36 13 49 38 85 37 71 90 4 61 16 87 72 82 72 25 
4
0
40 90 61 67 39 11 53 39 82 45 71 88 3 50 20 88 74 77 79 28 
5
0
48 85 70 66 36 14 51 40 80 37 68 90 12 54 16 79 70 75 71 32 
6
0
42 89 63 64 40 11 57 38 84 41 76 90 6 51 22 84 73 74 75 31 
7
0
48 86 67 65 41 7 56 38 87 38 76 88 10 50 21 85 69 78 71 24 
8
0
44 93 61 65 39 15 54 38 85 37 71 84 11 57 14 87 75 73 78 26 
9
0
39 89 68 64 36 11 60 33 81 43 71 81 9 55 17 82 70 74 74 28 
10
0
48 90 66 68 38 15 57 38 82 39 76 82 9 53 18 80 75 79 80 29 
11
0
44 88 61 66 40 12 56 34 86 37 71 82 8 55 20 86 73 75 80 24 
12
0
40 91 68 65 40 7 58 39 86 35 73 86 4 59 13 82 68 77 74 31 
13
0
45 93 69 73 36 16 54 32 85 39 69 89 6 57 16 78 72 82 75 25 
14
0
38 89 69 68 34 7 56 36 87 35 78 87 1 52 13 79 68 80 73 23 
15
0
44 85 64 72 42 7 59 34 80 36 69 87 6 58 18 78 65 75 80 26 
16
0
49 88 62 73 36 7 55 33 84 44 72 87 2 51 16 87 73 77 76 30 
17
0
39 90 66 64 42 7 58 36 89 38 78 90 3 50 22 82 68 76 80 23 
18
0
43 93 68 63 38 13 52 40 80 36 72 91 10 53 15 88 75 73 73 27 
19
0
42 88 66 69 32 9 55 34 88 37 77 90 11 54 13 87 69 78 77 29 
20
0
45 83 69 67 37 10 49 33 87 38 71 82 2 58 17 82 71 80 72 29 
21
0
40 87 62 70 33 11 58 31 83 41 73 81 6 59 16 82 75 76 79 22 
22
0
42 93 68 67 41 15 55 36 88 41 72 83 11 59 22 88 68 82 72 30 
23
0
41 92 70 71 43 8 59 39 88 36 68 88 1 55 19 84 72 82 71 22 
24
0
42 91 61 67 37 15 54 30 82 45 69 82 7 55 18 81 71 82 73 29 
25
0
48 92 63 63 42 9 56 37 84 43 72 85 5 57 13 86 67 73 72 30 
26
0
43 88 60 67 36 8 51 33 86 39 75 84 10 59 19 86 72 75 77 27 
27
0
43 85 68 66 35 11 56 36 84 40 77 85 2 60 23 89 74 77 71 30 
28
0
39 86 60 72 35 16 50 31 81 40 75 82 12 57 15 78 70 76 75 23 
29
0
38 87 64 65 39 15 56 37 86 42 70 89 6 60 14 80 66 77 75 25 
30
0
47 84 65 65 36 8 50 29 86 38 71 90 6 59 15 87 71 81 73 22 
31
0
49 83 69 65 35 7 59 31 87 43 70 85 7 56 19 83 68 77 71 29 
32
0
42 90 60 70 37 8 57 32 84 40 69 88 9 59 20 85 74 75 73 25 
33
0
43 85 66 72 34 10 58 31 82 44 70 81 5 54 17 81 67 81 70 23 
34
0
40 90 62 73 36 8 56 40 86 43 75 82 7 59 23 88 68 74 74 28 
35
0
43 88 68 64 32 7 56 34 89 45 73 83 12 58 22 86 67 75 80 22 
36
0
43 84 66 73 37 17 52 32 82 37 74 90 2 50 21 87 66 72 79 24 
37
0
43 85 60 72 38 14 58 32 89 36 77 91 9 50 14 82 75 80 70 31 
38
0
43 88 65 65 34 13 52 39 82 41 68 90 11 58 17 82 73 80 76 30 
39
0
42 89 63 70 37 10 54 37 88 45 71 90 7 52 21 84 70 81 79 31 
40
0
44 92 65 66 36 17 52 34 81 40 72 90 5 55 16 81 71 80 78 28 
41
0
48 88 67 65 32 7 55 30 87 36 71 87 9 52 20 85 66 77 75 24 
42
0
46 91 70 64 33 12 57 35 82 45 75 90 5 53 20 86 69 74 71 31 
43
0
43 83 69 66 37 17 52 39 83 41 76 84 12 53 17 85 68 72 74 32 
44
0
48 91 68 65 36 9 49 38 87 40 70 85 3 54 17 84 71 73 70 30 
45
0
48 88 64 65 37 8 60 39 85 45 76 89 8 54 16 88 70 72 70 23 
46
0
41 87 64 73 34 16 55 35 81 42 74 87 8 51 15 87 75 75 76 26 
47
0
38 83 63 70 34 13 58 31 87 43 68 84 4 54 20 79 72 73 77 27 
48
0
44 90 66 67 39 7 53 35 90 36 77 89 11 60 20 81 66 76 71 23 
49
0
41 89 69 66 33 15 50 39 81 37 75 84 2 52 21 81 66 75 74 26 
50
0
42 83 64 68 36 8 59 37 89 41 75 83 8 55 17 87 68 75 70 26 
51
0
42 93 65 70 42 7 55 36 80 37 76 85 8 54 14 86 69 73 77 30 
52
0
46 91 66 71 33 9 60 32 82 44 68 90 2 59 15 78 72 80 80 27 
53
0
48 93 61 68 35 8 50 39 86 43 73 87 5 51 21 78 69 75 78 24 
54
0
41 85 60 65 38 11 56 30 79 42 75 87 3 56 23 86 69 79 71 27 
55
0
43 92 70 65 38 7 54 32 80 35 75 88 3 54 17 78 75 77 73 26 
56
0
38 91 61 69 40 7 58 39 83 41 79 88 3 53 15 86 66 79 74 25 
57
0
43 90 70 74 38 12 59 40 83 44 71 89 8 59 19 84 67 76 76 29 
58
0
46 84 64 71 40 15 59 37 88 43 74 88 11 50 15 83 72 78 80 31 
59
0
40 91 68 70 38 10 56 32 84 45 71 87 11 60 12 87 69 78 70 25 
60
0
49 87 64 64 42 8 53 36 84 39 75 89 8 57 19 85 66 74 73 23 
61
0
41 85 61 69 42 14 59 40 86 45 70 90 7 58 16 86 74 76 79 29 
62
0
39 92 68 69 35 13 57 30 87 40 70 86 9 58 22 80 72 79 73 26 
63
0
46 89 69 73 33 15 57 37 85 36 79 84 9 58 23 80 67 76 76 31 
64
0
46 85 70 72 35 15 59 33 82 35 70 86 2 57 18 79 66 75 71 23 
65
0
38 87 68 65 36 10 54 31 83 35 72 83 2 51 14 86 72 72 76 31 
66
0
42 89 62 66 35 12 53 35 84 41 75 91 2 54 23 82 67 74 73 26 
67
0
47 87 70 70 36 15 55 31 85 35 78 85 3 50 16 78 76 81 75 27 
68
0
39 89 65 72 36 16 51 36 85 45 72 91 5 59 15 86 68 82 72 32 
69
0
45 88 63 64 39 14 52 36 84 42 75 83 11 52 18 83 75 80 76 22 
70
0
45 88 69 64 34 13 52 31 87 44 75 81 8 58 16 87 76 77 76 27 
71
0
48 89 63 73 33 10 57 32 85 41 78 90 8 58 21 88 65 82 74 22 
72
0
39 86 65 74 35 7 51 33 85 39 74 84 5 51 17 79 75 75 78 27 
73
0
48 83 63 69 42 11 57 36 82 40 71 82 7 51 15 84 76 81 74 23 
74
0
49 89 62 70 39 7 50 39 88 35 74 88 12 57 21 81 67 82 70 24 
75
0
38 87 64 67 41 14 53 38 83 35 75 85 8 54 13 83 71 72 76 24 
76
0
43 90 63 72 37 16 51 31 79 45 73 90 9 57 21 81 76 82 78 28 
77
0
42 90 68 66 34 12 50 34 79 37 75 89 7 50 17 83 66 76 73 25 
78
0
40 89 68 73 36 13 57 34 82 44 78 86 7 53 20 82 69 79 75 30 
79
0
39 86 65 63 38 15 55 30 81 37 76 85 6 55 19 88 69 75 77 29 
80
0
43 84 64 64 34 15 56 33 89 35 74 91 1 60 23 80 75 80 74 24 
81
0
45 85 62 67 33 13 50 32 84 36 76 89 5 52 20 85 70 80 75 30 
82
0
40 92 60 63 38 14 60 33 80 38 77 86 10 50 18 87 66 73 73 24 
83
0
46 93 60 70 35 12 57 36 81 35 75 85 2 59 13 88 70 77 73 21 
84
0
38 87 63 66 37 12 56 35 87 42 73 82 6 51 14 79 71 80 79 29 
85
0
45 89 67 63 42 8 55 31 85 42 68 81 8 53 14 83 66 79 73 22 
86
0
38 85 67 72 37 16 59 38 81 46 70 87 11 52 19 84 66 80 77 26 
87
0
48 93 60 65 38 8 53 40 81 40 71 82 5 60 13 79 73 80 70 22 
88
0
43 88 64 69 33 13 56 31 85 44 68 84 5 51 20 79 68 82 75 32 
89
0
39 88 65 72 38 9 50 36 79 37 69 88 10 53 15 79 66 79 80 30 
90
0
44 90 69 72 34 15 55 40 90 37 70 89 5 51 21 88 68 73 71 22 
91
0
43 89 63 70 39 16 59 34 79 38 71 81 7 60 22 78 72 77 74 22 
92
0
41 89 65 73 40 12 60 38 79 37 75 86 5 55 15 85 69 77 76 24 
93
0
42 88 69 73 34 7 49 37 87 35 76 83 5 56 20 85 69 73 73 21 
94
0
41 93 68 64 32 16 53 36 82 43 77 85 11 59 18 84 69 81 77 28 
95
0
40 91 64 69 34 13 53 39 87 44 71 87 7 56 20 81 68 72 75 29 
96
0
44 84 66 63 41 10 56 31 80 43 70 87 12 59 18 86 73 79 74 26 
97
0
40 88 62 72 35 7 53 31 88 38 71 87 6 60 16 86 72 73 76 30 
98
0
48 92 62 73 35 13 58 37 88 46 75 82 4 60 12 87 66 73 76 26 
99
0
38 93 66 66 39 7 50 31 80 44 73 85 3 53 21 85 66 81 77 25 
