50
5
5005002
0
0
26 45 50 20 37 
1
0
17 43 53 21 45 
2
0
25 50 50 23 41 
3
0
17 49 47 20 36 
4
0
18 45 46 23 40 
5
0
20 45 50 27 46 
6
0
19 44 55 22 37 
7
0
25 46 50 18 40 
8
0
25 45 47 19 42 
9
0
23 41 47 20 44 
10
0
27 43 54 26 39 
11
0
18 45 55 24 45 
12
0
21 48 55 21 41 
13
0
22 43 53 23 42 
14
0
22 48 53 19 41 
15
0
16 43 53 23 41 
16
0
21 50 52 26 36 
17
0
17 43 53 26 38 
18
0
22 40 47 19 41 
19
0
17 42 45 18 37 
20
0
25 50 51 20 41 
21
0
19 41 54 23 36 
22
0
21 48 50 23 38 
23
0
26 43 54 24 45 
24
0
22 46 45 19 41 
25
0
21 44 49 26 41 
26
0
24 44 45 17 38 
27
0
22 43 45 19 39 
28
0
19 42 45 20 38 
29
0
22 50 47 19 44 
30
0
24 49 46 26 39 
31
0
24 41 48 23 35 
32
0
27 47 45 18 37 
33
0
19 40 54 26 39 
34
0
26 41 55 18 42 
35
0
19 45 47 19 45 
36
0
27 47 54 27 39 
37
0
17 47 53 19 41 
38
0
24 49 45 26 40 
39
0
17 44 50 26 44 
40
0
17 40 54 21 44 
41
0
24 50 55 17 45 
42
0
21 47 46 28 43 
43
0
24 44 47 22 36 
44
0
27 40 45 18 44 
45
0
16 44 46 18 38 
46
0
26 45 48 26 40 
47
0
26 49 52 24 40 
48
0
26 45 46 19 36 
49
0
26 44 49 22 41 
