20
10
2010004
0
0
71 73 72 69 75 75 74 71 71 73 
1
0
96 89 89 94 99 92 99 90 93 98 
2
0
38 46 47 46 45 41 47 42 38 43 
3
0
83 78 78 78 78 79 79 77 81 80 
4
0
94 88 94 86 92 91 93 90 94 85 
5
0
23 21 23 19 17 13 23 18 19 14 
6
0
52 57 57 50 50 53 55 51 58 52 
7
0
9 4 2 11 3 11 3 10 4 1 
8
0
38 37 31 31 32 38 34 41 39 39 
9
0
77 84 75 80 84 80 83 77 79 76 
10
0
87 93 95 91 96 89 89 95 88 95 
11
0
27 26 30 27 29 32 31 33 34 31 
12
0
14 8 12 12 17 12 12 14 13 17 
13
0
23 29 25 28 22 23 24 22 26 30 
14
0
17 22 18 21 22 21 20 12 22 14 
15
0
36 40 33 40 36 39 35 39 31 41 
16
0
32 28 33 39 30 38 31 30 30 33 
17
0
61 64 58 60 65 65 62 59 60 60 
18
0
63 67 65 67 71 68 71 73 71 70 
19
0
90 88 86 90 88 92 82 83 91 90 
