100
20
10020015
0
0
42 89 9 42 51 74 66 58 58 50 42 74 98 91 51 61 22 59 6 68 
1
0
61 6 16 23 34 35 42 71 62 67 94 5 11 83 14 29 82 80 51 90 
2
0
66 27 71 87 26 35 71 33 13 94 71 91 54 19 28 82 77 50 45 54 
3
0
20 27 64 17 50 32 97 31 73 67 3 53 18 85 14 29 48 53 49 57 
4
0
71 48 84 29 20 1 35 1 64 56 23 66 93 17 32 61 44 61 10 73 
5
0
33 78 69 67 22 40 2 5 76 45 10 18 85 12 22 53 49 61 89 79 
6
0
76 42 98 77 54 52 83 51 14 39 14 16 81 54 5 33 6 61 85 17 
7
0
64 12 8 15 64 53 94 32 89 54 97 94 36 84 75 68 85 28 70 53 
8
0
18 43 51 59 67 51 52 41 78 57 57 26 64 37 33 29 20 4 5 74 
9
0
83 27 61 85 42 91 82 10 37 97 38 61 34 13 51 39 57 15 56 26 
10
0
57 15 38 8 31 90 21 22 77 82 40 2 50 46 64 34 35 49 32 47 
11
0
84 59 65 13 35 85 56 74 2 73 20 24 28 24 21 25 36 33 26 63 
12
0
24 48 96 99 70 50 19 61 59 15 79 43 57 21 7 19 9 15 20 49 
13
0
7 92 70 73 53 60 69 79 72 10 6 15 11 16 61 6 44 55 38 80 
14
0
39 27 69 16 49 8 81 84 76 60 64 51 61 61 87 61 76 72 10 39 
15
0
88 55 92 45 31 36 95 40 70 20 81 16 38 60 76 85 81 97 18 2 
16
0
89 97 69 65 47 40 20 27 81 37 6 53 96 56 59 39 30 9 18 50 
17
0
94 37 5 27 8 62 74 13 65 92 1 13 19 82 21 21 97 39 13 71 
18
0
57 60 42 54 44 10 86 41 72 75 21 40 11 7 70 73 48 3 90 1 
19
0
23 12 18 37 99 60 95 2 96 17 50 61 12 59 70 79 72 52 56 15 
20
0
72 54 9 64 75 32 3 10 79 18 96 37 93 82 68 4 9 83 5 82 
21
0
88 36 68 89 43 92 67 13 17 42 62 91 2 99 16 70 63 31 2 57 
22
0
79 5 74 11 6 97 9 57 15 55 91 14 68 63 96 31 58 71 62 84 
23
0
63 71 58 27 43 78 37 45 40 81 4 30 91 3 53 80 74 9 50 90 
24
0
93 83 36 83 26 81 69 75 42 98 67 39 98 34 77 41 16 27 31 14 
25
0
26 96 79 57 82 33 17 85 78 43 27 29 52 33 45 68 84 4 54 16 
26
0
58 1 25 10 99 45 49 30 55 83 81 72 40 60 43 25 60 83 43 51 
27
0
81 86 41 43 49 10 64 43 41 13 16 89 97 10 20 30 30 5 19 33 
28
0
79 72 56 32 18 95 49 41 60 90 99 52 96 81 8 19 74 10 28 36 
29
0
28 92 38 34 15 17 23 28 50 5 30 41 64 67 74 22 47 17 30 2 
30
0
38 74 33 32 17 99 98 45 87 63 5 69 99 19 4 96 71 30 81 61 
31
0
79 81 52 83 3 53 31 74 74 32 56 40 37 74 58 12 56 41 32 82 
32
0
93 55 20 29 8 65 90 59 26 51 11 53 58 98 30 47 38 47 37 32 
33
0
14 28 97 45 35 63 54 56 66 25 79 22 56 65 60 39 58 41 51 62 
34
0
52 12 7 30 49 99 71 52 94 55 6 74 79 49 33 18 87 80 27 12 
35
0
87 69 9 63 34 75 23 48 72 80 69 54 32 49 90 90 64 60 99 48 
36
0
94 64 69 53 89 84 21 41 6 54 23 39 99 38 73 27 56 92 35 46 
37
0
42 90 43 52 35 57 56 77 72 95 88 33 40 16 4 16 70 32 29 65 
38
0
47 77 51 46 72 6 65 36 11 30 91 33 39 92 94 43 78 62 34 7 
39
0
96 79 49 7 41 68 12 79 85 39 35 91 1 70 50 17 62 23 12 57 
40
0
34 13 49 28 71 8 84 15 24 50 65 53 55 20 37 57 55 3 73 66 
41
0
61 77 73 10 53 66 5 50 18 48 59 19 72 35 21 48 65 1 50 80 
42
0
6 65 46 16 82 58 77 20 74 17 47 46 94 29 54 67 90 60 62 72 
43
0
76 87 27 73 7 18 52 18 78 20 32 85 93 73 97 39 97 77 14 88 
44
0
89 82 24 37 31 92 1 16 10 40 25 84 71 84 28 61 13 26 26 4 
45
0
64 40 13 46 90 3 4 35 31 72 53 72 21 13 26 20 25 14 35 94 
46
0
35 24 86 24 14 8 28 35 34 46 69 9 97 16 51 89 3 22 38 22 
47
0
70 26 19 57 31 77 94 9 35 68 55 56 36 98 57 52 10 76 11 45 
48
0
95 38 92 92 9 6 86 38 33 79 4 68 2 81 88 61 54 54 97 75 
49
0
83 12 90 32 92 95 91 43 47 55 11 34 55 64 45 75 34 68 55 98 
50
0
18 85 34 84 2 84 94 47 14 97 74 94 40 55 19 72 2 53 36 99 
51
0
45 72 59 99 72 35 41 17 87 28 51 58 45 64 60 76 94 21 51 58 
52
0
39 57 80 74 96 32 78 72 97 38 90 38 10 69 43 87 97 13 81 14 
53
0
66 14 51 91 83 88 19 47 60 81 75 9 14 54 48 34 56 55 84 38 
54
0
48 52 22 56 63 65 33 43 87 89 68 52 35 5 50 69 98 87 89 3 
55
0
64 39 90 3 99 37 95 31 87 74 11 58 71 55 61 2 18 33 54 59 
56
0
48 73 45 3 3 93 98 53 72 85 54 97 68 6 41 42 82 62 84 66 
57
0
46 26 29 10 9 20 82 36 7 40 70 39 34 41 49 21 25 50 65 22 
58
0
81 27 12 2 30 65 30 1 38 16 45 28 34 92 53 3 32 13 45 60 
59
0
47 47 74 13 83 18 55 77 94 76 56 99 44 91 46 21 57 52 25 80 
60
0
55 14 16 29 26 9 96 46 11 4 9 71 93 63 2 58 90 24 32 27 
61
0
97 81 11 92 13 40 93 49 52 76 16 90 15 8 52 19 44 95 25 37 
62
0
22 82 43 63 60 16 51 98 40 23 44 22 48 65 68 26 33 55 7 3 
63
0
85 40 8 9 69 32 1 88 44 42 5 17 81 52 23 98 30 58 54 5 
64
0
76 74 10 93 75 39 80 14 66 37 88 33 41 5 46 81 60 3 99 30 
65
0
79 98 25 91 10 47 12 60 2 39 66 82 17 14 54 40 76 77 55 19 
66
0
95 48 3 48 83 89 96 51 52 60 56 19 55 9 17 62 84 27 63 24 
67
0
96 87 14 3 60 61 99 20 18 76 50 29 60 83 5 39 14 41 44 27 
68
0
1 75 41 82 62 95 58 22 53 7 67 53 43 10 95 80 85 49 52 55 
69
0
84 77 67 85 45 34 17 64 65 17 91 7 27 28 39 30 97 89 39 99 
70
0
60 6 16 54 91 82 7 82 32 53 17 16 10 42 9 88 90 64 19 6 
71
0
9 96 73 84 7 43 5 43 92 87 8 65 78 62 25 97 7 61 48 70 
72
0
79 16 77 60 38 49 95 41 2 37 65 14 3 12 66 31 86 34 34 54 
73
0
48 92 75 1 71 21 96 38 48 25 85 80 4 47 85 40 27 96 26 36 
74
0
83 98 55 50 27 52 83 6 5 66 3 49 58 71 33 37 47 63 77 61 
75
0
14 55 33 12 47 84 7 25 19 71 71 83 13 60 80 38 2 83 8 5 
76
0
25 58 19 16 76 64 46 15 79 26 49 7 88 99 75 81 19 29 92 40 
77
0
27 89 9 81 49 10 18 64 21 39 2 98 33 28 76 97 78 96 2 4 
78
0
33 50 71 33 45 9 86 71 69 99 13 55 97 75 83 32 90 2 76 38 
79
0
12 81 21 41 27 43 82 3 30 5 3 88 43 87 14 82 8 52 64 17 
80
0
76 18 98 86 34 95 39 69 7 40 55 50 24 57 57 55 80 94 55 51 
81
0
94 48 76 54 55 7 41 1 17 46 26 68 26 35 83 59 14 20 35 14 
82
0
60 89 73 85 7 21 61 60 56 76 16 96 68 11 24 5 4 15 69 33 
83
0
45 47 44 3 9 74 41 16 20 23 10 39 88 76 6 93 26 89 40 32 
84
0
29 25 22 43 57 74 10 28 67 59 15 49 36 79 80 63 19 89 21 13 
85
0
49 4 75 38 8 21 38 88 6 24 69 14 21 60 34 61 87 94 86 57 
86
0
67 71 53 2 35 63 81 89 25 27 1 41 69 61 33 64 87 39 77 69 
87
0
11 92 75 38 58 82 19 34 71 15 19 57 36 76 86 38 38 10 25 25 
88
0
93 21 30 62 83 1 16 64 79 6 28 2 46 90 93 80 60 50 58 71 
89
0
91 47 94 41 39 9 86 65 68 69 31 84 86 74 21 62 11 8 56 22 
90
0
18 60 69 66 91 26 76 9 32 39 62 68 23 6 29 23 73 33 86 39 
91
0
34 46 78 26 43 73 96 41 57 76 92 72 99 17 94 45 27 23 21 80 
92
0
6 27 56 82 87 73 64 28 19 42 83 60 29 50 28 57 29 60 80 94 
93
0
20 32 79 83 35 9 63 59 84 70 17 37 1 84 3 50 65 80 33 53 
94
0
96 53 42 52 53 29 24 14 96 60 6 87 85 41 91 63 87 23 26 2 
95
0
92 63 6 57 9 85 47 36 64 51 95 93 42 7 35 20 79 75 75 9 
96
0
50 13 95 66 74 91 28 5 65 71 74 90 22 11 60 58 32 71 51 31 
97
0
23 27 27 74 84 51 90 90 37 74 83 31 44 50 82 98 86 71 76 85 
98
0
11 40 63 58 96 28 53 66 49 15 51 44 49 75 80 62 53 88 63 97 
99
0
28 19 45 68 43 48 80 31 54 24 24 89 67 4 26 84 71 63 75 56 
