30
5
3005004
0
0
53 47 52 54 49 
1
0
26 28 33 27 27 
2
0
21 22 20 24 18 
3
0
53 51 59 53 55 
4
0
81 89 81 88 86 
5
0
68 69 67 66 68 
6
0
44 42 40 48 44 
7
0
39 46 40 45 41 
8
0
49 58 58 50 50 
9
0
72 70 71 74 63 
10
0
18 19 18 20 25 
11
0
36 32 31 37 36 
12
0
83 83 88 88 89 
13
0
45 40 41 42 47 
14
0
15 16 20 20 10 
15
0
52 51 55 56 59 
16
0
42 38 38 39 39 
17
0
35 31 40 34 37 
18
0
90 91 86 89 89 
19
0
60 56 57 59 61 
20
0
35 38 40 33 37 
21
0
23 23 19 18 23 
22
0
42 49 43 50 44 
23
0
17 22 18 18 14 
24
0
73 78 76 77 69 
25
0
62 54 55 59 57 
26
0
50 57 55 54 54 
27
0
58 63 62 62 66 
28
0
54 51 61 52 54 
29
0
30 31 29 31 29 
