30
20
3020101
0
0
64 85 71 9 1 7 22 50 47 37 61 27 65 94 94 1 36 26 9 57 
1
0
41 7 10 86 94 40 20 1 61 79 10 74 23 44 30 82 84 45 83 50 
2
0
39 55 87 50 10 76 36 20 20 21 96 85 9 62 10 51 57 90 65 67 
3
0
72 62 70 42 50 91 79 70 22 71 30 28 18 54 75 41 42 55 88 60 
4
0
86 63 83 72 12 26 90 29 23 23 50 66 69 41 62 48 69 77 5 85 
5
0
85 51 48 75 86 41 86 13 61 50 66 45 81 21 2 60 60 26 27 99 
6
0
49 37 29 55 57 52 59 26 21 25 25 22 16 5 88 46 37 83 63 80 
7
0
2 7 51 13 86 8 89 49 5 9 40 79 73 54 25 3 19 25 35 22 
8
0
75 99 76 36 91 54 56 92 26 32 69 21 2 23 21 75 96 80 43 74 
9
0
95 68 65 69 47 56 65 98 36 27 41 93 85 99 86 20 14 48 79 25 
10
0
1 39 99 28 39 15 83 46 9 36 60 98 57 65 48 11 59 7 95 73 
11
0
90 11 9 71 9 17 84 98 67 15 43 80 85 65 81 68 55 53 81 41 
12
0
28 40 3 37 7 12 73 45 20 36 21 75 55 62 13 9 35 31 18 7 
13
0
27 71 97 68 38 54 25 9 13 42 90 84 1 58 30 5 50 53 10 60 
14
0
54 90 63 85 37 91 80 46 55 48 79 61 94 50 10 57 37 54 87 56 
15
0
9 71 30 27 68 4 52 72 81 59 3 94 26 85 56 35 88 92 13 74 
16
0
92 64 50 34 39 27 79 22 51 69 14 49 91 55 19 77 38 16 61 47 
17
0
30 88 69 67 57 86 78 23 92 16 21 58 22 81 51 65 68 67 59 17 
18
0
99 64 98 50 90 77 94 49 61 23 5 95 60 23 36 33 1 24 94 9 
19
0
31 52 52 31 89 81 40 94 52 58 48 70 40 52 60 33 12 41 52 13 
20
0
81 64 85 98 60 61 94 12 84 91 59 10 90 46 54 1 77 49 25 39 
21
0
95 18 10 38 16 53 1 31 71 10 31 40 31 28 99 25 8 90 11 93 
22
0
94 80 6 24 51 67 11 82 93 52 40 95 69 3 85 31 32 32 15 89 
23
0
19 42 54 16 68 1 40 95 83 32 8 8 63 95 80 4 92 63 98 33 
24
0
47 52 4 96 70 15 38 74 82 16 96 70 65 44 45 65 98 23 41 69 
25
0
13 56 70 67 70 76 16 67 53 15 16 73 28 53 19 63 91 34 3 41 
26
0
26 63 39 6 4 79 2 36 18 31 76 85 12 44 35 9 92 43 33 58 
27
0
31 65 50 7 7 93 65 79 90 77 15 75 7 43 92 19 39 80 33 82 
28
0
8 30 74 29 22 67 91 77 79 36 76 42 26 57 9 29 39 44 2 76 
29
0
42 39 83 50 28 98 83 54 45 11 84 10 80 77 10 27 27 32 34 89 
