100
5
10005026
0
0
38 37 33 28 31 
1
0
56 57 63 57 58 
2
0
89 81 82 80 86 
3
0
53 50 59 57 53 
4
0
68 68 69 71 68 
5
0
54 52 60 56 63 
6
0
35 38 39 34 31 
7
0
17 12 11 18 18 
8
0
33 30 36 32 29 
9
0
51 42 47 49 49 
10
0
71 69 73 74 70 
11
0
75 75 69 70 66 
12
0
58 60 61 65 61 
13
0
95 96 98 97 91 
14
0
15 16 22 13 13 
15
0
83 81 82 82 79 
16
0
83 77 84 76 79 
17
0
26 26 25 24 30 
18
0
56 53 55 59 57 
19
0
39 39 41 46 38 
20
0
68 62 71 72 67 
21
0
87 81 81 85 79 
22
0
23 18 17 17 22 
23
0
44 50 41 45 41 
24
0
10 12 17 9 14 
25
0
55 51 56 49 48 
26
0
47 47 42 43 46 
27
0
45 40 44 43 37 
28
0
84 85 89 84 86 
29
0
78 79 81 82 76 
30
0
25 21 21 22 22 
31
0
29 29 28 37 35 
32
0
96 88 87 87 88 
33
0
34 36 34 30 35 
34
0
17 21 17 17 23 
35
0
96 90 93 91 89 
36
0
71 71 73 66 69 
37
0
5 10 1 5 3 
38
0
50 46 39 50 45 
39
0
78 73 83 84 75 
40
0
64 63 61 66 64 
41
0
18 15 14 14 14 
42
0
8 4 10 9 7 
43
0
47 42 47 43 50 
44
0
45 45 41 42 45 
45
0
32 25 27 29 32 
46
0
75 72 77 73 68 
47
0
51 44 53 46 54 
48
0
75 73 74 72 69 
49
0
96 92 95 91 97 
50
0
44 44 47 43 39 
51
0
25 23 21 24 15 
52
0
42 46 41 44 46 
53
0
94 96 95 93 96 
54
0
32 35 32 39 34 
55
0
52 50 51 48 51 
56
0
24 24 20 29 30 
57
0
76 77 75 78 74 
58
0
16 10 16 13 17 
59
0
87 88 85 82 87 
60
0
83 79 79 84 77 
61
0
23 25 25 28 26 
62
0
18 7 14 13 7 
63
0
38 46 38 40 42 
64
0
63 58 62 59 66 
65
0
39 39 44 38 37 
66
0
63 68 66 61 62 
67
0
69 65 74 69 64 
68
0
65 64 68 62 71 
69
0
66 65 66 68 68 
70
0
32 32 28 34 34 
71
0
6 4 11 3 2 
72
0
63 59 58 57 56 
73
0
55 60 58 59 66 
74
0
86 85 82 81 88 
75
0
49 49 58 55 55 
76
0
93 87 90 91 89 
77
0
54 51 48 50 49 
78
0
34 31 36 34 31 
79
0
49 43 52 53 46 
80
0
14 23 21 17 24 
81
0
15 25 17 16 25 
82
0
73 67 75 72 67 
83
0
14 15 16 20 17 
84
0
5 4 12 7 5 
85
0
20 11 18 18 14 
86
0
72 75 75 74 66 
87
0
30 37 32 33 37 
88
0
84 83 90 92 83 
89
0
78 82 78 84 78 
90
0
15 17 23 17 17 
91
0
71 70 72 66 68 
92
0
68 65 63 65 63 
93
0
64 70 66 69 62 
94
0
2 6 10 1 3 
95
0
32 28 24 26 28 
96
0
25 22 19 19 19 
97
0
6 4 3 8 8 
98
0
58 60 52 60 59 
99
0
84 77 81 83 84 
