200
20
20020022
0
0
66 57 26 52 47 14 32 30 89 88 77 32 38 63 92 76 26 83 69 83 
1
0
63 54 25 54 48 9 25 28 81 97 77 28 40 60 92 75 24 87 62 88 
2
0
69 55 20 48 44 8 24 31 80 93 84 33 33 62 86 76 28 87 68 83 
3
0
70 58 26 54 50 16 25 31 86 88 84 36 34 58 89 74 31 80 65 82 
4
0
69 52 17 47 49 11 29 35 79 90 83 28 35 60 92 71 32 83 69 87 
5
0
64 54 24 46 45 6 27 33 87 89 82 33 31 64 92 80 34 81 66 88 
6
0
68 56 26 45 41 9 24 33 82 89 81 34 37 65 93 80 27 78 65 79 
7
0
72 54 22 48 43 11 33 34 82 93 80 36 34 63 86 74 24 79 70 87 
8
0
65 59 26 54 48 16 32 37 84 97 78 28 33 58 95 73 29 77 67 85 
9
0
62 61 16 53 41 12 33 31 84 96 83 34 31 58 96 72 34 81 70 84 
10
0
64 57 18 51 50 9 25 36 87 90 84 35 33 66 90 71 28 86 63 87 
11
0
67 57 21 52 42 9 31 39 88 88 82 27 35 67 91 72 26 79 61 87 
12
0
66 52 22 55 42 9 27 37 89 93 77 37 38 63 92 80 29 77 67 87 
13
0
63 53 23 51 42 10 27 37 83 97 77 36 39 66 92 80 24 85 68 83 
14
0
67 56 20 49 51 10 34 31 88 95 76 34 31 63 95 79 34 80 71 88 
15
0
66 58 24 47 47 12 33 30 81 89 82 32 40 67 88 72 26 83 66 83 
16
0
71 57 17 50 41 7 34 29 86 95 78 37 37 68 95 73 32 81 63 84 
17
0
70 54 16 54 49 12 28 29 79 88 79 37 37 66 89 79 32 78 64 89 
18
0
62 55 26 48 40 12 29 30 82 94 86 31 34 58 95 73 26 79 65 82 
19
0
66 54 18 52 51 14 28 31 79 94 77 28 38 67 92 72 26 78 63 84 
20
0
70 54 26 54 43 10 33 29 87 91 77 36 32 58 94 72 24 77 66 81 
21
0
65 58 17 49 48 13 33 37 82 88 84 35 40 69 95 79 33 81 70 85 
22
0
62 56 18 51 46 13 26 32 82 89 84 33 36 66 86 75 33 86 61 87 
23
0
70 59 25 54 45 11 26 30 84 95 78 28 39 64 95 74 25 85 63 82 
24
0
69 56 23 52 46 6 29 38 79 94 77 31 40 67 96 72 34 77 65 86 
25
0
63 54 16 48 50 9 28 28 79 92 82 33 42 68 88 77 31 85 63 80 
26
0
62 55 17 51 41 11 24 33 85 93 78 32 38 62 92 80 28 82 71 86 
27
0
64 58 22 54 44 11 33 36 85 93 76 27 37 62 93 77 30 77 70 87 
28
0
63 51 25 56 47 14 31 35 89 89 86 35 36 66 93 72 29 87 63 80 
29
0
62 56 18 48 47 11 29 30 86 90 76 29 38 63 89 70 30 80 63 78 
30
0
67 51 17 46 41 7 30 34 89 95 82 32 37 65 88 75 32 84 65 88 
31
0
69 60 24 51 49 12 24 32 87 91 82 33 32 64 86 70 33 80 64 84 
32
0
68 56 21 56 48 13 28 29 86 90 82 27 34 66 86 75 34 85 64 85 
33
0
67 50 16 55 48 9 29 37 82 96 84 36 37 62 95 71 27 80 64 83 
34
0
66 50 19 53 47 13 29 32 84 92 76 31 36 65 89 81 25 85 69 82 
35
0
62 59 20 48 48 13 26 36 89 97 86 36 38 68 95 79 25 77 68 79 
36
0
68 59 25 54 43 12 24 28 82 94 82 35 40 66 96 77 32 78 63 85 
37
0
64 57 19 51 43 15 31 35 83 88 80 34 31 64 96 75 34 87 67 85 
38
0
64 59 26 49 50 8 35 34 81 87 76 34 37 62 89 78 33 85 67 88 
39
0
72 55 22 49 48 6 27 29 82 90 77 35 32 64 89 80 26 79 70 80 
40
0
65 56 21 46 44 10 28 30 81 89 76 30 38 58 86 78 34 79 70 86 
41
0
63 51 22 50 42 7 25 36 82 88 78 27 35 68 86 80 32 82 63 86 
42
0
66 54 23 51 43 8 24 34 84 87 82 36 39 60 91 78 31 81 69 85 
43
0
64 52 20 47 43 10 26 36 80 87 81 37 40 68 91 72 32 87 69 86 
44
0
72 54 22 47 46 13 25 38 83 97 84 35 38 64 87 74 29 86 63 81 
45
0
72 51 26 48 42 12 26 29 84 90 77 34 33 68 96 75 32 78 61 80 
46
0
63 50 20 53 49 15 31 29 85 90 80 32 31 68 97 76 24 76 66 89 
47
0
67 60 26 49 49 12 30 34 89 91 84 36 32 65 92 77 32 80 69 89 
48
0
72 58 24 54 43 7 24 37 88 88 80 35 42 59 94 71 32 82 70 83 
49
0
65 57 18 49 49 11 26 33 85 87 85 33 34 61 92 72 24 80 66 86 
50
0
66 54 21 50 50 14 34 30 89 91 78 29 34 62 93 78 30 81 70 84 
51
0
66 56 26 50 49 13 30 29 83 95 75 33 39 65 91 72 29 80 61 87 
52
0
72 54 18 49 49 9 24 29 89 96 83 36 41 67 94 71 31 82 71 83 
53
0
70 61 18 49 45 11 26 33 80 96 84 29 32 61 87 78 27 79 71 87 
54
0
70 56 25 50 48 8 27 39 88 91 83 28 39 67 91 80 30 79 63 86 
55
0
69 60 16 53 41 10 34 37 82 87 78 32 36 61 95 73 32 86 68 80 
56
0
68 54 22 52 48 14 30 39 81 89 80 30 39 66 92 79 23 77 64 83 
57
0
64 54 16 56 51 6 25 34 79 91 76 34 36 58 95 73 28 87 61 81 
58
0
63 53 24 52 49 14 28 36 83 90 83 34 39 65 96 72 30 78 65 84 
59
0
70 55 21 48 41 7 33 38 84 91 76 33 40 64 94 74 29 84 66 79 
60
0
66 51 26 50 50 15 33 38 81 91 76 28 37 59 89 79 25 78 67 81 
61
0
67 58 24 46 48 7 28 34 88 96 81 36 33 64 87 75 26 81 69 82 
62
0
67 61 22 54 46 16 30 36 84 90 85 35 40 58 93 76 25 80 71 83 
63
0
70 50 17 54 50 10 27 32 89 90 81 32 42 58 96 74 27 84 68 84 
64
0
62 53 24 55 44 10 29 30 85 93 85 31 35 59 96 77 31 83 67 79 
65
0
71 57 25 45 45 16 25 37 86 97 85 34 32 58 90 78 26 83 68 86 
66
0
67 60 26 50 47 9 29 28 87 92 82 33 37 62 96 79 29 82 62 86 
67
0
63 59 20 48 44 7 27 32 88 93 80 36 32 62 89 78 30 85 69 81 
68
0
63 56 18 52 43 6 27 36 88 94 77 26 38 69 96 79 34 77 71 83 
69
0
62 61 17 56 51 12 29 31 80 88 76 28 39 67 89 81 26 77 62 84 
70
0
64 54 21 46 42 6 29 31 79 95 77 29 41 65 96 76 26 79 63 87 
71
0
69 51 22 47 48 9 28 37 86 93 80 29 41 65 96 72 27 84 66 81 
72
0
65 52 19 55 42 9 24 29 81 89 76 27 33 59 94 80 33 77 63 87 
73
0
67 58 24 50 44 9 34 37 86 92 76 29 33 68 94 76 29 78 64 79 
74
0
68 59 18 47 47 14 25 34 88 92 86 32 38 68 91 80 25 85 67 83 
75
0
66 57 23 51 48 10 27 33 79 94 84 34 33 65 87 73 29 84 69 86 
76
0
66 59 23 55 50 8 27 36 83 95 76 29 32 65 87 74 33 86 69 87 
77
0
64 50 26 49 43 16 28 29 86 86 84 29 34 62 93 70 31 86 61 79 
78
0
72 51 20 55 45 15 33 30 85 90 77 28 32 66 96 80 24 83 64 79 
79
0
68 51 18 50 40 12 28 35 85 87 82 29 33 67 95 71 26 80 66 88 
80
0
68 55 21 54 41 10 34 39 86 92 86 31 32 65 92 77 27 85 61 79 
81
0
69 53 19 56 46 9 26 33 84 95 78 36 32 62 87 71 27 79 61 82 
82
0
64 54 18 51 44 9 25 28 82 92 81 35 38 67 90 77 27 79 66 86 
83
0
69 55 22 54 42 8 31 31 87 93 81 31 33 59 88 75 25 79 63 87 
84
0
62 60 16 54 43 7 25 35 89 90 85 34 33 63 94 74 27 83 68 82 
85
0
72 55 22 55 47 9 27 30 88 97 81 35 32 68 86 73 27 80 71 89 
86
0
63 56 19 48 42 16 29 28 85 89 84 26 31 59 95 79 26 85 69 78 
87
0
69 60 24 48 41 16 32 31 86 89 86 28 32 62 95 78 24 78 68 88 
88
0
64 57 25 47 43 12 28 30 79 93 85 29 35 66 91 79 28 84 67 87 
89
0
68 58 19 51 47 12 29 34 83 92 80 34 41 62 87 75 32 87 65 78 
90
0
70 55 26 48 42 12 32 37 87 95 76 32 35 67 86 75 24 80 61 78 
91
0
72 52 22 47 42 16 27 28 81 91 78 36 40 60 92 80 34 84 71 85 
92
0
70 61 21 54 47 13 32 38 86 89 83 27 34 59 96 74 31 82 68 80 
93
0
72 56 18 51 47 7 29 33 84 90 84 31 35 66 87 77 28 78 67 83 
94
0
66 60 22 52 48 7 29 37 86 92 77 31 39 61 94 70 28 78 71 83 
95
0
62 51 20 51 49 7 27 30 88 94 85 30 38 68 94 76 24 77 71 80 
96
0
67 56 18 51 46 13 27 34 81 95 83 30 37 59 88 73 33 83 64 79 
97
0
69 52 19 54 46 10 33 33 82 89 76 35 37 63 86 79 23 85 66 88 
98
0
65 55 20 48 43 16 25 38 79 95 86 27 35 67 96 73 27 83 67 83 
99
0
66 57 25 50 43 14 33 36 85 93 77 32 40 59 88 79 24 82 61 88 
100
0
62 61 26 51 45 10 34 34 88 86 79 30 34 59 89 70 28 83 69 82 
101
0
72 57 22 49 47 12 29 37 82 95 80 34 40 64 95 75 24 84 61 79 
102
0
67 53 26 51 46 14 25 38 87 96 76 30 38 69 97 74 27 77 68 84 
103
0
65 52 16 47 41 14 34 34 83 97 76 29 31 68 94 79 26 80 66 87 
104
0
71 56 23 53 42 13 31 33 83 91 82 31 42 64 89 71 27 79 61 82 
105
0
65 52 25 54 49 7 25 36 87 88 79 31 39 66 93 73 29 77 61 79 
106
0
71 60 23 53 45 9 33 33 79 90 81 30 39 61 89 79 30 80 62 78 
107
0
68 50 26 46 41 6 25 31 85 88 82 31 36 65 88 79 31 86 66 85 
108
0
72 57 26 54 45 16 30 37 85 94 79 28 40 68 92 77 26 83 69 86 
109
0
66 56 21 47 44 9 30 37 86 87 85 33 35 61 94 74 29 85 64 84 
110
0
65 54 19 55 47 8 33 31 84 89 82 32 42 58 88 76 30 78 65 83 
111
0
71 61 19 49 44 10 26 31 83 92 79 37 33 63 90 77 28 84 63 84 
112
0
72 54 23 46 42 6 26 32 84 91 81 27 34 63 90 70 34 81 62 83 
113
0
68 55 17 48 48 9 30 30 83 92 79 33 36 59 94 71 32 85 68 87 
114
0
68 53 16 53 50 16 31 34 89 90 79 32 42 61 94 79 27 81 63 85 
115
0
65 55 22 56 40 15 27 35 89 97 79 27 40 66 91 70 32 82 62 80 
116
0
61 58 25 53 43 14 32 35 83 94 80 37 37 62 88 71 26 79 61 83 
117
0
64 54 20 51 48 12 24 38 87 88 86 27 32 65 92 76 29 81 62 80 
118
0
69 55 18 46 50 8 27 37 84 89 80 36 32 64 93 78 26 85 61 79 
119
0
67 57 25 50 49 16 26 37 83 97 78 28 38 66 90 76 33 81 66 83 
120
0
70 54 26 54 41 9 30 31 88 91 86 35 33 68 87 74 33 81 71 81 
121
0
62 60 19 48 51 14 30 35 84 94 80 28 42 64 92 70 30 79 71 83 
122
0
64 60 18 52 43 13 29 28 87 91 79 34 37 59 94 80 25 84 63 78 
123
0
72 60 19 56 40 12 28 35 82 90 82 34 33 68 95 81 28 82 65 88 
124
0
71 60 20 49 48 14 28 38 86 97 76 28 31 68 89 79 31 79 71 87 
125
0
68 58 24 55 48 9 34 33 83 91 84 28 37 63 93 79 31 78 63 83 
126
0
68 59 25 53 49 15 31 35 82 89 79 27 37 58 92 72 27 85 63 84 
127
0
62 53 21 49 41 15 25 35 79 91 77 33 42 60 87 70 30 83 61 86 
128
0
67 58 17 52 47 10 28 32 82 95 77 34 32 67 91 71 29 78 70 86 
129
0
68 52 26 54 45 16 29 31 84 97 79 27 39 64 87 74 33 77 68 85 
130
0
64 51 18 46 49 16 26 36 87 88 82 31 37 67 96 77 26 86 63 83 
131
0
64 50 18 56 42 11 31 34 84 88 81 28 42 63 93 79 28 82 63 86 
132
0
63 60 19 48 48 9 34 32 86 97 76 30 37 64 93 73 33 76 61 88 
133
0
71 56 20 52 44 9 27 31 83 87 78 29 37 61 89 71 24 86 65 81 
134
0
70 61 17 51 42 12 32 35 84 94 81 27 41 68 96 80 24 80 68 80 
135
0
66 52 17 48 44 12 27 35 88 92 79 34 31 69 86 77 28 85 67 79 
136
0
72 51 20 56 49 9 34 36 87 88 76 33 41 64 91 73 24 81 71 85 
137
0
63 57 25 52 42 10 28 32 81 88 85 37 37 59 93 74 27 81 60 86 
138
0
65 55 24 47 51 16 27 38 89 93 81 27 34 61 88 75 24 86 61 81 
139
0
65 50 25 48 41 16 27 30 79 88 77 35 32 63 96 72 24 82 64 82 
140
0
69 55 17 55 43 9 29 33 86 91 78 36 34 58 93 79 28 77 66 88 
141
0
72 55 23 50 46 10 34 35 83 94 84 32 40 58 88 80 26 85 71 81 
142
0
67 57 25 55 51 13 31 38 83 95 82 32 39 61 89 76 29 80 70 85 
143
0
69 53 21 52 50 11 33 29 81 92 76 36 34 63 88 75 33 84 61 84 
144
0
64 59 20 49 40 10 32 29 81 87 77 37 38 67 91 79 28 79 70 78 
145
0
72 54 21 49 42 11 33 31 82 94 76 30 42 69 93 76 33 77 71 80 
146
0
62 51 26 52 47 14 33 36 80 94 79 33 41 60 91 74 25 86 69 88 
147
0
64 53 16 47 41 16 32 34 89 90 85 32 39 67 94 79 29 78 69 85 
148
0
62 57 18 47 40 14 32 29 83 96 78 31 32 61 92 76 26 82 61 84 
149
0
66 57 19 54 49 8 33 30 88 94 86 34 34 59 90 71 24 84 68 85 
150
0
71 57 20 46 45 8 29 39 84 90 85 33 36 65 96 80 30 83 65 84 
151
0
67 52 20 50 41 14 28 31 85 88 83 35 37 63 95 75 34 78 70 88 
152
0
67 52 17 52 45 14 24 38 83 91 81 31 39 66 90 78 29 83 66 85 
153
0
67 61 21 53 41 12 31 32 80 94 81 28 38 60 87 73 33 82 71 81 
154
0
65 58 19 47 42 9 27 34 83 92 79 36 35 62 93 75 30 85 65 83 
155
0
64 51 18 51 46 6 27 31 84 92 76 27 34 59 86 75 33 86 67 86 
156
0
64 56 22 52 41 12 28 36 86 96 79 31 40 62 96 79 32 83 67 81 
157
0
71 60 24 49 51 11 24 39 80 97 80 27 34 60 91 70 33 79 69 80 
158
0
62 52 25 49 47 15 28 38 82 93 80 33 37 68 91 76 25 79 61 79 
159
0
66 58 26 53 44 13 28 36 81 89 80 29 42 62 91 74 33 77 71 86 
160
0
63 60 26 50 47 9 29 38 81 96 84 30 35 63 96 71 31 77 64 79 
161
0
64 55 22 55 48 13 32 35 82 96 86 30 38 61 86 79 33 80 62 85 
162
0
63 58 21 49 40 16 25 29 80 91 80 35 32 58 89 75 27 85 65 78 
163
0
70 56 16 55 43 10 27 35 89 93 80 34 36 61 90 75 24 78 64 83 
164
0
65 56 18 51 42 8 34 29 89 90 78 28 35 68 89 75 28 81 70 83 
165
0
68 56 17 51 49 14 29 36 81 89 86 32 37 63 94 76 31 86 61 82 
166
0
63 61 26 46 41 8 28 37 83 89 86 32 35 68 89 79 32 82 69 87 
167
0
63 55 23 52 47 6 34 28 87 96 81 37 37 60 88 77 30 76 66 85 
168
0
72 51 25 48 49 15 29 33 85 88 78 29 40 65 96 73 30 83 66 80 
169
0
65 50 22 51 45 12 27 33 85 90 79 28 38 65 94 81 33 85 62 84 
170
0
71 57 26 53 41 8 32 32 79 96 83 30 41 63 86 71 27 81 69 88 
171
0
62 52 19 54 40 9 24 38 88 94 86 35 36 60 89 74 33 78 67 86 
172
0
68 58 24 47 48 9 27 37 83 90 83 27 40 63 87 77 26 81 61 86 
173
0
63 56 16 51 42 9 28 30 84 89 80 33 39 65 92 71 25 85 66 83 
174
0
66 51 24 52 45 14 33 38 85 94 85 29 39 59 86 73 29 79 68 88 
175
0
72 54 20 49 45 10 29 38 83 88 81 31 39 59 87 73 32 85 61 83 
176
0
67 56 18 46 41 12 28 31 86 96 80 36 37 63 89 80 29 77 64 87 
177
0
69 57 20 47 43 7 24 34 87 89 81 32 41 67 88 78 27 77 67 81 
178
0
71 51 16 49 43 6 32 29 89 94 85 30 36 59 93 77 25 79 63 84 
179
0
62 60 18 47 45 14 29 32 84 96 86 28 32 60 94 74 34 79 69 80 
180
0
65 53 21 54 46 8 26 31 87 97 85 27 38 63 87 80 31 84 71 80 
181
0
66 58 18 51 49 8 25 28 88 93 79 28 41 59 92 78 33 79 71 87 
182
0
72 60 22 52 48 11 26 38 88 95 84 28 34 66 88 80 34 86 70 81 
183
0
65 57 24 52 45 9 28 33 86 93 77 28 36 61 87 72 34 80 66 79 
184
0
66 53 18 46 48 10 31 31 89 89 80 36 41 61 95 75 34 87 62 88 
185
0
63 59 21 48 43 6 24 31 80 89 77 29 37 60 86 73 27 81 66 81 
186
0
63 54 19 47 43 6 29 36 86 96 77 29 35 67 89 78 28 85 63 88 
187
0
71 56 26 51 45 7 35 36 80 93 77 35 34 60 91 71 29 79 68 81 
188
0
71 53 25 53 42 9 26 32 89 93 86 34 33 68 89 80 33 80 62 86 
189
0
63 61 24 55 44 10 25 28 80 91 81 31 42 63 87 73 29 86 67 83 
190
0
70 57 26 46 47 15 24 29 81 92 86 35 41 61 96 77 34 78 64 88 
191
0
71 59 18 47 48 8 29 37 84 88 79 31 34 60 93 78 26 77 71 78 
192
0
71 57 18 45 43 7 33 28 82 88 79 35 38 58 91 75 28 82 66 79 
193
0
63 55 17 51 41 6 25 31 89 96 82 33 36 61 95 74 24 79 71 86 
194
0
69 59 23 55 50 15 32 31 85 90 83 27 32 65 95 80 24 85 70 87 
195
0
65 57 20 49 48 11 29 34 83 96 80 30 39 62 90 78 32 79 67 83 
196
0
69 55 23 50 47 9 28 37 88 92 76 35 42 58 95 72 32 81 61 82 
197
0
69 51 17 54 48 14 34 37 82 94 85 35 41 60 96 74 25 78 66 84 
198
0
70 56 17 56 47 10 29 29 80 91 85 33 33 68 90 72 32 78 65 84 
199
0
62 55 25 49 49 6 28 28 89 87 84 35 35 59 93 71 32 83 70 79 
