100
20
10020018
0
0
38 42 66 11 74 89 62 80 34 79 84 74 81 19 76 63 22 47 39 95 
1
0
48 50 65 11 84 81 57 76 32 76 93 71 83 21 80 57 17 48 36 87 
2
0
44 51 67 11 81 88 56 78 40 73 90 67 85 22 84 63 13 50 34 97 
3
0
41 46 67 7 81 91 59 77 41 77 89 71 86 23 75 64 14 41 32 94 
4
0
49 50 67 14 77 84 63 80 36 77 84 73 90 28 81 66 14 46 28 86 
5
0
48 43 70 9 77 88 63 83 41 81 83 76 83 21 76 55 17 49 30 92 
6
0
45 41 70 10 80 91 61 80 35 73 82 74 90 25 81 58 22 43 33 95 
7
0
40 49 62 14 76 86 66 82 33 75 83 70 87 24 79 63 17 43 30 91 
8
0
45 41 64 14 82 90 56 78 41 72 92 75 88 28 79 60 13 47 35 90 
9
0
46 50 64 12 75 85 64 82 36 71 90 69 88 28 82 57 22 45 29 89 
10
0
42 43 71 8 78 83 60 76 34 74 90 76 83 22 73 57 17 44 34 88 
11
0
46 48 64 13 80 89 57 83 42 79 93 76 83 27 78 62 16 43 30 87 
12
0
40 43 62 7 79 87 59 84 41 78 89 68 84 21 80 59 18 50 35 89 
13
0
44 42 62 15 80 89 62 78 35 73 91 71 86 24 74 56 15 49 36 96 
14
0
43 46 63 17 83 88 62 75 39 73 85 70 86 20 74 59 17 42 38 88 
15
0
48 41 68 17 83 86 60 84 42 75 88 73 81 21 80 64 18 44 34 88 
16
0
49 49 63 7 82 84 61 81 32 80 86 75 83 29 83 64 16 49 38 91 
17
0
46 47 69 13 78 91 58 84 41 76 85 69 85 24 81 57 21 42 31 92 
18
0
43 50 63 10 84 82 58 79 37 77 84 70 83 29 79 61 17 47 34 88 
19
0
49 43 62 9 80 84 64 83 35 80 86 71 87 26 75 62 18 49 37 88 
20
0
48 42 69 9 76 90 60 83 42 80 83 69 85 26 79 57 17 46 39 97 
21
0
44 51 66 8 82 82 66 78 38 73 86 75 89 19 81 64 13 42 29 86 
22
0
43 51 64 7 84 84 58 74 33 71 88 67 83 19 80 56 15 51 29 86 
23
0
43 42 63 8 76 85 63 80 34 75 82 76 89 20 78 63 18 51 39 86 
24
0
47 50 66 16 83 87 66 78 36 71 87 71 86 22 79 62 18 44 34 92 
25
0
47 47 62 13 75 81 58 78 38 76 86 70 84 29 83 57 12 49 31 90 
26
0
46 44 62 7 73 89 64 81 34 80 93 72 87 20 79 66 14 49 35 94 
27
0
38 51 71 17 76 86 63 74 36 71 86 69 86 25 80 56 18 44 35 91 
28
0
42 45 63 11 76 91 57 76 42 75 83 68 85 19 81 57 18 47 35 95 
29
0
39 49 70 15 74 86 64 79 35 77 86 67 81 23 75 60 12 49 38 92 
30
0
39 41 65 14 77 81 57 80 42 71 92 71 84 22 84 62 21 44 32 90 
31
0
46 45 65 15 78 91 62 80 39 72 88 77 81 29 80 61 15 43 35 91 
32
0
41 44 61 10 78 88 62 79 37 77 92 71 87 29 81 60 19 41 32 92 
33
0
46 50 64 15 82 83 65 76 34 75 90 74 89 28 79 65 18 48 31 91 
34
0
47 43 69 13 83 88 66 76 34 80 86 67 91 25 75 62 13 51 39 94 
35
0
47 45 66 16 78 91 57 81 34 77 88 69 86 27 84 66 18 42 35 88 
36
0
45 47 61 10 81 82 59 82 32 70 85 66 83 23 76 65 19 43 29 96 
37
0
43 45 62 8 82 84 56 74 38 78 92 72 88 26 84 62 16 50 39 94 
38
0
39 51 61 14 80 83 61 82 35 77 88 67 86 27 84 66 15 51 32 89 
39
0
39 48 70 16 78 81 65 82 34 74 84 67 85 19 84 66 12 49 36 90 
40
0
44 44 68 12 76 83 63 75 38 71 87 66 81 28 78 64 21 47 37 89 
41
0
40 44 64 10 74 86 59 78 42 77 87 71 90 28 75 61 13 43 33 92 
42
0
38 49 69 13 83 88 64 79 43 73 87 72 85 27 75 62 19 46 29 96 
43
0
47 48 70 11 74 83 60 84 38 77 90 70 82 25 84 64 19 46 34 94 
44
0
47 48 68 16 81 85 65 80 43 71 87 67 83 19 81 56 16 48 30 94 
45
0
41 51 70 14 82 86 65 74 34 80 90 71 89 19 73 66 13 42 34 96 
46
0
42 42 69 11 74 86 58 77 33 72 89 72 90 27 74 66 16 40 37 93 
47
0
46 47 64 17 80 88 63 75 34 72 86 74 85 22 76 65 20 46 35 94 
48
0
39 44 67 17 81 86 58 74 38 75 85 66 86 23 77 63 16 47 36 94 
49
0
43 48 62 14 81 86 61 82 40 74 88 71 85 27 84 59 17 44 30 93 
50
0
48 51 68 12 79 87 65 76 37 75 88 74 90 23 78 58 22 44 35 95 
51
0
39 49 63 12 83 87 66 83 36 71 92 73 90 20 75 65 13 44 34 95 
52
0
43 46 62 7 83 90 57 82 36 73 88 69 87 20 84 66 16 51 34 95 
53
0
44 44 66 8 74 91 61 83 35 80 91 67 82 24 77 65 22 47 35 95 
54
0
40 42 64 13 74 84 66 77 42 71 84 69 89 26 74 64 17 50 38 92 
55
0
48 43 69 14 81 88 63 76 43 74 84 69 83 28 80 58 19 49 38 87 
56
0
40 42 63 15 82 87 57 79 35 76 92 70 88 22 84 65 21 50 34 92 
57
0
44 51 64 17 77 83 65 81 37 79 86 75 83 27 83 61 19 40 35 92 
58
0
45 51 67 11 84 88 63 78 37 79 92 66 84 24 77 65 22 41 38 86 
59
0
41 44 69 7 82 82 66 79 35 78 82 76 88 27 80 61 20 43 31 87 
60
0
43 52 64 13 78 84 56 76 38 75 85 73 89 26 84 63 11 45 38 92 
61
0
46 41 65 14 80 83 64 81 41 75 91 67 86 21 84 61 15 51 28 92 
62
0
47 50 62 9 80 91 62 85 38 72 86 68 86 19 77 55 14 40 34 88 
63
0
46 49 68 17 84 91 65 75 36 75 90 73 83 26 78 62 12 47 29 86 
64
0
41 49 69 13 74 87 63 83 33 75 83 73 85 20 78 58 18 49 35 88 
65
0
46 44 68 11 76 87 56 84 33 73 90 76 89 19 82 58 16 49 39 90 
66
0
41 47 70 13 81 84 63 78 42 79 93 70 88 29 75 59 21 47 36 92 
67
0
47 41 61 9 77 85 59 76 33 74 90 69 86 20 74 58 17 44 37 94 
68
0
39 46 67 7 76 89 57 82 43 72 88 73 84 23 84 66 21 41 31 91 
69
0
39 48 71 7 74 83 61 75 43 81 89 67 87 22 77 63 21 44 37 95 
70
0
41 46 67 17 81 84 61 83 37 75 89 74 86 27 80 64 12 43 35 91 
71
0
45 46 68 9 73 86 55 78 34 71 90 74 89 21 75 56 18 45 36 92 
72
0
40 43 63 9 79 87 56 76 43 78 84 67 81 29 82 56 16 44 35 95 
73
0
43 48 66 8 79 86 57 79 41 72 87 70 90 22 83 62 13 42 34 97 
74
0
44 45 66 7 81 89 57 82 39 72 91 73 87 24 81 56 14 50 32 88 
75
0
39 44 71 14 81 81 60 80 40 76 82 76 89 27 83 66 13 45 31 86 
76
0
43 50 61 16 78 86 63 81 33 70 92 76 81 19 77 62 15 43 33 86 
77
0
45 43 67 13 75 84 62 74 36 81 86 72 91 19 83 63 17 48 38 96 
78
0
43 43 69 14 77 88 65 80 42 80 91 69 90 28 79 60 14 50 37 93 
79
0
41 50 64 10 74 87 62 80 36 71 88 74 88 22 81 58 20 47 33 93 
80
0
41 45 65 17 77 81 66 83 34 77 87 75 81 28 80 59 15 49 30 92 
81
0
45 44 71 11 75 88 59 80 40 73 88 76 89 29 81 61 19 45 37 95 
82
0
44 43 63 12 77 86 60 74 40 74 84 69 86 19 77 56 22 44 36 97 
83
0
48 49 71 13 83 91 58 80 34 78 85 69 87 22 79 63 14 46 35 89 
84
0
42 49 71 8 81 86 60 82 35 72 89 69 91 22 76 63 15 48 37 90 
85
0
48 48 62 8 78 89 62 77 42 71 87 67 81 21 74 61 18 47 32 95 
86
0
41 51 66 7 80 87 59 84 39 72 92 72 87 22 76 65 18 50 33 87 
87
0
48 42 63 12 83 88 56 74 39 76 91 67 86 29 82 63 16 46 37 87 
88
0
44 41 64 8 77 89 56 78 41 72 86 71 83 26 77 66 12 42 36 90 
89
0
48 52 67 16 82 85 60 78 39 81 85 72 85 29 74 57 13 45 29 87 
90
0
41 42 67 9 75 82 65 78 39 73 87 76 81 26 79 63 11 50 30 94 
91
0
39 50 62 8 78 86 65 78 39 78 87 75 88 24 78 61 19 49 35 96 
92
0
46 50 65 16 79 88 60 85 40 71 86 67 84 26 80 59 17 42 38 94 
93
0
46 41 67 10 80 85 60 76 32 79 87 73 90 22 74 59 16 48 29 91 
94
0
43 52 63 15 77 89 63 81 33 80 90 74 82 24 79 64 12 50 33 96 
95
0
46 43 69 10 79 87 64 80 37 78 90 72 83 27 77 56 22 42 33 86 
96
0
46 49 70 14 78 83 56 76 37 77 84 72 81 19 79 56 13 49 34 93 
97
0
48 48 66 9 73 84 64 79 43 75 85 74 86 21 82 60 21 50 37 90 
98
0
44 43 66 9 73 87 59 77 37 74 92 74 83 21 79 59 17 45 32 93 
99
0
43 44 70 13 84 87 66 77 43 73 86 70 85 26 79 57 17 42 31 88 
