200
5
20005016
0
0
57 19 68 75 55 
1
0
56 25 74 54 43 
2
0
56 52 42 24 43 
3
0
23 40 88 92 65 
4
0
11 34 71 25 81 
5
0
3 27 39 15 15 
6
0
30 55 4 41 81 
7
0
52 72 23 76 9 
8
0
47 39 18 48 74 
9
0
34 43 57 65 9 
10
0
20 61 32 44 34 
11
0
83 24 34 9 72 
12
0
5 42 52 36 63 
13
0
62 3 39 46 67 
14
0
86 98 91 68 82 
15
0
84 36 10 79 54 
16
0
17 95 72 3 80 
17
0
34 47 32 95 6 
18
0
23 40 2 25 47 
19
0
4 84 7 88 50 
20
0
60 68 71 44 67 
21
0
10 45 2 32 93 
22
0
17 71 5 76 97 
23
0
96 47 98 75 67 
24
0
19 93 12 5 57 
25
0
63 72 63 54 85 
26
0
11 38 1 36 75 
27
0
31 55 44 42 12 
28
0
79 90 31 27 92 
29
0
7 74 5 58 98 
30
0
78 65 4 98 74 
31
0
97 92 28 61 12 
32
0
34 58 72 14 44 
33
0
36 18 98 10 42 
34
0
87 67 63 23 15 
35
0
94 63 63 7 16 
36
0
67 75 6 92 6 
37
0
87 78 84 98 21 
38
0
75 96 88 76 18 
39
0
95 68 16 50 86 
40
0
86 1 31 78 89 
41
0
20 91 17 81 52 
42
0
88 76 51 38 90 
43
0
53 50 30 97 44 
44
0
51 83 55 30 68 
45
0
25 13 36 42 61 
46
0
64 65 20 27 37 
47
0
26 8 33 64 21 
48
0
25 92 9 93 3 
49
0
16 92 85 83 44 
50
0
30 83 13 71 38 
51
0
60 41 3 15 67 
52
0
35 46 1 38 46 
53
0
74 12 32 10 35 
54
0
66 75 89 43 18 
55
0
21 62 70 72 84 
56
0
4 4 57 63 39 
57
0
38 38 6 16 80 
58
0
62 20 62 79 73 
59
0
34 8 96 44 89 
60
0
59 17 46 91 28 
61
0
58 84 68 7 45 
62
0
99 33 27 57 34 
63
0
10 19 14 12 99 
64
0
24 32 80 30 13 
65
0
49 66 9 12 63 
66
0
13 23 28 85 75 
67
0
2 15 27 64 43 
68
0
98 55 63 9 35 
69
0
43 10 29 50 21 
70
0
44 40 58 13 38 
71
0
81 13 36 2 29 
72
0
84 22 89 58 36 
73
0
55 22 85 18 45 
74
0
9 51 57 37 17 
75
0
16 46 11 86 55 
76
0
4 20 65 80 5 
77
0
89 92 84 64 59 
78
0
99 41 79 39 62 
79
0
28 1 59 22 36 
80
0
34 40 65 20 69 
81
0
35 30 37 25 30 
82
0
62 93 49 79 57 
83
0
32 86 68 18 75 
84
0
76 12 66 17 7 
85
0
15 62 8 16 15 
86
0
19 22 55 49 40 
87
0
63 90 22 64 88 
88
0
86 82 60 90 95 
89
0
35 60 2 68 43 
90
0
28 37 40 6 15 
91
0
14 77 56 98 17 
92
0
65 50 72 57 95 
93
0
62 8 84 62 72 
94
0
67 59 50 85 95 
95
0
64 37 80 55 90 
96
0
41 47 25 23 84 
97
0
80 53 23 74 34 
98
0
34 27 97 56 95 
99
0
93 82 95 16 55 
100
0
63 59 48 79 3 
101
0
44 1 20 29 93 
102
0
9 16 51 34 58 
103
0
57 42 17 22 90 
104
0
60 36 47 69 65 
105
0
64 38 3 94 58 
106
0
41 11 98 31 5 
107
0
88 60 32 98 21 
108
0
62 18 1 84 13 
109
0
75 77 78 76 79 
110
0
29 49 98 14 97 
111
0
45 57 92 95 53 
112
0
75 34 91 25 51 
113
0
57 62 91 1 37 
114
0
8 38 48 28 44 
115
0
92 43 41 98 2 
116
0
84 72 38 27 66 
117
0
46 21 62 50 50 
118
0
34 90 88 55 10 
119
0
46 80 16 61 77 
120
0
14 60 31 31 27 
121
0
29 74 47 38 81 
122
0
7 98 11 76 25 
123
0
36 85 18 24 88 
124
0
63 14 76 92 45 
125
0
31 56 68 10 47 
126
0
48 98 41 8 94 
127
0
49 45 61 32 30 
128
0
55 45 13 70 94 
129
0
51 97 34 86 15 
130
0
39 51 17 47 84 
131
0
45 57 38 95 74 
132
0
27 45 90 87 17 
133
0
90 33 72 57 99 
134
0
32 57 69 27 77 
135
0
57 73 43 40 2 
136
0
35 90 97 78 32 
137
0
10 73 70 16 12 
138
0
79 78 91 63 38 
139
0
60 30 22 55 97 
140
0
19 70 15 25 44 
141
0
86 43 37 28 64 
142
0
40 35 22 67 36 
143
0
37 97 51 66 15 
144
0
20 77 75 48 84 
145
0
25 34 51 3 82 
146
0
79 62 5 73 54 
147
0
15 26 32 35 95 
148
0
79 74 96 47 65 
149
0
38 99 69 73 18 
150
0
15 36 5 33 36 
151
0
67 30 21 47 2 
152
0
29 70 8 24 91 
153
0
96 96 21 11 59 
154
0
83 72 73 45 59 
155
0
54 17 73 21 92 
156
0
76 23 65 27 72 
157
0
52 76 48 75 1 
158
0
63 59 45 54 95 
159
0
14 67 58 21 43 
160
0
34 60 2 61 42 
161
0
84 37 65 61 77 
162
0
20 10 40 14 35 
163
0
20 90 76 8 93 
164
0
95 44 39 81 63 
165
0
77 31 39 19 79 
166
0
57 75 91 61 32 
167
0
2 44 48 4 20 
168
0
20 52 82 85 69 
169
0
84 75 10 11 85 
170
0
67 54 97 66 21 
171
0
83 1 15 43 88 
172
0
94 22 9 1 99 
173
0
63 77 30 6 60 
174
0
75 54 71 90 2 
175
0
12 8 56 68 84 
176
0
61 47 68 85 63 
177
0
8 17 72 96 47 
178
0
67 76 28 46 9 
179
0
50 44 81 84 17 
180
0
11 19 2 98 40 
181
0
13 57 71 48 76 
182
0
41 88 76 10 8 
183
0
29 31 99 43 92 
184
0
76 21 35 45 44 
185
0
37 80 18 14 33 
186
0
19 91 18 76 83 
187
0
85 56 84 7 6 
188
0
51 13 18 83 43 
189
0
79 63 65 87 43 
190
0
42 65 50 39 70 
191
0
38 29 38 98 67 
192
0
34 64 99 57 62 
193
0
55 61 1 61 26 
194
0
95 30 73 19 48 
195
0
21 14 18 46 4 
196
0
7 64 14 68 22 
197
0
81 8 21 56 31 
198
0
10 12 37 83 76 
199
0
42 43 40 5 7 
