100
5
10005027
0
0
29 35 38 34 34 
1
0
68 69 66 66 68 
2
0
75 66 73 73 71 
3
0
88 89 90 86 87 
4
0
60 55 62 61 62 
5
0
55 47 52 45 47 
6
0
89 94 88 93 87 
7
0
79 84 76 78 81 
8
0
62 63 54 59 56 
9
0
74 79 78 80 81 
10
0
57 56 57 66 56 
11
0
88 98 93 88 94 
12
0
82 91 80 89 87 
13
0
71 72 78 76 77 
14
0
99 91 96 90 100 
15
0
7 6 8 9 9 
16
0
29 28 25 30 31 
17
0
53 54 57 58 56 
18
0
9 11 11 13 15 
19
0
4 7 10 9 6 
20
0
79 70 73 70 72 
21
0
73 77 79 78 80 
22
0
33 36 35 36 37 
23
0
6 9 3 4 6 
24
0
13 12 11 10 7 
25
0
96 93 89 93 97 
26
0
54 54 51 57 52 
27
0
71 75 78 71 73 
28
0
84 82 83 80 83 
29
0
89 88 89 86 87 
30
0
50 50 51 50 55 
31
0
88 92 98 92 90 
32
0
58 61 56 51 59 
33
0
71 72 70 69 74 
34
0
7 3 10 5 4 
35
0
57 57 52 52 59 
36
0
50 51 44 47 46 
37
0
47 48 48 43 51 
38
0
66 62 67 62 65 
39
0
29 27 28 27 32 
40
0
47 47 48 49 56 
41
0
20 11 10 14 14 
42
0
74 76 72 74 72 
43
0
64 68 63 62 70 
44
0
20 26 23 22 28 
45
0
28 25 26 21 20 
46
0
53 57 50 56 49 
47
0
68 64 68 64 65 
48
0
42 36 40 36 36 
49
0
29 26 23 31 26 
50
0
14 13 16 16 19 
51
0
38 40 42 42 41 
52
0
97 88 87 94 97 
53
0
47 48 44 44 54 
54
0
50 51 50 46 51 
55
0
79 78 79 76 79 
56
0
50 53 47 50 51 
57
0
29 31 31 29 30 
58
0
38 44 41 35 41 
59
0
87 84 88 87 80 
60
0
68 67 60 64 61 
61
0
47 51 47 48 43 
62
0
80 82 83 82 85 
63
0
98 98 97 95 91 
64
0
79 79 78 76 80 
65
0
17 24 25 25 23 
66
0
75 68 74 71 75 
67
0
35 41 35 37 38 
68
0
41 36 41 40 41 
69
0
86 86 87 85 80 
70
0
30 31 39 32 40 
71
0
29 37 31 36 31 
72
0
68 59 63 60 62 
73
0
94 89 89 100 94 
74
0
91 88 87 88 87 
75
0
15 20 22 13 19 
76
0
94 88 93 86 85 
77
0
73 70 75 75 67 
78
0
47 43 41 44 44 
79
0
7 9 12 10 9 
80
0
25 34 32 33 32 
81
0
12 12 19 16 16 
82
0
41 35 35 45 40 
83
0
71 72 70 61 69 
84
0
65 70 61 66 71 
85
0
31 28 25 28 25 
86
0
32 34 39 31 36 
87
0
10 11 11 18 10 
88
0
43 36 42 36 33 
89
0
77 80 76 76 76 
90
0
62 61 63 68 67 
91
0
41 43 44 50 50 
92
0
13 17 13 17 14 
93
0
13 17 17 10 12 
94
0
13 13 14 18 11 
95
0
50 52 50 49 55 
96
0
43 48 40 43 47 
97
0
46 42 42 43 45 
98
0
69 76 71 68 69 
99
0
67 69 69 65 65 
