10
20
1020002
0
0
97 98 89 95 97 95 92 96 95 98 96 91 95 99 91 96 90 96 90 94 
1
0
52 50 59 53 53 56 51 57 49 54 55 58 60 55 55 51 50 50 50 51 
2
0
10 8 14 13 6 13 11 8 9 10 11 16 13 13 8 6 13 16 9 15 
3
0
32 24 32 30 26 24 24 30 33 28 26 29 26 30 22 24 25 32 23 30 
4
0
79 78 80 73 77 75 82 75 75 73 82 75 79 74 76 74 80 75 79 80 
5
0
10 15 15 13 15 5 12 5 11 6 7 16 12 6 9 10 12 16 15 9 
6
0
17 13 22 14 13 12 17 20 18 21 22 17 21 22 21 13 21 13 21 16 
7
0
75 79 71 81 78 78 74 79 77 72 81 71 71 75 73 79 78 79 73 78 
8
0
38 43 38 40 46 48 43 37 46 46 41 41 38 38 45 40 46 43 39 44 
9
0
73 68 77 71 78 76 75 76 76 78 78 70 72 69 76 69 71 72 77 77 
