50
10
5010101
0
0
26 46 97 68 6 2 59 70 51 60 
1
0
30 36 95 67 5 4 58 67 44 53 
2
0
25 45 92 75 9 9 65 70 53 60 
3
0
27 45 97 67 7 2 59 72 50 58 
4
0
26 38 96 70 8 11 63 67 53 62 
5
0
22 43 96 76 9 7 64 64 53 56 
6
0
28 40 97 69 11 2 64 68 47 54 
7
0
26 40 98 72 3 9 65 71 53 59 
8
0
28 40 97 70 8 6 66 70 49 61 
9
0
21 43 90 74 3 6 57 65 48 57 
10
0
25 45 97 73 6 1 63 73 52 60 
11
0
23 38 89 70 10 2 57 72 45 55 
12
0
28 42 94 68 3 10 62 70 53 56 
13
0
21 36 93 75 8 9 59 68 47 62 
14
0
24 45 95 72 12 2 61 65 53 60 
15
0
21 46 90 75 6 6 62 69 53 54 
16
0
27 42 97 75 12 10 63 65 54 54 
17
0
21 39 97 75 10 2 56 70 46 53 
18
0
23 37 92 69 12 7 57 65 51 57 
19
0
29 46 92 68 12 4 56 70 51 57 
20
0
26 44 90 74 9 4 57 69 45 61 
21
0
24 43 99 72 8 10 56 68 52 62 
22
0
28 46 98 77 13 5 66 69 54 62 
23
0
26 41 91 73 7 6 59 71 54 54 
24
0
24 42 93 72 6 8 55 63 49 59 
25
0
24 45 97 72 9 6 65 68 49 64 
26
0
20 40 90 70 7 10 61 70 53 53 
27
0
28 42 97 73 13 8 57 69 49 55 
28
0
27 39 98 68 2 6 61 66 54 54 
29
0
23 38 98 76 4 7 59 70 51 54 
30
0
21 44 92 73 3 1 61 69 49 61 
31
0
19 42 96 68 13 2 64 64 52 56 
32
0
19 45 90 71 7 5 58 63 53 56 
33
0
26 37 89 72 5 7 60 73 54 58 
34
0
26 37 91 72 11 10 58 70 51 53 
35
0
21 40 92 75 9 3 57 68 54 58 
36
0
30 46 94 76 7 3 60 73 54 58 
37
0
24 41 97 67 7 11 61 65 44 60 
38
0
26 45 96 70 8 7 56 63 52 54 
39
0
28 39 92 73 10 7 57 70 48 61 
40
0
21 45 92 72 6 7 57 70 53 59 
41
0
26 37 98 67 6 6 61 68 53 63 
42
0
28 44 93 67 13 11 63 71 45 61 
43
0
29 36 93 75 12 2 58 71 46 53 
44
0
26 39 93 70 8 10 64 71 45 54 
45
0
27 39 97 69 4 7 60 63 46 61 
46
0
20 44 91 77 12 2 56 67 53 57 
47
0
25 46 98 69 10 10 55 71 50 55 
48
0
22 38 97 74 10 6 61 69 47 55 
49
0
22 39 89 67 12 10 62 63 51 57 
