50
5
5005005
0
0
19 81 33 72 85 
1
0
20 79 35 73 90 
2
0
18 78 34 81 86 
3
0
23 82 40 73 88 
4
0
25 88 34 75 92 
5
0
22 80 34 74 92 
6
0
19 79 38 73 94 
7
0
26 87 36 76 92 
8
0
23 81 37 74 93 
9
0
25 85 42 80 89 
10
0
22 88 38 80 90 
11
0
24 83 41 74 87 
12
0
22 86 37 78 91 
13
0
24 87 35 81 93 
14
0
17 85 36 71 91 
15
0
16 85 43 79 87 
16
0
21 87 33 73 91 
17
0
18 84 33 76 91 
18
0
24 84 33 75 92 
19
0
20 82 32 76 88 
20
0
25 87 42 76 95 
21
0
16 88 43 77 85 
22
0
19 82 39 74 88 
23
0
21 86 40 71 90 
24
0
18 82 41 76 87 
25
0
24 85 42 73 86 
26
0
23 86 43 71 95 
27
0
25 85 40 77 96 
28
0
20 86 43 78 92 
29
0
19 82 40 70 87 
30
0
27 88 34 78 88 
31
0
22 81 38 73 92 
32
0
17 81 35 72 90 
33
0
21 89 36 76 88 
34
0
26 82 37 79 86 
35
0
18 86 43 79 90 
36
0
19 86 37 73 92 
37
0
16 82 38 78 95 
38
0
25 84 43 77 94 
39
0
25 81 34 73 95 
40
0
17 79 36 77 90 
41
0
26 83 42 75 94 
42
0
24 83 36 79 87 
43
0
24 88 39 74 95 
44
0
18 82 40 75 92 
45
0
26 89 42 76 87 
46
0
22 81 41 80 89 
47
0
24 80 33 79 93 
48
0
19 79 43 72 88 
49
0
18 87 41 74 89 
