50
5
5005003
0
0
17 66 1 19 54 
1
0
3 91 83 7 38 
2
0
90 75 78 56 19 
3
0
29 56 69 38 45 
4
0
62 30 94 57 25 
5
0
39 4 5 2 46 
6
0
45 96 8 73 45 
7
0
94 41 14 93 5 
8
0
55 28 6 17 12 
9
0
75 64 49 75 80 
10
0
5 44 47 74 51 
11
0
50 60 96 60 6 
12
0
5 82 82 59 81 
13
0
52 82 76 53 33 
14
0
64 73 58 86 61 
15
0
6 79 78 57 4 
16
0
68 6 93 83 64 
17
0
45 41 97 69 17 
18
0
48 91 53 18 30 
19
0
60 34 83 97 54 
20
0
55 51 90 99 40 
21
0
49 60 50 75 54 
22
0
86 24 2 30 67 
23
0
45 4 3 24 53 
24
0
82 30 91 36 85 
25
0
12 74 19 93 97 
26
0
55 49 79 86 72 
27
0
37 49 30 79 89 
28
0
3 17 57 95 11 
29
0
3 7 33 32 40 
30
0
49 8 92 39 36 
31
0
48 9 68 70 16 
32
0
3 89 42 9 90 
33
0
4 84 84 17 39 
34
0
5 50 75 46 27 
35
0
29 69 48 81 28 
36
0
93 90 37 84 22 
37
0
75 23 13 76 59 
38
0
9 68 81 35 67 
39
0
15 59 71 7 13 
40
0
36 7 36 37 76 
41
0
13 68 5 67 76 
42
0
47 37 10 46 96 
43
0
22 42 2 67 26 
44
0
42 26 96 15 19 
45
0
7 25 53 51 2 
46
0
66 49 38 94 85 
47
0
83 28 59 10 88 
48
0
20 75 42 57 68 
49
0
40 30 78 89 43 
