30
5
3005101
0
0
50 17 47 29 93 
1
0
50 16 47 29 88 
2
0
57 13 54 32 89 
3
0
51 9 46 34 92 
4
0
52 17 50 35 91 
5
0
56 19 48 37 92 
6
0
47 13 49 36 89 
7
0
50 15 49 39 87 
8
0
53 17 55 31 89 
9
0
52 18 53 37 88 
10
0
54 14 52 29 95 
11
0
55 13 49 33 90 
12
0
54 10 51 31 93 
13
0
53 13 53 38 88 
14
0
53 10 49 37 90 
15
0
54 12 48 30 97 
16
0
56 20 50 35 87 
17
0
55 12 51 40 90 
18
0
54 11 51 34 91 
19
0
52 11 45 30 88 
20
0
51 11 53 31 89 
21
0
50 18 48 30 95 
22
0
54 15 51 35 93 
23
0
57 19 45 37 90 
24
0
49 18 48 36 93 
25
0
55 17 54 30 93 
26
0
52 11 47 30 97 
27
0
48 19 46 30 90 
28
0
53 19 45 30 93 
29
0
47 11 48 30 92 
