200
10
20010020
0
0
63 10 32 31 77 89 83 63 43 88 
1
0
61 11 31 37 71 87 85 60 39 78 
2
0
58 9 39 39 77 90 84 58 36 78 
3
0
55 8 39 31 71 82 84 60 35 85 
4
0
62 17 32 30 71 80 80 58 37 85 
5
0
62 19 33 40 71 82 86 59 37 80 
6
0
61 19 36 37 72 90 84 54 39 85 
7
0
62 11 30 31 72 89 90 58 37 79 
8
0
60 14 37 34 70 81 87 55 34 88 
9
0
57 14 33 33 75 82 85 55 41 85 
10
0
65 12 39 33 69 89 85 63 34 82 
11
0
57 16 31 31 73 82 89 63 43 80 
12
0
61 17 37 30 74 85 80 59 43 79 
13
0
59 13 31 39 77 80 84 65 38 85 
14
0
60 16 32 34 70 88 89 58 38 87 
15
0
61 19 37 32 69 89 81 56 41 81 
16
0
64 19 33 38 77 85 90 57 34 84 
17
0
64 12 39 34 72 80 89 57 42 86 
18
0
60 12 39 31 72 85 85 59 33 80 
19
0
62 13 36 30 72 81 87 62 35 88 
20
0
62 10 29 40 74 90 88 57 38 82 
21
0
59 16 33 38 71 89 81 57 40 82 
22
0
64 18 37 32 72 85 83 57 35 83 
23
0
59 12 38 37 71 79 89 55 35 79 
24
0
59 13 31 29 74 90 86 64 39 79 
25
0
58 14 32 38 71 88 87 57 42 88 
26
0
60 13 31 32 79 82 87 63 37 81 
27
0
59 15 35 33 68 82 89 59 35 78 
28
0
63 14 34 40 75 86 85 55 34 84 
29
0
55 14 32 36 76 87 88 61 36 82 
30
0
55 14 33 38 73 79 85 63 34 78 
31
0
62 16 37 34 78 89 86 61 35 88 
32
0
64 10 39 40 70 86 84 61 36 79 
33
0
57 13 34 29 77 88 89 63 40 79 
34
0
59 11 37 29 74 86 80 62 34 88 
35
0
59 16 30 30 69 88 80 58 34 80 
36
0
65 18 33 37 79 82 89 62 37 83 
37
0
64 9 34 40 79 89 87 57 39 81 
38
0
56 9 39 36 75 80 85 65 43 81 
39
0
55 11 38 32 73 80 80 61 42 81 
40
0
64 11 37 39 76 83 82 62 41 86 
41
0
55 19 36 37 77 86 81 59 34 85 
42
0
58 9 33 30 74 87 82 60 44 87 
43
0
62 14 38 40 73 89 81 62 42 83 
44
0
65 11 34 36 70 86 85 63 42 84 
45
0
58 16 30 38 74 83 89 61 36 85 
46
0
58 18 39 36 70 85 90 57 38 79 
47
0
64 10 36 38 79 80 82 61 37 77 
48
0
65 17 31 39 78 80 82 55 40 88 
49
0
64 17 35 35 71 81 82 57 42 77 
50
0
56 12 32 40 76 88 90 62 36 82 
51
0
56 16 39 38 74 81 81 57 42 82 
52
0
59 18 35 35 70 82 87 58 38 88 
53
0
59 18 37 32 71 84 86 60 43 88 
54
0
59 11 31 34 70 90 81 58 35 85 
55
0
61 18 32 32 69 87 87 63 43 83 
56
0
57 12 33 35 73 88 89 62 34 81 
57
0
58 14 39 33 70 84 89 57 42 88 
58
0
59 15 38 33 75 86 83 65 33 87 
59
0
60 16 31 31 76 85 81 58 40 83 
60
0
57 13 32 33 75 82 85 58 41 79 
61
0
60 10 38 38 69 89 90 57 34 84 
62
0
60 12 30 34 79 86 86 62 41 82 
63
0
59 9 33 33 72 79 80 57 33 85 
64
0
58 12 34 38 78 90 85 61 38 88 
65
0
64 16 39 36 69 80 80 61 36 83 
66
0
55 10 39 33 74 86 80 60 43 85 
67
0
61 17 33 31 72 85 89 56 34 80 
68
0
60 8 33 36 77 86 80 56 35 82 
69
0
65 15 32 36 70 89 87 57 41 88 
70
0
55 9 33 36 71 85 87 61 40 85 
71
0
58 12 37 36 70 82 87 58 43 83 
72
0
58 9 33 31 72 87 84 59 40 78 
73
0
65 17 34 34 77 87 81 64 36 84 
74
0
57 15 36 37 78 81 85 56 43 81 
75
0
62 12 38 31 77 86 83 57 35 87 
76
0
60 13 39 36 72 80 84 62 37 81 
77
0
61 18 32 34 76 85 89 57 40 85 
78
0
59 8 40 29 72 87 86 57 37 87 
79
0
62 18 37 30 76 80 83 64 38 78 
80
0
62 17 37 29 70 84 88 56 36 84 
81
0
55 19 38 37 74 85 89 64 39 86 
82
0
58 12 33 33 71 89 87 55 40 86 
83
0
60 14 34 32 77 84 89 58 33 87 
84
0
59 9 40 40 72 86 85 63 37 81 
85
0
57 10 32 34 71 89 87 61 39 79 
86
0
61 11 36 30 78 85 87 59 42 85 
87
0
56 16 31 37 69 80 86 64 35 82 
88
0
63 13 38 30 74 81 84 57 40 86 
89
0
56 9 39 37 77 87 79 59 38 80 
90
0
65 10 39 31 79 88 87 55 40 87 
91
0
56 19 33 38 78 88 80 62 34 82 
92
0
55 14 37 38 76 84 87 55 33 79 
93
0
61 19 29 36 72 83 85 56 39 78 
94
0
65 13 34 30 72 86 82 54 40 81 
95
0
59 15 31 29 69 87 81 57 40 84 
96
0
62 9 36 39 77 83 84 60 33 88 
97
0
54 17 40 38 72 86 88 58 39 86 
98
0
61 15 29 39 79 88 86 58 36 88 
99
0
58 16 33 34 73 88 81 62 35 83 
100
0
64 13 35 34 74 79 80 57 40 88 
101
0
58 9 30 32 72 86 90 64 38 83 
102
0
65 17 32 40 79 84 79 57 41 79 
103
0
63 18 34 33 73 86 89 57 33 78 
104
0
57 9 37 35 73 81 87 55 35 87 
105
0
62 16 33 31 79 89 85 60 36 87 
106
0
58 10 33 34 72 84 83 56 34 84 
107
0
55 13 31 33 77 84 87 61 41 83 
108
0
56 12 34 37 69 89 81 63 35 87 
109
0
64 11 37 34 69 81 80 59 34 83 
110
0
64 9 36 40 77 84 85 63 39 81 
111
0
64 18 32 32 78 83 88 61 37 82 
112
0
63 8 31 36 69 84 87 59 42 82 
113
0
63 10 34 38 74 90 81 57 37 79 
114
0
60 14 38 38 73 84 80 56 38 79 
115
0
58 11 37 36 79 85 88 60 34 86 
116
0
55 13 38 32 78 90 83 57 37 81 
117
0
63 12 31 36 78 90 87 60 44 81 
118
0
56 10 33 35 78 80 81 65 37 78 
119
0
59 10 39 36 77 90 83 56 37 86 
120
0
58 18 31 31 68 87 86 59 40 84 
121
0
55 10 34 38 75 87 82 56 34 87 
122
0
60 12 34 33 78 85 86 61 39 84 
123
0
56 13 40 35 77 88 89 58 35 85 
124
0
57 18 31 35 75 80 90 55 38 88 
125
0
62 12 35 40 72 82 87 58 41 80 
126
0
54 18 36 36 69 85 82 61 42 84 
127
0
63 18 36 32 70 84 82 55 36 85 
128
0
60 16 39 40 76 81 83 64 42 81 
129
0
64 10 40 31 72 90 81 65 34 83 
130
0
58 9 30 39 73 89 88 65 39 79 
131
0
60 13 38 40 71 90 83 58 41 84 
132
0
58 19 31 38 73 80 87 58 38 80 
133
0
65 13 39 30 77 88 80 55 35 81 
134
0
63 13 34 37 74 81 81 63 34 82 
135
0
55 12 37 33 74 90 89 64 34 81 
136
0
58 19 32 33 77 87 83 57 39 84 
137
0
55 18 37 31 72 85 82 64 34 88 
138
0
64 12 37 38 75 80 80 64 33 81 
139
0
55 12 34 38 79 83 81 58 35 83 
140
0
62 9 38 36 71 84 80 55 41 85 
141
0
58 18 39 32 71 90 85 60 43 83 
142
0
62 14 39 37 69 84 90 58 40 80 
143
0
62 18 36 35 79 82 84 58 42 86 
144
0
62 19 34 35 75 80 81 63 34 81 
145
0
60 17 38 39 69 83 81 61 35 80 
146
0
64 17 39 34 70 80 85 63 34 85 
147
0
59 8 33 39 75 86 82 61 36 79 
148
0
64 10 39 30 75 89 85 56 41 81 
149
0
56 16 39 33 70 86 83 58 37 81 
150
0
65 13 30 31 74 86 83 63 41 88 
151
0
65 15 31 31 77 84 89 65 40 86 
152
0
61 10 35 33 69 80 89 58 40 84 
153
0
58 16 32 40 74 85 81 63 37 88 
154
0
59 12 36 35 77 89 81 59 41 86 
155
0
64 11 34 33 69 83 79 55 42 84 
156
0
59 12 37 38 69 86 89 55 38 85 
157
0
58 17 37 37 75 86 88 55 37 81 
158
0
62 9 31 30 70 81 81 58 34 84 
159
0
60 10 31 38 73 80 84 59 42 85 
160
0
64 11 37 39 73 84 85 62 39 88 
161
0
58 12 36 34 73 83 83 54 37 80 
162
0
57 11 31 30 78 89 84 56 37 84 
163
0
65 10 31 31 77 83 90 54 41 83 
164
0
63 18 37 37 69 84 84 61 40 82 
165
0
63 16 35 31 76 84 81 57 41 88 
166
0
62 10 37 39 72 85 89 59 33 88 
167
0
59 8 36 36 69 83 81 64 33 79 
168
0
55 13 38 33 73 88 82 64 35 84 
169
0
56 15 34 32 76 88 89 61 33 82 
170
0
61 19 39 37 75 85 81 57 38 85 
171
0
56 11 29 32 73 86 82 57 41 84 
172
0
57 18 31 33 74 87 87 54 39 80 
173
0
58 15 39 31 71 88 85 58 35 81 
174
0
57 13 36 39 78 84 82 55 33 88 
175
0
64 9 39 36 73 82 85 60 36 86 
176
0
56 10 39 36 72 84 86 63 39 78 
177
0
61 19 36 29 74 86 83 56 39 80 
178
0
64 17 38 39 72 84 86 62 40 83 
179
0
56 16 33 32 78 79 84 65 42 78 
180
0
59 14 38 38 79 86 83 63 38 78 
181
0
58 15 35 37 72 81 81 59 38 80 
182
0
59 17 39 38 74 80 84 57 43 78 
183
0
61 9 36 34 68 80 83 62 33 86 
184
0
60 12 38 37 69 89 88 62 41 82 
185
0
64 13 36 40 73 82 89 59 37 81 
186
0
56 10 30 32 78 86 87 58 34 85 
187
0
56 16 37 39 70 80 89 57 33 86 
188
0
60 16 31 39 71 83 83 63 43 87 
189
0
61 15 34 34 74 83 86 59 36 84 
190
0
56 14 32 33 79 90 83 56 40 83 
191
0
62 12 31 31 69 84 87 54 35 85 
192
0
61 14 31 40 74 88 89 57 38 79 
193
0
57 15 32 31 78 83 80 65 40 81 
194
0
58 10 36 33 70 79 90 54 38 83 
195
0
62 12 40 31 74 84 89 62 42 84 
196
0
55 12 37 30 71 80 85 55 42 83 
197
0
60 13 36 35 70 84 85 56 35 80 
198
0
57 9 38 40 73 84 84 55 33 81 
199
0
64 14 33 37 77 89 82 57 38 81 
