30
5
3005004
0
0
53 18 40 55 41 
1
0
47 15 43 58 34 
2
0
52 15 48 52 43 
3
0
54 16 41 57 43 
4
0
49 19 45 53 39 
5
0
49 20 42 53 38 
6
0
49 18 40 54 43 
7
0
51 16 47 54 38 
8
0
56 24 45 51 34 
9
0
50 21 48 53 41 
10
0
50 19 38 49 35 
11
0
49 18 38 58 41 
12
0
50 25 44 52 36 
13
0
51 19 43 55 34 
14
0
49 24 44 58 35 
15
0
53 20 42 56 41 
16
0
48 21 46 57 36 
17
0
53 15 41 52 37 
18
0
49 24 43 55 33 
19
0
47 24 43 55 41 
20
0
55 16 48 54 39 
21
0
48 16 39 52 43 
22
0
51 22 43 48 41 
23
0
56 23 44 49 42 
24
0
48 22 48 51 35 
25
0
56 23 48 52 39 
26
0
48 25 38 51 41 
27
0
55 15 43 53 34 
28
0
53 16 41 56 35 
29
0
55 18 40 58 39 
