20
10
2010005
0
0
72 64 13 79 12 9 34 20 18 59 
1
0
71 53 9 79 18 5 31 23 22 61 
2
0
66 60 13 81 15 12 24 23 22 56 
3
0
74 58 13 79 11 9 31 16 20 59 
4
0
66 62 10 82 14 13 26 22 25 55 
5
0
76 57 7 72 17 14 26 27 17 60 
6
0
71 61 3 81 12 6 27 21 18 55 
7
0
67 59 6 79 12 12 29 18 21 62 
8
0
70 57 5 81 15 5 33 17 21 53 
9
0
67 62 11 79 10 12 34 19 24 61 
10
0
71 62 4 82 9 9 25 21 25 53 
11
0
71 63 7 77 12 10 24 24 18 61 
12
0
67 56 6 77 14 10 27 18 22 56 
13
0
67 57 6 73 8 8 27 19 23 60 
14
0
66 60 9 78 10 3 29 21 17 55 
15
0
72 62 11 83 15 9 29 18 24 52 
16
0
70 54 9 82 10 5 28 19 19 56 
17
0
70 59 5 73 11 9 26 19 16 54 
18
0
68 57 8 74 14 8 25 26 21 59 
19
0
75 63 7 79 17 13 29 27 23 55 
