100
5
10005025
0
0
37 29 28 33 29 
1
0
56 56 59 60 59 
2
0
15 17 13 10 12 
3
0
19 22 17 16 20 
4
0
87 80 86 91 85 
5
0
65 68 67 67 67 
6
0
71 71 68 64 64 
7
0
45 41 35 36 44 
8
0
4 8 6 5 13 
9
0
17 16 16 18 16 
10
0
74 72 78 83 73 
11
0
50 41 44 40 49 
12
0
35 41 32 41 36 
13
0
29 30 29 29 27 
14
0
31 31 26 24 26 
15
0
59 57 55 55 60 
16
0
48 38 43 45 48 
17
0
87 88 93 90 93 
18
0
3 6 10 5 11 
19
0
74 71 72 71 70 
20
0
56 54 58 64 62 
21
0
90 84 83 91 88 
22
0
13 11 11 9 7 
23
0
82 80 78 76 77 
24
0
18 11 12 8 11 
25
0
14 8 13 15 11 
26
0
39 39 33 40 30 
27
0
8 5 10 4 11 
28
0
85 88 84 88 89 
29
0
68 70 74 67 75 
30
0
78 81 80 73 77 
31
0
58 65 58 61 58 
32
0
34 38 39 34 38 
33
0
86 78 76 80 86 
34
0
38 39 36 29 32 
35
0
46 45 45 41 41 
36
0
81 81 90 85 81 
37
0
52 50 54 57 54 
38
0
22 30 23 26 26 
39
0
38 42 38 40 41 
40
0
70 69 73 73 72 
41
0
17 19 19 14 14 
42
0
32 31 26 33 30 
43
0
31 27 31 24 31 
44
0
70 63 60 62 62 
45
0
26 35 28 36 33 
46
0
97 87 94 91 88 
47
0
34 35 27 27 33 
48
0
20 21 18 18 23 
49
0
74 80 78 74 78 
50
0
74 75 67 69 71 
51
0
91 84 89 85 89 
52
0
86 82 84 82 84 
53
0
53 55 56 52 50 
54
0
25 20 24 21 29 
55
0
25 34 34 30 24 
56
0
87 84 92 86 87 
57
0
33 24 30 27 29 
58
0
71 76 69 69 71 
59
0
86 82 82 88 82 
60
0
98 92 98 93 93 
61
0
89 88 92 86 86 
62
0
34 33 33 32 30 
63
0
78 83 78 85 82 
64
0
48 48 46 42 52 
65
0
61 64 64 61 62 
66
0
62 58 57 61 60 
67
0
13 12 12 12 12 
68
0
12 3 6 7 2 
69
0
45 45 44 40 45 
70
0
22 22 29 24 27 
71
0
71 71 68 70 72 
72
0
58 47 53 53 51 
73
0
27 31 28 29 26 
74
0
82 82 77 85 78 
75
0
93 89 93 86 92 
76
0
93 98 88 95 92 
77
0
24 33 33 25 31 
78
0
22 31 31 23 30 
79
0
80 89 80 84 84 
80
0
3 11 9 11 5 
81
0
29 27 25 27 23 
82
0
6 10 15 9 5 
83
0
57 58 51 56 53 
84
0
34 37 41 37 40 
85
0
99 95 89 97 92 
86
0
22 17 21 16 19 
87
0
49 52 53 48 54 
88
0
47 52 48 48 44 
89
0
89 84 79 81 79 
90
0
68 62 62 67 67 
91
0
12 8 11 5 7 
92
0
34 35 35 36 35 
93
0
37 33 36 28 34 
94
0
90 88 84 84 84 
95
0
2 3 9 4 1 
96
0
95 96 87 96 91 
97
0
56 56 64 61 60 
98
0
36 44 44 42 38 
99
0
91 95 92 90 93 
