100
5
10005014
0
0
30 79 68 9 58 
1
0
41 82 35 37 78 
2
0
82 79 54 40 79 
3
0
99 18 46 9 99 
4
0
67 52 95 62 74 
5
0
72 39 66 82 60 
6
0
5 53 7 43 74 
7
0
99 28 4 16 62 
8
0
6 15 89 37 46 
9
0
51 57 77 18 57 
10
0
65 78 6 75 9 
11
0
8 45 29 75 29 
12
0
92 17 94 77 78 
13
0
45 97 76 31 55 
14
0
41 90 86 83 99 
15
0
85 12 58 90 8 
16
0
98 30 9 83 87 
17
0
46 88 31 79 80 
18
0
95 24 94 18 26 
19
0
52 58 76 13 37 
20
0
2 59 73 84 66 
21
0
60 27 34 80 88 
22
0
56 5 44 42 17 
23
0
16 90 61 84 9 
24
0
59 66 31 71 46 
25
0
79 96 16 82 99 
26
0
2 61 40 70 57 
27
0
37 96 99 5 43 
28
0
39 10 4 54 92 
29
0
71 51 95 20 92 
30
0
65 99 23 41 2 
31
0
6 28 35 8 7 
32
0
87 38 43 63 89 
33
0
13 41 91 2 12 
34
0
56 51 41 38 6 
35
0
3 43 66 77 47 
36
0
73 3 50 86 15 
37
0
50 76 63 49 98 
38
0
91 39 21 96 9 
39
0
52 31 8 98 15 
40
0
51 90 5 84 54 
41
0
37 68 41 86 41 
42
0
43 90 2 60 16 
43
0
67 45 71 88 53 
44
0
46 26 51 13 46 
45
0
28 49 13 22 19 
46
0
20 80 12 32 82 
47
0
21 21 96 18 98 
48
0
4 23 96 21 94 
49
0
23 90 4 35 42 
50
0
98 93 41 15 24 
51
0
99 34 41 1 60 
52
0
54 97 75 84 48 
53
0
78 58 76 71 45 
54
0
15 46 24 4 40 
55
0
87 72 63 96 63 
56
0
23 92 35 87 27 
57
0
71 80 18 49 62 
58
0
78 14 98 82 14 
59
0
94 57 61 49 37 
60
0
85 26 64 87 73 
61
0
62 86 66 65 51 
62
0
33 72 11 22 57 
63
0
5 44 92 75 67 
64
0
15 9 26 34 21 
65
0
65 98 4 28 88 
66
0
52 59 3 1 27 
67
0
88 42 72 75 39 
68
0
59 50 41 57 94 
69
0
53 66 93 38 80 
70
0
49 10 81 49 66 
71
0
57 35 61 12 89 
72
0
29 46 58 27 19 
73
0
30 78 27 73 91 
74
0
9 96 33 11 28 
75
0
98 10 52 16 42 
76
0
61 47 42 5 9 
77
0
95 13 33 80 58 
78
0
85 42 39 43 42 
79
0
28 75 58 1 33 
80
0
68 96 28 87 66 
81
0
34 53 1 66 39 
82
0
57 91 18 90 51 
83
0
92 42 92 33 71 
84
0
71 90 16 58 41 
85
0
71 10 5 56 75 
86
0
57 16 56 16 95 
87
0
20 19 20 55 99 
88
0
8 7 54 25 60 
89
0
44 71 56 98 90 
90
0
3 20 54 1 9 
91
0
21 61 66 32 90 
92
0
47 76 52 1 65 
93
0
58 9 1 70 67 
94
0
67 12 20 13 22 
95
0
35 49 39 87 54 
96
0
87 66 58 84 93 
97
0
73 55 87 85 61 
98
0
8 1 82 23 37 
99
0
94 90 11 8 45 
