20
20
2020005
0
0
83 78 79 78 80 76 74 74 76 74 80 74 82 81 73 74 77 78 80 81 
1
0
37 32 32 37 34 35 37 34 35 38 32 34 29 37 29 39 34 39 37 34 
2
0
62 64 65 59 65 61 58 59 62 62 58 57 60 62 58 66 59 64 64 60 
3
0
24 17 15 23 18 18 22 13 19 21 17 22 15 23 19 13 14 20 22 14 
4
0
59 51 59 59 53 58 56 55 54 54 60 52 57 52 51 57 54 54 59 51 
5
0
58 60 56 55 57 62 53 54 59 54 54 53 60 60 62 57 54 57 54 53 
6
0
22 28 26 28 30 28 30 28 23 26 26 31 22 25 28 32 31 24 30 28 
7
0
21 24 26 26 24 21 25 24 17 24 24 20 21 22 21 22 15 25 25 17 
8
0
8 9 5 6 13 12 11 5 10 7 14 9 10 5 14 7 12 14 12 14 
9
0
19 20 20 19 24 18 16 20 21 25 26 26 25 26 27 18 23 22 16 23 
10
0
46 48 55 46 46 45 47 54 53 48 47 47 55 52 52 45 52 51 45 48 
11
0
20 23 18 19 24 23 17 24 25 26 23 26 18 21 24 26 22 26 28 23 
12
0
88 88 95 92 91 84 88 86 86 85 88 91 87 89 91 86 94 87 92 86 
13
0
20 14 21 19 22 15 15 21 13 14 20 21 19 14 16 14 19 20 19 22 
14
0
49 55 53 51 59 59 53 49 55 53 55 56 58 49 51 56 56 56 54 57 
15
0
13 23 15 14 21 13 21 16 20 13 12 18 17 19 19 22 18 17 20 12 
16
0
33 40 35 36 43 32 38 39 37 42 34 43 36 33 37 37 35 36 37 33 
17
0
20 19 21 20 18 23 25 28 20 27 19 22 20 23 26 19 24 22 25 27 
18
0
53 59 55 52 57 54 61 56 57 57 61 60 58 52 54 52 51 61 58 55 
19
0
36 36 35 41 40 35 35 39 42 43 35 35 45 36 36 39 43 36 38 36 
