50
20
5020005
0
0
30 85 59 23 97 18 86 86 64 20 15 91 65 42 74 70 30 78 95 80 
1
0
32 84 49 16 99 19 85 81 64 30 12 85 63 37 75 73 36 76 92 83 
2
0
37 87 49 20 95 21 80 82 67 20 11 90 62 35 71 72 39 84 93 90 
3
0
28 87 57 13 98 24 90 88 59 26 8 90 66 42 76 69 36 78 87 82 
4
0
28 84 49 23 89 13 86 80 58 27 15 91 64 38 67 67 39 86 95 90 
5
0
28 77 58 18 93 14 88 80 63 24 10 93 63 36 68 64 33 79 89 80 
6
0
29 78 56 22 92 18 84 83 66 30 11 89 68 37 76 67 28 85 96 85 
7
0
30 79 57 13 92 16 90 79 61 27 10 94 62 38 77 68 29 80 95 90 
8
0
26 77 58 14 89 15 84 80 67 22 10 92 63 34 75 74 37 86 91 87 
9
0
30 81 56 21 92 22 91 88 63 29 18 85 66 34 72 65 37 80 89 82 
10
0
35 79 55 19 90 13 82 84 62 24 13 86 65 34 67 63 33 76 96 86 
11
0
28 87 55 18 89 13 89 84 60 24 14 93 68 36 71 74 28 78 91 81 
12
0
28 80 49 15 95 20 84 80 58 25 17 85 69 35 77 73 30 84 92 87 
13
0
34 81 57 16 94 20 91 81 57 27 16 88 61 34 70 64 30 85 97 86 
14
0
33 84 56 17 99 16 85 86 66 27 14 88 68 34 75 74 34 80 97 80 
15
0
29 83 55 18 96 24 88 81 67 28 19 85 61 38 75 67 29 82 94 82 
16
0
36 79 54 14 93 24 85 81 64 22 12 92 66 41 67 67 37 82 96 85 
17
0
31 84 59 16 94 17 85 81 59 21 10 89 62 43 73 71 32 76 95 86 
18
0
30 77 58 14 95 21 91 84 62 24 19 89 66 38 67 68 32 76 94 81 
19
0
34 82 49 19 96 17 88 80 59 21 13 86 66 33 68 69 38 78 92 84 
20
0
31 76 51 18 90 17 91 88 61 22 10 89 60 43 69 72 31 76 87 82 
21
0
34 77 50 21 91 16 83 82 57 28 9 85 61 34 76 68 31 82 95 80 
22
0
36 82 59 15 100 18 81 86 67 23 11 86 63 43 75 71 33 81 94 87 
23
0
26 80 50 21 98 24 91 86 59 29 10 85 68 43 67 65 30 85 90 88 
24
0
27 77 53 22 97 21 89 81 63 25 17 88 68 39 73 69 35 83 93 88 
25
0
28 85 53 22 92 19 84 86 61 25 10 89 66 38 73 68 28 76 88 85 
26
0
31 81 49 23 91 20 83 78 60 27 14 85 66 42 71 71 29 86 93 89 
27
0
36 83 55 14 91 20 85 85 60 27 15 90 70 35 75 64 29 77 95 90 
28
0
29 87 58 23 95 19 88 85 64 21 11 89 61 33 69 65 31 83 95 83 
29
0
27 85 57 15 93 14 86 79 67 24 17 94 65 38 76 70 32 81 94 83 
30
0
37 86 53 18 96 18 88 85 68 22 13 93 66 43 69 64 34 80 93 81 
31
0
30 77 57 24 96 17 88 82 59 29 19 93 60 40 68 74 36 76 98 82 
32
0
27 86 50 14 98 21 82 86 63 28 17 88 60 38 71 66 33 79 88 84 
33
0
34 77 54 17 92 17 89 78 57 26 12 86 67 41 69 64 30 82 92 81 
34
0
31 84 53 21 89 22 88 78 67 20 19 84 66 42 68 68 34 82 88 87 
35
0
35 86 57 20 90 17 82 81 62 26 11 92 67 42 70 65 38 86 90 83 
36
0
31 82 49 16 95 21 87 85 59 20 16 89 61 34 67 70 29 84 88 82 
37
0
33 87 51 13 98 24 81 80 59 20 11 92 62 42 74 65 29 77 96 84 
38
0
37 81 50 19 96 14 90 79 62 21 14 90 65 40 69 69 32 78 92 89 
39
0
31 77 53 21 92 15 91 86 66 23 12 93 65 38 75 63 38 86 91 80 
40
0
30 79 55 16 91 19 87 84 59 24 18 90 69 42 67 72 28 85 92 89 
41
0
35 82 54 14 95 21 83 78 64 29 12 86 60 38 74 73 38 86 92 84 
42
0
27 78 58 17 92 15 90 83 61 21 14 93 66 38 70 66 31 84 97 90 
43
0
32 83 59 18 92 18 81 80 65 25 18 92 64 40 74 69 36 85 87 82 
44
0
32 82 51 17 99 18 90 78 66 25 15 90 64 33 75 65 37 83 97 86 
45
0
31 83 58 13 90 20 83 79 59 20 10 84 60 33 66 70 35 82 88 87 
46
0
28 77 54 20 95 24 84 81 62 30 16 93 64 34 70 73 37 81 98 90 
47
0
31 77 55 23 100 16 84 86 64 24 17 90 63 35 69 68 30 78 94 90 
48
0
31 83 53 17 92 18 81 83 63 20 13 87 65 43 75 73 28 80 93 80 
49
0
33 82 52 19 90 19 84 83 66 28 16 85 67 42 73 72 34 85 92 80 
