20
10
2010002
0
0
68 68 73 68 70 74 70 67 72 76 
1
0
85 85 96 90 91 89 87 85 92 91 
2
0
23 23 31 28 26 27 26 29 27 21 
3
0
69 74 77 75 70 74 76 69 78 77 
4
0
66 58 58 64 66 58 66 58 61 61 
5
0
82 82 73 77 78 73 82 82 79 74 
6
0
92 89 97 92 94 99 99 92 89 95 
7
0
83 89 86 88 82 87 86 87 89 88 
8
0
41 32 36 34 32 36 37 32 31 33 
9
0
2 11 6 2 6 5 2 2 4 2 
10
0
12 11 5 7 7 4 15 9 5 12 
11
0
67 68 70 74 70 67 67 66 65 68 
12
0
72 73 77 74 76 72 77 74 76 78 
13
0
86 93 84 89 90 86 87 86 86 88 
14
0
46 51 47 50 47 48 53 46 50 45 
15
0
55 54 52 48 51 59 50 53 58 50 
16
0
73 77 78 75 75 75 77 82 80 73 
17
0
83 83 75 76 79 75 72 76 78 73 
18
0
78 74 82 78 83 82 75 83 82 78 
19
0
14 17 14 11 17 13 13 15 12 16 
