30
10
3010002
0
0
50 56 84 79 66 47 42 21 94 75 
1
0
56 59 84 80 70 39 41 19 86 79 
2
0
59 66 84 88 62 45 44 22 94 71 
3
0
55 63 81 86 62 41 41 19 87 78 
4
0
57 60 78 84 69 40 37 21 94 78 
5
0
54 57 79 85 69 45 39 25 87 72 
6
0
52 62 85 78 72 43 43 24 88 77 
7
0
56 57 79 80 71 48 41 27 85 73 
8
0
55 62 83 87 67 42 38 21 96 77 
9
0
50 60 84 86 62 38 45 20 93 73 
10
0
54 59 79 83 62 39 43 20 91 74 
11
0
54 62 83 79 67 44 36 27 90 72 
12
0
51 58 85 87 69 39 43 24 92 74 
13
0
57 63 82 87 72 38 45 18 86 72 
14
0
57 64 85 79 67 46 39 23 89 70 
15
0
61 59 81 80 63 42 45 20 87 78 
16
0
56 62 78 87 67 47 43 25 91 75 
17
0
60 58 84 82 73 48 39 19 91 78 
18
0
53 65 76 83 67 43 39 25 89 74 
19
0
57 62 84 85 65 40 41 22 87 78 
20
0
53 62 85 85 68 40 39 20 93 73 
21
0
60 58 82 88 71 43 38 28 91 72 
22
0
58 59 86 84 64 44 41 19 91 75 
23
0
50 56 78 83 73 47 37 27 86 73 
24
0
58 59 82 83 70 42 41 24 95 75 
25
0
56 58 78 81 71 42 38 27 85 73 
26
0
54 58 77 79 65 47 46 23 86 78 
27
0
60 64 76 88 73 47 41 23 93 71 
28
0
51 63 79 87 68 48 44 19 94 71 
29
0
56 66 82 84 64 39 43 26 95 74 
