50
5
5005004
0
0
17 23 24 17 22 
1
0
51 47 52 49 45 
2
0
85 87 85 83 84 
3
0
85 88 79 83 82 
4
0
67 67 61 65 68 
5
0
39 39 37 44 43 
6
0
56 51 56 57 52 
7
0
29 19 19 21 26 
8
0
52 47 47 54 52 
9
0
61 64 62 61 67 
10
0
32 35 33 39 34 
11
0
35 39 34 29 40 
12
0
57 56 49 51 53 
13
0
92 93 85 93 89 
14
0
37 40 44 41 39 
15
0
38 35 37 36 28 
16
0
82 81 89 87 84 
17
0
16 8 13 16 8 
18
0
64 58 61 57 60 
19
0
25 20 21 21 29 
20
0
98 90 94 100 99 
21
0
72 74 73 75 70 
22
0
57 53 61 61 55 
23
0
42 46 47 43 38 
24
0
95 90 86 92 88 
25
0
59 66 65 68 66 
26
0
84 86 83 88 78 
27
0
96 97 93 90 97 
28
0
16 13 19 16 16 
29
0
42 40 49 47 47 
30
0
68 76 68 68 67 
31
0
54 53 57 56 49 
32
0
11 16 17 16 14 
33
0
9 4 2 3 6 
34
0
17 20 15 11 11 
35
0
19 11 9 14 17 
36
0
49 40 46 43 40 
37
0
19 19 18 17 19 
38
0
31 30 28 33 34 
39
0
68 69 65 75 72 
40
0
60 62 58 64 60 
41
0
77 80 77 78 81 
42
0
90 85 93 88 89 
43
0
57 53 55 49 48 
44
0
38 31 38 38 41 
45
0
94 93 94 91 90 
46
0
54 50 53 60 57 
47
0
8 12 11 13 15 
48
0
99 96 91 96 91 
49
0
86 82 84 84 81 
