50
20
5020004
0
0
29 40 32 91 18 74 63 49 88 74 94 49 18 68 51 36 56 39 77 63 
1
0
34 38 33 92 17 75 68 56 92 71 96 55 22 62 49 34 61 40 80 71 
2
0
32 41 28 90 14 70 70 54 94 80 93 52 24 65 54 38 61 50 77 69 
3
0
33 42 34 88 21 67 61 57 92 80 87 50 19 65 47 35 51 40 83 68 
4
0
37 36 34 87 20 68 71 57 89 71 93 55 17 64 49 35 52 49 83 66 
5
0
28 35 27 91 22 68 62 53 89 82 93 50 25 61 47 38 52 41 80 65 
6
0
33 37 25 91 18 69 68 57 93 78 92 55 19 65 46 42 61 45 77 69 
7
0
34 35 32 90 22 66 67 49 89 71 93 47 20 63 49 36 61 49 84 65 
8
0
27 35 24 92 16 70 67 57 93 72 87 52 19 68 48 42 55 45 83 72 
9
0
37 44 25 90 18 67 69 58 94 77 91 50 17 66 54 34 59 48 83 68 
10
0
29 41 31 90 17 74 71 51 87 74 96 57 21 70 49 34 59 46 82 65 
11
0
30 41 33 90 16 74 64 55 87 80 94 51 18 63 45 38 56 49 87 69 
12
0
28 37 26 92 23 71 65 53 91 76 94 46 25 66 50 38 55 43 78 62 
13
0
33 44 30 86 21 67 62 56 91 76 89 56 19 63 53 36 54 43 80 65 
14
0
27 39 28 89 23 69 70 57 88 72 92 48 17 64 46 41 59 39 78 64 
15
0
33 39 33 85 21 65 70 50 90 74 92 49 19 64 48 35 56 44 84 71 
16
0
36 37 27 95 23 71 61 49 90 72 97 49 18 62 54 36 61 50 82 69 
17
0
27 41 32 88 24 66 63 53 95 76 94 51 26 70 45 39 56 40 78 65 
18
0
29 40 30 95 19 66 65 56 92 71 89 49 16 65 53 32 60 43 79 65 
19
0
29 35 23 88 23 65 64 55 91 74 88 53 17 66 49 34 60 48 80 66 
20
0
35 42 32 88 20 71 64 51 94 72 97 46 23 64 53 42 60 41 86 71 
21
0
27 36 24 88 19 70 68 54 89 80 94 57 17 63 55 33 61 47 82 64 
22
0
36 34 25 95 16 76 67 55 92 74 89 49 19 60 51 36 59 47 77 70 
23
0
28 43 25 90 20 72 68 48 86 79 88 46 26 63 51 38 52 44 81 67 
24
0
32 35 25 85 22 70 64 48 91 71 92 53 25 69 45 35 57 46 78 65 
25
0
27 42 25 88 18 71 71 47 94 79 87 52 19 70 53 37 60 45 79 73 
26
0
35 41 31 91 17 70 69 57 88 79 90 57 20 63 50 43 58 43 79 63 
27
0
31 44 30 91 20 72 71 55 89 76 87 56 26 60 45 35 56 45 82 62 
28
0
33 35 25 85 18 68 63 49 92 79 88 51 21 60 49 35 51 40 80 70 
29
0
28 41 30 87 23 68 63 48 91 78 90 52 26 69 48 40 61 47 84 63 
30
0
28 44 31 93 21 69 67 53 91 79 90 52 23 67 45 36 57 40 86 64 
31
0
27 38 27 92 18 75 64 53 91 72 87 50 19 61 44 41 52 47 83 69 
32
0
27 34 31 89 17 67 70 47 93 72 91 53 18 68 51 40 60 49 83 65 
33
0
26 39 34 90 24 67 62 50 89 81 96 50 17 60 44 33 54 42 85 72 
34
0
28 34 26 89 19 76 61 54 89 74 93 50 16 68 50 40 53 49 77 71 
35
0
28 35 25 93 15 67 67 50 89 77 92 51 21 63 48 39 52 48 86 64 
36
0
33 40 25 93 14 73 70 48 86 79 88 53 17 65 46 41 54 45 76 63 
37
0
33 34 29 90 18 73 64 55 87 80 90 48 20 61 49 42 58 44 80 68 
38
0
33 36 25 95 22 75 71 48 88 77 95 52 19 61 48 40 54 43 86 65 
39
0
28 43 32 94 23 66 65 49 90 78 92 55 21 70 50 37 55 46 82 67 
40
0
30 44 28 90 13 69 67 49 91 80 88 51 21 63 45 37 57 47 82 63 
41
0
27 34 29 91 20 66 71 56 96 77 96 51 26 60 46 33 56 43 79 70 
42
0
30 40 28 89 14 70 64 48 88 81 93 55 21 64 47 41 59 48 85 69 
43
0
36 43 32 93 20 72 66 53 87 74 89 49 26 61 47 39 51 49 80 66 
44
0
31 35 30 95 16 73 63 51 94 80 89 53 20 62 46 41 61 42 77 73 
45
0
35 42 29 86 14 75 69 52 94 81 93 56 21 59 51 33 55 40 82 68 
46
0
30 42 34 94 19 68 68 56 91 73 89 54 21 60 47 34 58 41 80 72 
47
0
28 40 24 86 15 72 64 52 92 74 90 52 24 67 50 39 52 39 84 65 
48
0
26 35 28 88 19 69 70 55 88 81 88 52 25 66 52 38 61 41 81 67 
49
0
36 34 25 91 21 75 67 48 91 72 93 51 26 69 46 40 57 39 82 69 
