200
5
20005015
0
0
57 50 30 71 74 
1
0
43 54 12 50 90 
2
0
80 53 75 9 56 
3
0
77 45 17 16 37 
4
0
58 48 18 19 94 
5
0
80 98 12 62 56 
6
0
26 2 22 48 43 
7
0
84 22 85 54 28 
8
0
79 28 49 28 22 
9
0
40 2 27 56 15 
10
0
81 4 31 74 91 
11
0
32 36 24 38 14 
12
0
22 98 99 86 87 
13
0
59 29 61 21 79 
14
0
81 12 69 96 49 
15
0
32 64 4 41 36 
16
0
50 16 65 82 6 
17
0
33 76 17 72 34 
18
0
84 66 29 81 59 
19
0
96 82 76 41 43 
20
0
18 79 66 58 96 
21
0
41 92 54 34 6 
22
0
57 25 59 32 62 
23
0
4 41 47 72 59 
24
0
34 23 67 52 41 
25
0
10 24 48 50 44 
26
0
2 71 72 61 65 
27
0
65 87 61 83 44 
28
0
38 71 61 44 36 
29
0
36 83 47 25 18 
30
0
87 78 36 75 86 
31
0
22 4 95 8 35 
32
0
8 4 66 71 80 
33
0
31 5 99 69 53 
34
0
15 22 9 24 27 
35
0
62 64 63 11 67 
36
0
4 53 20 8 94 
37
0
12 34 81 12 83 
38
0
76 65 51 46 79 
39
0
59 17 66 35 18 
40
0
61 12 73 78 77 
41
0
22 48 43 18 44 
42
0
16 30 83 90 76 
43
0
78 69 76 4 96 
44
0
86 47 51 60 97 
45
0
18 91 24 61 37 
46
0
2 65 22 73 97 
47
0
38 91 14 7 24 
48
0
97 30 74 77 40 
49
0
71 31 24 88 76 
50
0
53 83 52 89 47 
51
0
13 41 90 99 31 
52
0
12 68 45 34 60 
53
0
46 39 37 75 55 
54
0
30 44 53 32 75 
55
0
5 21 86 62 77 
56
0
54 36 60 12 89 
57
0
48 69 80 14 32 
58
0
71 99 37 24 29 
59
0
28 25 54 58 40 
60
0
68 46 65 40 54 
61
0
8 1 78 39 52 
62
0
48 23 3 83 5 
63
0
77 11 37 42 85 
64
0
25 55 11 28 2 
65
0
99 3 63 92 55 
66
0
86 2 1 18 78 
67
0
92 92 60 30 2 
68
0
4 47 51 2 12 
69
0
36 70 8 36 24 
70
0
94 45 47 21 54 
71
0
43 18 81 79 9 
72
0
57 83 89 20 23 
73
0
63 95 68 59 25 
74
0
56 81 96 21 83 
75
0
69 18 67 84 97 
76
0
10 42 57 12 61 
77
0
84 14 16 87 1 
78
0
24 98 41 68 19 
79
0
51 72 75 14 98 
80
0
51 21 52 60 31 
81
0
22 29 39 32 69 
82
0
60 74 46 86 14 
83
0
63 88 60 74 60 
84
0
89 86 17 66 40 
85
0
52 80 31 33 15 
86
0
45 9 62 57 70 
87
0
91 51 97 4 48 
88
0
86 22 25 19 11 
89
0
46 43 25 17 61 
90
0
5 54 90 57 35 
91
0
82 61 81 82 79 
92
0
30 52 5 59 95 
93
0
12 82 16 5 24 
94
0
9 36 74 58 32 
95
0
80 27 76 3 26 
96
0
99 26 2 53 20 
97
0
96 90 1 7 54 
98
0
8 57 41 47 58 
99
0
52 3 30 61 20 
100
0
9 89 86 19 63 
101
0
97 26 83 62 60 
102
0
80 49 29 84 89 
103
0
39 78 92 64 76 
104
0
45 30 81 11 36 
105
0
7 78 85 50 91 
106
0
60 87 24 16 20 
107
0
85 28 16 48 89 
108
0
9 47 95 11 98 
109
0
26 65 13 73 19 
110
0
34 73 86 8 96 
111
0
70 5 97 43 61 
112
0
21 78 43 93 13 
113
0
67 4 29 97 85 
114
0
45 5 56 4 10 
115
0
8 73 39 87 75 
116
0
68 57 79 88 38 
117
0
25 5 90 95 66 
118
0
62 42 38 95 96 
119
0
33 94 11 1 15 
120
0
5 78 86 37 22 
121
0
2 18 94 61 36 
122
0
7 25 33 25 87 
123
0
94 54 12 75 73 
124
0
60 1 32 28 69 
125
0
60 3 70 40 80 
126
0
54 67 94 66 92 
127
0
25 85 29 83 50 
128
0
37 93 68 22 38 
129
0
19 54 59 16 86 
130
0
50 25 96 93 43 
131
0
79 20 21 68 43 
132
0
13 6 53 27 65 
133
0
23 88 78 30 28 
134
0
93 10 73 57 93 
135
0
19 35 18 86 79 
136
0
85 62 90 85 85 
137
0
94 65 57 92 74 
138
0
21 41 39 22 34 
139
0
75 5 7 94 90 
140
0
59 4 63 47 24 
141
0
90 75 27 36 8 
142
0
84 83 37 98 53 
143
0
23 25 15 83 72 
144
0
22 6 33 95 1 
145
0
83 40 18 79 53 
146
0
65 16 33 59 36 
147
0
58 32 73 45 60 
148
0
54 43 9 22 71 
149
0
88 54 93 8 59 
150
0
68 84 22 33 99 
151
0
71 63 50 53 55 
152
0
17 30 68 96 29 
153
0
77 36 28 25 64 
154
0
51 73 13 18 19 
155
0
91 2 37 26 87 
156
0
64 55 12 76 28 
157
0
86 42 3 62 41 
158
0
2 6 6 13 20 
159
0
33 15 34 50 56 
160
0
10 77 93 17 29 
161
0
37 35 23 50 67 
162
0
80 81 92 37 69 
163
0
99 26 47 97 11 
164
0
92 88 28 37 5 
165
0
87 39 17 84 13 
166
0
15 49 11 32 33 
167
0
87 47 94 28 18 
168
0
25 28 16 52 77 
169
0
43 91 23 77 66 
170
0
54 84 73 60 24 
171
0
94 55 44 85 36 
172
0
85 40 82 52 71 
173
0
47 75 91 85 88 
174
0
68 38 63 78 43 
175
0
75 38 10 70 2 
176
0
36 76 45 98 79 
177
0
94 73 92 47 80 
178
0
88 18 78 9 35 
179
0
5 68 81 4 52 
180
0
76 19 75 82 5 
181
0
67 87 5 32 23 
182
0
60 61 34 5 41 
183
0
35 55 81 29 60 
184
0
11 4 39 97 57 
185
0
16 80 5 76 88 
186
0
51 41 38 87 91 
187
0
94 48 89 64 77 
188
0
26 96 1 42 48 
189
0
93 72 5 23 31 
190
0
95 86 44 9 28 
191
0
87 54 4 92 83 
192
0
74 20 70 75 66 
193
0
73 61 49 72 92 
194
0
20 72 90 27 94 
195
0
74 62 34 56 50 
196
0
12 58 41 91 40 
197
0
19 53 88 39 38 
198
0
65 72 56 26 10 
199
0
59 21 76 2 82 
