100
5
10005028
0
0
30 32 32 29 36 
1
0
69 69 70 63 67 
2
0
60 52 53 54 56 
3
0
34 39 31 38 31 
4
0
41 42 45 41 45 
5
0
44 42 45 45 43 
6
0
54 61 60 63 54 
7
0
51 55 52 49 55 
8
0
80 84 84 86 83 
9
0
19 17 19 22 25 
10
0
54 53 52 57 53 
11
0
24 32 29 28 33 
12
0
17 21 21 24 23 
13
0
47 49 47 55 53 
14
0
83 87 81 78 87 
15
0
32 30 35 37 28 
16
0
64 67 66 62 62 
17
0
81 81 78 82 81 
18
0
62 58 66 66 61 
19
0
69 65 68 61 63 
20
0
79 79 85 78 87 
21
0
70 73 77 71 71 
22
0
54 53 53 44 52 
23
0
56 56 55 62 60 
24
0
5 12 4 11 11 
25
0
48 47 43 49 45 
26
0
73 72 71 71 68 
27
0
19 21 22 22 20 
28
0
73 79 77 77 69 
29
0
88 86 86 90 87 
30
0
86 79 82 77 78 
31
0
70 66 68 69 67 
32
0
21 23 26 26 20 
33
0
20 18 17 19 24 
34
0
86 84 80 82 84 
35
0
18 13 23 12 19 
36
0
29 30 27 28 34 
37
0
89 86 94 91 89 
38
0
83 78 83 75 84 
39
0
69 69 73 71 67 
40
0
42 42 35 42 36 
41
0
11 18 17 14 14 
42
0
62 59 57 62 59 
43
0
80 83 80 82 78 
44
0
94 85 93 91 89 
45
0
23 14 13 13 19 
46
0
30 30 33 38 29 
47
0
85 84 83 83 86 
48
0
86 87 95 89 92 
49
0
51 49 50 48 45 
50
0
84 83 85 79 76 
51
0
62 57 64 60 56 
52
0
53 52 55 56 48 
53
0
89 89 93 95 90 
54
0
57 55 58 63 57 
55
0
7 5 7 4 6 
56
0
75 70 75 72 73 
57
0
72 74 76 80 75 
58
0
72 67 66 68 65 
59
0
77 79 79 80 85 
60
0
53 44 52 54 45 
61
0
70 67 69 69 72 
62
0
64 67 64 74 73 
63
0
58 61 57 61 62 
64
0
94 88 95 93 94 
65
0
95 88 95 90 88 
66
0
75 78 71 81 76 
67
0
13 6 8 4 12 
68
0
16 8 14 7 11 
69
0
17 17 8 12 14 
70
0
40 40 38 42 35 
71
0
53 59 52 58 60 
72
0
73 70 68 64 67 
73
0
44 40 42 41 34 
74
0
95 90 92 95 86 
75
0
71 69 76 71 71 
76
0
84 88 84 82 82 
77
0
92 99 91 99 96 
78
0
60 54 58 55 56 
79
0
65 63 62 68 61 
80
0
35 45 44 39 41 
81
0
9 10 11 4 8 
82
0
8 15 6 7 14 
83
0
29 29 24 25 33 
84
0
36 36 32 35 36 
85
0
41 33 43 39 37 
86
0
93 92 93 89 84 
87
0
79 84 80 81 82 
88
0
80 78 73 80 83 
89
0
77 77 74 78 75 
90
0
21 28 24 19 27 
91
0
22 16 16 23 21 
92
0
47 48 51 46 42 
93
0
52 54 46 51 51 
94
0
25 20 29 23 30 
95
0
69 77 76 72 70 
96
0
61 63 60 67 64 
97
0
86 79 82 79 82 
98
0
91 81 90 86 90 
99
0
50 50 46 48 45 
