50
10
5010101
0
0
21 26 19 81 96 23 81 28 82 82 
1
0
60 39 28 72 24 87 52 83 78 14 
2
0
98 92 98 7 65 71 4 44 75 18 
3
0
48 4 80 74 6 76 81 9 8 12 
4
0
67 83 61 11 2 95 42 2 46 19 
5
0
64 89 34 3 40 1 77 57 81 86 
6
0
28 23 73 71 25 4 61 66 56 60 
7
0
79 66 65 3 63 28 38 69 10 27 
8
0
60 42 68 26 43 75 23 66 48 67 
9
0
81 40 74 82 52 8 90 45 71 59 
10
0
15 36 89 24 61 86 34 67 3 65 
11
0
49 66 76 45 78 54 75 86 87 2 
12
0
31 88 10 31 13 6 78 46 56 67 
13
0
76 26 74 70 58 68 84 16 81 46 
14
0
19 63 6 52 13 48 90 53 88 84 
15
0
47 9 50 30 38 49 95 77 33 30 
16
0
20 86 43 12 71 1 20 66 83 7 
17
0
69 96 58 71 9 4 75 22 52 53 
18
0
14 62 13 46 56 78 15 97 39 71 
19
0
36 32 75 75 87 69 62 84 77 32 
20
0
89 12 77 79 39 11 36 66 11 58 
21
0
65 96 36 79 92 46 51 53 88 18 
22
0
47 80 31 20 69 84 65 20 28 26 
23
0
81 68 10 13 88 5 68 57 83 80 
24
0
58 94 93 64 88 50 7 28 87 67 
25
0
40 49 85 43 61 23 21 65 96 12 
26
0
39 61 20 95 55 23 11 26 24 10 
27
0
5 81 36 58 97 83 20 73 69 2 
28
0
79 37 77 47 44 36 10 62 63 32 
29
0
70 57 15 48 40 48 95 49 10 32 
30
0
31 29 80 27 62 63 36 64 77 73 
31
0
16 20 87 53 48 44 4 81 97 78 
32
0
1 78 83 9 95 80 89 7 91 80 
33
0
1 59 35 84 1 65 51 50 45 6 
34
0
59 82 63 55 14 43 15 72 46 50 
35
0
62 11 10 15 5 52 58 59 82 98 
36
0
13 18 5 40 99 3 38 36 50 1 
37
0
93 38 25 45 42 11 58 66 91 18 
38
0
40 91 29 49 28 34 80 56 66 5 
39
0
64 54 46 72 86 51 28 17 49 11 
40
0
77 89 73 86 67 79 45 5 73 70 
41
0
17 31 71 4 48 14 28 94 86 27 
42
0
60 84 33 27 45 16 14 72 92 26 
43
0
82 9 29 60 56 94 49 51 67 41 
44
0
86 75 85 44 76 55 58 93 98 3 
45
0
61 6 42 4 34 53 7 27 90 44 
46
0
73 28 38 2 35 49 20 9 8 43 
47
0
7 30 45 79 95 48 19 73 76 65 
48
0
48 73 76 28 91 89 53 73 39 9 
49
0
22 97 23 21 58 4 71 52 88 73 
