50
5
5005002
0
0
26 17 25 17 18 
1
0
39 46 45 43 47 
2
0
25 27 26 20 25 
3
0
15 11 18 12 15 
4
0
94 93 96 94 91 
5
0
60 60 63 55 62 
6
0
38 28 36 28 29 
7
0
72 76 78 68 78 
8
0
94 93 88 89 86 
9
0
94 89 90 88 91 
10
0
49 52 54 56 52 
11
0
74 82 74 71 73 
12
0
88 95 89 92 91 
13
0
40 39 47 46 38 
14
0
57 58 62 64 64 
15
0
79 75 85 82 79 
16
0
12 13 17 13 12 
17
0
50 53 50 47 46 
18
0
58 53 49 50 57 
19
0
96 94 94 94 93 
20
0
76 73 80 83 79 
21
0
78 81 77 77 77 
22
0
27 29 26 34 36 
23
0
30 29 21 26 30 
24
0
89 90 88 89 91 
25
0
66 70 67 68 69 
26
0
58 61 65 60 56 
27
0
22 27 25 23 24 
28
0
27 30 30 23 22 
29
0
32 33 33 28 35 
30
0
7 7 7 13 11 
31
0
24 16 17 25 16 
32
0
87 81 78 88 82 
33
0
13 22 20 15 18 
34
0
37 45 41 36 40 
35
0
86 88 90 92 87 
36
0
80 81 81 81 75 
37
0
24 21 25 20 22 
38
0
87 87 84 85 84 
39
0
77 73 75 77 80 
40
0
82 84 84 88 87 
41
0
84 77 85 78 81 
42
0
36 40 35 46 36 
43
0
13 12 22 22 21 
44
0
77 80 75 78 74 
45
0
15 15 8 6 15 
46
0
99 91 97 95 97 
47
0
63 73 70 65 73 
48
0
77 71 80 78 78 
49
0
42 47 39 49 44 
