200
20
20020018
0
0
68 28 99 95 18 95 57 45 12 33 46 78 58 41 39 79 41 31 25 3 
1
0
88 75 92 93 69 27 92 1 66 32 86 5 94 88 78 29 47 32 6 27 
2
0
15 67 53 28 48 25 11 61 45 61 6 96 23 65 18 19 17 83 90 55 
3
0
89 53 10 44 18 62 86 27 2 33 76 79 20 42 86 6 84 22 26 75 
4
0
68 9 71 34 96 31 77 10 14 68 81 22 29 37 62 69 43 61 76 3 
5
0
85 59 29 73 26 27 63 77 27 3 70 21 41 93 75 2 64 54 2 72 
6
0
7 2 64 51 17 16 64 91 30 20 13 38 41 22 85 13 53 43 15 21 
7
0
85 28 62 94 15 97 55 51 81 13 79 26 11 5 80 50 20 14 72 92 
8
0
27 11 7 34 84 81 17 71 39 82 90 67 42 12 29 75 35 73 51 81 
9
0
60 68 73 72 4 43 82 98 92 2 23 94 66 71 55 42 44 83 72 76 
10
0
49 51 55 21 74 17 44 2 98 93 46 70 23 67 25 71 70 21 35 36 
11
0
12 47 50 42 81 36 41 57 20 4 48 2 87 25 31 60 30 75 8 29 
12
0
19 88 95 81 30 77 87 77 4 99 9 58 82 37 70 16 5 37 64 78 
13
0
28 69 15 66 20 98 18 73 73 46 53 98 61 84 53 16 99 65 23 17 
14
0
89 68 63 67 77 32 43 26 64 76 96 87 73 96 37 51 39 3 93 26 
15
0
41 42 39 5 16 11 12 85 54 25 90 19 97 99 18 44 27 28 63 61 
16
0
75 36 39 10 18 31 53 9 91 22 37 61 8 41 9 99 43 6 1 2 
17
0
82 91 75 53 29 59 18 64 85 86 65 6 95 6 18 90 79 69 32 1 
18
0
23 62 91 57 65 80 84 12 38 6 50 74 97 42 93 46 99 66 86 59 
19
0
80 27 98 30 68 60 99 98 51 99 60 80 92 27 4 88 96 5 38 64 
20
0
72 91 85 97 79 13 40 12 33 53 35 62 36 98 5 19 34 84 58 39 
21
0
7 31 4 84 59 48 6 14 82 16 70 32 88 44 14 35 72 7 19 34 
22
0
99 48 39 44 39 76 88 50 53 5 82 9 40 62 33 27 51 54 93 52 
23
0
37 51 85 47 65 16 19 57 84 64 94 27 39 14 32 20 89 77 76 54 
24
0
38 70 36 67 33 14 74 42 7 99 37 65 17 9 83 42 2 29 88 76 
25
0
61 85 60 18 64 10 74 5 61 36 78 71 70 47 99 76 1 40 31 55 
26
0
77 90 71 48 37 11 29 88 19 12 30 29 8 78 74 19 30 44 78 78 
27
0
40 65 34 43 86 41 80 44 72 52 90 54 38 51 39 90 40 17 55 85 
28
0
61 63 26 28 23 69 38 82 3 60 40 80 99 34 18 21 70 10 78 87 
29
0
32 9 84 92 32 39 75 48 92 8 9 64 70 67 95 29 44 77 56 81 
30
0
41 62 86 62 38 32 3 87 48 36 69 88 10 51 99 12 67 40 18 81 
31
0
47 98 57 60 6 60 6 39 65 3 8 72 90 84 14 63 5 17 19 33 
32
0
66 89 96 28 78 10 12 33 89 12 3 44 46 44 9 16 7 21 62 33 
33
0
42 39 20 62 8 93 52 45 97 99 90 64 60 78 61 1 22 13 17 79 
34
0
58 78 61 8 10 80 28 73 65 6 6 90 4 16 91 10 75 49 39 28 
35
0
12 6 50 65 19 8 10 22 40 93 76 87 51 18 78 24 26 87 25 79 
36
0
52 16 65 59 34 98 49 99 84 1 3 40 30 24 60 7 61 18 98 72 
37
0
54 4 24 43 24 84 47 36 13 63 34 97 36 2 29 51 89 93 99 81 
38
0
30 58 89 47 24 74 10 91 58 88 96 34 81 86 86 61 39 10 10 29 
39
0
76 60 90 65 90 8 53 32 33 27 55 30 12 58 39 75 99 33 96 72 
40
0
93 33 6 75 23 8 88 48 71 68 68 69 58 43 9 33 72 92 83 76 
41
0
42 68 3 94 99 91 23 45 80 67 51 6 63 68 92 76 69 72 50 26 
42
0
23 68 85 43 72 80 69 90 12 87 95 24 93 97 96 28 19 96 66 83 
43
0
38 86 37 56 2 3 60 56 87 68 55 37 75 65 76 27 55 27 57 30 
44
0
59 94 43 27 92 32 89 21 27 54 74 78 91 61 39 93 78 35 88 10 
45
0
68 34 21 16 38 92 45 69 18 66 42 56 20 77 26 19 39 85 97 10 
46
0
43 40 47 38 65 61 92 52 35 99 9 99 66 63 77 60 10 73 92 54 
47
0
64 45 84 88 37 17 20 97 85 80 96 67 35 97 18 66 86 72 67 73 
48
0
44 51 57 49 78 40 20 70 67 50 64 6 12 71 72 91 9 53 44 25 
49
0
20 41 96 47 78 46 47 23 81 55 95 94 84 41 69 97 28 73 18 46 
50
0
25 76 51 36 56 21 92 95 18 49 36 92 15 3 1 1 3 77 9 13 
51
0
53 59 27 67 40 77 69 60 24 40 37 71 82 68 2 62 88 97 85 24 
52
0
44 29 5 58 38 40 79 27 93 86 26 1 82 27 64 64 75 98 56 28 
53
0
89 59 65 98 11 70 45 16 90 58 82 87 12 6 97 28 71 2 13 48 
54
0
35 6 48 94 14 12 23 84 60 99 55 97 77 77 83 19 38 84 55 43 
55
0
15 31 90 98 65 33 42 80 1 5 54 51 51 22 3 96 51 46 95 64 
56
0
76 81 31 27 84 61 88 55 29 13 94 77 55 31 57 93 47 14 62 55 
57
0
2 17 79 28 86 79 5 26 62 55 10 77 84 2 7 72 2 44 61 2 
58
0
56 54 4 18 66 72 33 35 79 77 17 43 44 41 70 98 86 33 50 8 
59
0
92 5 85 30 75 25 86 15 16 58 10 32 48 89 39 17 65 80 17 80 
60
0
20 39 80 57 15 65 87 79 2 29 15 30 68 30 96 7 98 34 57 23 
61
0
43 12 20 28 96 90 50 79 87 2 48 81 69 69 95 49 59 78 64 87 
62
0
41 74 55 67 77 46 34 93 2 61 28 11 10 47 54 58 99 35 31 19 
63
0
23 42 91 42 22 1 77 35 29 39 45 89 54 51 2 93 36 34 59 87 
64
0
84 91 4 34 63 14 84 68 37 37 21 9 88 90 16 73 16 93 16 23 
65
0
13 49 75 26 63 9 53 72 93 3 14 50 22 99 51 19 40 85 74 12 
66
0
82 44 11 6 84 72 11 72 85 29 18 53 22 52 24 28 88 50 62 28 
67
0
19 77 16 41 90 64 29 69 34 71 55 95 79 7 99 35 11 22 93 58 
68
0
35 62 43 57 98 37 65 14 4 44 11 85 79 74 69 21 99 5 71 40 
69
0
81 22 14 44 53 72 75 5 60 78 94 95 15 80 84 3 96 51 62 84 
70
0
5 70 94 73 16 30 75 39 45 96 99 70 82 37 44 53 72 78 70 22 
71
0
72 20 8 31 88 37 45 36 23 47 62 35 93 64 12 60 42 40 54 46 
72
0
63 80 10 6 84 73 20 31 86 97 48 69 53 82 79 77 28 90 60 75 
73
0
64 98 82 58 45 80 93 51 81 54 41 54 41 12 61 6 1 4 93 65 
74
0
36 43 16 40 63 11 39 35 98 9 87 44 41 12 82 97 62 81 14 79 
75
0
77 55 59 2 89 6 73 52 17 69 62 20 7 95 21 78 98 77 42 50 
76
0
61 73 41 9 95 11 64 15 73 92 71 99 96 98 67 71 79 53 88 54 
77
0
26 47 44 33 88 75 70 22 60 70 43 33 78 96 11 46 7 8 49 88 
78
0
24 16 19 25 65 50 30 16 25 42 91 34 7 77 41 42 83 90 17 23 
79
0
89 90 36 24 14 95 39 50 51 49 20 40 20 60 36 24 21 50 64 75 
80
0
25 30 46 51 22 71 96 54 28 48 55 34 52 18 41 45 5 6 47 28 
81
0
8 7 51 64 48 1 3 68 25 72 97 20 15 60 44 31 16 18 27 72 
82
0
66 68 8 12 52 48 8 52 19 39 38 97 21 94 36 35 17 6 75 33 
83
0
52 37 15 72 86 52 52 24 1 81 25 62 96 44 59 45 85 28 95 66 
84
0
21 41 32 72 36 77 17 4 29 19 98 8 19 79 28 23 87 78 96 97 
85
0
56 15 18 66 15 67 75 7 97 30 5 23 11 2 46 52 3 1 34 88 
86
0
3 32 87 87 79 73 54 76 70 15 85 95 20 6 15 58 12 42 30 36 
87
0
27 85 5 41 78 2 28 8 6 6 22 2 14 16 69 73 90 79 63 39 
88
0
73 18 19 90 82 89 5 68 21 34 99 41 18 93 42 81 93 69 27 38 
89
0
71 17 27 77 97 64 21 91 93 4 64 14 40 4 53 52 70 1 58 30 
90
0
66 35 73 30 47 92 34 27 26 99 8 52 70 23 8 58 46 86 43 41 
91
0
57 6 83 60 65 63 62 45 38 29 23 43 45 89 7 78 54 6 11 27 
92
0
58 53 62 25 10 5 9 54 58 95 30 58 98 70 61 90 27 88 55 41 
93
0
76 12 20 18 36 24 50 55 63 87 26 99 60 77 25 66 46 23 46 4 
94
0
56 5 57 17 11 96 28 33 69 98 76 82 52 6 34 69 44 68 3 75 
95
0
7 14 39 3 62 6 5 64 98 1 6 74 75 12 34 44 36 81 85 61 
96
0
44 7 29 1 60 29 64 9 66 42 13 91 42 73 85 70 76 93 78 60 
97
0
15 56 68 81 46 62 82 93 3 49 84 71 7 75 53 10 64 3 7 51 
98
0
64 77 13 25 18 96 23 59 47 56 74 38 98 19 21 83 17 79 14 84 
99
0
68 95 59 30 35 29 53 8 49 89 13 75 97 25 96 8 96 92 5 94 
100
0
26 63 87 9 31 82 5 37 32 93 66 67 97 37 53 67 19 6 78 36 
101
0
14 62 93 11 20 94 96 18 99 3 15 70 5 85 7 34 45 14 31 42 
102
0
84 31 97 21 80 29 74 57 99 47 11 62 23 28 75 14 47 80 19 69 
103
0
84 14 1 10 65 29 80 79 15 3 59 47 12 72 41 33 99 85 87 56 
104
0
71 9 94 19 11 91 44 90 77 98 33 53 14 73 35 74 4 86 20 56 
105
0
60 83 27 52 76 10 86 20 55 87 80 59 6 79 39 54 12 84 3 98 
106
0
10 67 4 86 23 27 2 46 88 95 3 10 13 59 62 26 46 5 33 94 
107
0
76 90 99 11 32 34 85 16 8 30 3 90 18 23 99 76 55 56 13 44 
108
0
44 9 68 76 55 81 33 14 6 61 29 80 69 71 57 16 97 67 1 8 
109
0
95 56 2 68 73 80 30 67 68 73 58 32 68 35 4 27 16 61 91 10 
110
0
61 58 41 49 80 16 91 58 49 15 71 94 45 34 94 77 61 98 46 25 
111
0
34 47 18 95 82 51 65 28 74 83 3 32 38 93 77 73 66 92 2 98 
112
0
62 12 59 53 60 62 19 28 27 6 73 21 29 36 66 66 34 16 10 60 
113
0
41 63 83 97 37 95 46 77 22 7 86 18 2 62 22 14 67 49 76 16 
114
0
6 3 68 90 95 10 97 35 85 38 66 92 37 8 45 78 56 49 71 85 
115
0
20 68 61 90 55 54 79 31 95 76 6 71 83 13 48 85 94 23 45 39 
116
0
68 68 75 56 25 12 22 10 64 33 64 48 4 89 62 62 55 95 45 71 
117
0
16 84 14 5 89 67 64 23 18 31 10 7 96 79 46 5 86 59 2 63 
118
0
42 75 60 28 20 66 26 97 22 99 31 25 67 73 19 10 86 62 44 29 
119
0
13 91 68 49 34 29 43 28 87 2 22 90 41 26 30 80 4 52 19 38 
120
0
18 21 68 94 83 98 26 47 37 50 93 33 35 58 75 61 2 87 2 18 
121
0
66 39 13 38 42 71 65 79 87 21 47 73 69 49 65 60 17 7 29 53 
122
0
7 41 81 2 26 70 28 26 60 24 39 13 16 4 62 40 14 78 9 60 
123
0
59 60 65 43 30 70 36 82 70 6 12 67 10 14 30 7 4 34 42 1 
124
0
82 39 50 14 79 11 10 25 92 82 6 32 31 9 47 98 7 66 82 96 
125
0
3 83 34 42 40 46 8 26 81 17 17 27 59 13 44 18 34 91 91 89 
126
0
81 69 47 95 92 48 99 87 42 29 30 18 82 65 51 85 20 56 38 47 
127
0
63 41 12 4 10 9 1 36 31 27 23 9 11 35 95 79 33 91 79 23 
128
0
35 74 96 40 78 59 13 17 79 16 51 67 37 62 33 37 29 87 45 66 
129
0
24 55 93 4 55 16 37 78 67 35 34 78 24 63 85 34 53 38 35 59 
130
0
3 66 70 51 8 43 40 88 35 27 1 81 72 14 59 69 86 15 28 22 
131
0
63 70 42 22 56 84 9 78 28 27 48 67 33 43 26 86 44 30 92 19 
132
0
60 50 44 16 5 21 65 49 5 86 28 71 34 23 99 4 61 65 24 47 
133
0
46 22 49 69 76 6 97 47 79 57 10 24 91 64 57 15 70 79 83 71 
134
0
31 96 39 22 12 98 81 89 71 88 31 47 76 3 68 20 25 95 19 92 
135
0
23 97 30 80 91 78 4 68 53 49 78 79 62 51 17 44 23 65 22 52 
136
0
47 85 14 47 36 15 1 29 83 96 14 2 10 19 65 93 36 81 5 13 
137
0
38 84 67 67 25 41 87 15 1 87 10 57 44 2 2 16 4 71 34 25 
138
0
76 65 4 87 13 31 10 23 29 26 19 90 78 57 58 95 67 66 16 20 
139
0
92 64 79 88 88 86 99 13 54 81 16 99 19 37 58 95 52 2 12 50 
140
0
99 81 79 85 58 6 62 73 61 8 53 36 81 45 53 81 46 56 28 17 
141
0
90 34 36 90 52 94 19 6 75 83 11 44 41 10 83 79 30 77 63 64 
142
0
70 42 54 40 88 96 1 59 11 88 50 29 50 38 89 78 76 17 60 62 
143
0
94 55 68 96 28 85 75 3 19 90 74 77 50 13 38 98 56 36 36 40 
144
0
74 73 95 73 75 13 42 39 78 97 26 69 50 35 38 95 93 7 27 58 
145
0
56 52 58 53 7 63 85 32 40 65 6 73 92 58 14 61 39 89 43 43 
146
0
38 1 67 29 83 25 62 97 95 76 6 74 56 1 56 87 39 98 69 43 
147
0
75 59 11 96 56 79 8 26 22 78 51 99 12 92 7 8 16 71 99 98 
148
0
20 79 96 30 17 54 88 43 66 9 98 19 9 59 9 56 15 28 66 41 
149
0
8 43 89 75 64 94 54 20 84 76 5 3 84 4 5 94 68 87 19 20 
150
0
54 57 69 57 71 46 37 78 61 29 17 23 93 4 72 17 20 37 30 78 
151
0
2 94 47 38 81 16 38 13 72 56 74 43 26 88 50 67 79 34 20 54 
152
0
1 99 75 9 62 30 75 16 13 54 44 48 12 93 68 3 70 25 70 3 
153
0
72 77 70 31 26 42 16 23 43 69 9 3 20 4 15 7 77 25 36 2 
154
0
22 24 98 93 20 41 30 5 14 45 68 76 84 40 18 99 80 12 61 34 
155
0
84 37 71 58 26 47 11 3 67 22 93 40 8 28 59 38 77 60 14 22 
156
0
70 4 31 58 36 77 54 25 76 6 51 39 20 24 61 70 93 73 32 8 
157
0
63 71 48 24 11 35 60 83 1 63 73 78 45 55 67 5 31 98 70 80 
158
0
39 33 64 51 12 49 89 26 19 69 65 96 72 75 56 79 67 50 42 39 
159
0
83 83 66 68 72 31 57 84 56 61 99 86 32 19 5 47 23 10 14 95 
160
0
46 84 47 84 4 24 20 96 54 96 3 73 12 50 66 23 96 85 24 94 
161
0
28 65 18 91 67 66 1 70 31 21 49 66 96 59 36 24 88 81 40 21 
162
0
68 78 4 29 31 61 99 3 53 58 88 67 48 27 67 30 56 65 51 4 
163
0
36 87 83 26 27 19 70 16 92 73 17 49 18 16 84 32 51 88 16 16 
164
0
64 58 14 67 7 25 62 26 17 94 8 32 36 69 25 54 90 97 71 49 
165
0
68 85 61 53 1 92 12 9 33 60 28 42 21 38 36 65 18 67 79 56 
166
0
88 49 79 17 76 86 66 73 97 65 13 98 23 38 24 41 60 69 1 65 
167
0
62 68 12 87 97 24 24 44 40 66 72 43 47 77 5 73 59 91 58 74 
168
0
39 2 47 18 62 80 31 74 45 98 91 84 48 13 50 82 32 96 45 51 
169
0
36 8 46 15 43 73 96 87 93 81 58 68 22 2 35 87 67 72 44 67 
170
0
76 28 72 86 98 74 39 19 19 47 25 67 43 90 38 20 33 8 76 98 
171
0
33 19 4 32 2 76 69 59 37 74 46 87 19 37 54 65 45 66 37 12 
172
0
73 37 55 27 49 59 63 63 60 40 82 24 17 99 69 74 66 62 30 38 
173
0
93 8 39 69 96 93 97 63 42 61 71 93 30 39 66 48 98 21 5 31 
174
0
85 10 95 25 8 84 94 76 16 46 30 66 62 4 20 81 31 27 3 77 
175
0
93 74 92 84 75 17 31 51 80 77 30 2 55 53 3 90 96 4 53 65 
176
0
97 29 16 72 67 81 51 65 41 36 27 48 67 73 52 19 82 22 26 73 
177
0
98 62 60 56 10 5 28 68 87 24 17 76 20 48 50 6 6 93 14 16 
178
0
53 24 41 12 27 90 12 48 42 65 90 44 86 79 99 15 84 45 37 53 
179
0
3 59 25 14 85 81 11 54 14 6 84 99 15 44 70 69 71 18 99 22 
180
0
67 16 34 37 4 27 66 26 14 21 28 64 30 10 71 78 64 75 94 40 
181
0
53 15 37 50 97 89 15 2 19 5 38 94 42 63 73 9 56 98 94 25 
182
0
20 13 48 6 61 53 72 62 30 19 82 75 76 82 29 82 94 27 75 30 
183
0
27 75 74 50 1 65 1 86 40 62 73 44 60 19 26 62 89 7 54 1 
184
0
75 24 41 90 99 19 9 22 3 60 49 70 73 2 67 86 2 99 87 86 
185
0
52 62 4 3 77 76 56 75 79 74 20 36 20 45 32 59 44 29 53 4 
186
0
43 27 60 10 18 97 4 95 21 12 64 49 26 22 8 27 25 51 93 75 
187
0
50 47 40 91 62 36 86 87 21 92 71 38 48 97 88 61 83 70 88 70 
188
0
89 67 84 38 63 60 37 3 49 43 30 54 47 31 40 77 65 53 18 89 
189
0
41 95 88 60 23 35 60 9 92 6 74 83 97 95 7 20 1 1 74 68 
190
0
30 10 68 92 64 63 79 86 86 82 76 11 84 96 99 66 18 6 70 35 
191
0
73 96 45 24 97 31 79 44 27 28 30 65 72 13 21 57 76 44 37 93 
192
0
45 89 60 44 58 70 18 55 30 26 83 5 59 98 9 30 82 51 51 23 
193
0
60 75 89 27 85 75 84 32 74 3 5 40 69 4 25 46 49 97 43 9 
194
0
12 28 93 41 26 66 44 97 46 93 15 64 24 35 12 27 31 23 65 97 
195
0
80 36 92 53 46 89 9 96 4 97 39 88 59 96 46 38 77 89 43 70 
196
0
48 52 24 92 47 62 28 75 19 59 3 61 1 81 38 86 47 39 31 82 
197
0
17 50 38 84 52 43 69 37 30 12 6 40 95 28 37 50 38 15 82 23 
198
0
92 86 24 61 48 91 11 82 22 75 6 78 12 71 5 9 16 27 65 50 
199
0
53 25 11 17 98 81 59 74 8 28 1 73 63 8 23 17 12 45 55 76 
