100
20
10020025
0
0
48 40 47 38 44 40 43 49 40 42 38 44 42 48 40 45 38 42 48 48 
1
0
75 77 71 73 73 71 78 70 72 72 73 74 77 69 70 78 71 74 76 72 
2
0
29 30 30 33 32 33 28 35 28 34 30 26 29 29 30 36 26 32 26 30 
3
0
12 13 11 14 10 11 11 15 11 11 6 13 12 13 15 14 5 7 13 8 
4
0
95 87 90 97 95 92 91 93 90 96 91 93 94 95 91 89 95 88 87 87 
5
0
50 50 53 47 52 45 45 54 50 55 51 50 53 49 50 46 45 54 46 45 
6
0
38 41 36 42 39 36 36 46 41 42 39 42 38 35 39 37 39 42 40 42 
7
0
91 92 86 85 90 82 89 88 92 89 86 86 88 87 89 86 81 81 89 84 
8
0
30 24 29 21 26 28 23 22 23 24 24 28 20 31 29 29 23 26 21 28 
9
0
11 13 10 13 8 10 14 14 16 12 18 9 14 9 11 14 11 10 13 16 
10
0
18 18 14 18 15 21 15 23 18 24 24 18 16 19 21 24 16 20 20 25 
11
0
45 42 44 49 47 48 45 45 41 39 39 42 48 41 47 46 40 39 42 45 
12
0
57 53 49 51 49 50 49 51 53 52 58 56 54 50 51 51 54 56 50 56 
13
0
45 42 51 50 50 40 50 50 47 43 47 51 50 48 43 48 51 44 45 44 
14
0
68 69 74 74 72 72 76 74 73 77 75 68 71 74 68 75 72 73 74 73 
15
0
44 53 48 54 52 48 49 48 45 53 46 47 49 51 53 49 46 53 44 49 
16
0
33 31 36 40 39 33 30 36 40 39 40 31 40 30 36 38 40 34 35 38 
17
0
53 52 54 49 52 54 52 49 50 56 51 51 53 52 57 51 49 50 51 50 
18
0
24 22 19 21 20 16 19 25 16 17 19 19 22 16 24 18 22 18 16 19 
19
0
79 81 84 81 81 75 83 79 81 81 79 79 85 78 82 84 77 82 82 85 
20
0
26 31 31 32 27 33 33 25 34 34 27 31 26 34 28 29 31 29 27 29 
21
0
89 87 90 84 92 85 89 83 84 93 88 87 85 87 91 90 92 83 87 84 
22
0
8 13 12 10 8 14 11 5 11 10 10 8 14 11 9 7 12 11 8 9 
23
0
85 88 87 80 84 80 90 90 86 81 81 84 80 80 86 90 89 80 86 87 
24
0
49 59 50 59 54 50 52 52 57 51 54 52 58 49 50 56 50 56 53 51 
25
0
11 14 14 16 10 13 14 10 17 13 16 19 13 13 13 18 21 19 12 13 
26
0
26 28 26 22 23 22 22 27 31 23 28 27 26 30 27 29 22 25 27 30 
27
0
87 90 82 86 81 80 83 84 90 80 91 85 86 87 85 86 84 86 86 83 
28
0
66 74 66 71 66 70 66 66 73 67 73 65 73 67 71 75 66 65 66 70 
29
0
66 71 65 67 74 72 66 64 66 71 71 69 70 72 74 69 64 70 72 69 
30
0
35 30 34 34 37 35 30 36 34 37 32 33 37 38 30 35 35 33 32 29 
31
0
88 93 91 96 88 86 96 87 87 93 96 97 86 86 93 91 89 92 89 89 
32
0
77 73 71 72 77 79 74 71 75 78 76 69 75 68 70 72 68 75 74 72 
33
0
45 43 37 41 40 37 42 39 37 34 44 39 35 38 42 39 42 45 43 36 
34
0
32 28 34 31 29 32 36 35 31 30 36 31 30 29 31 36 33 34 31 33 
35
0
79 72 76 79 81 78 70 75 75 77 79 71 80 81 76 76 76 71 73 79 
36
0
60 56 63 63 60 61 64 60 54 59 62 60 64 58 56 57 58 56 65 63 
37
0
54 51 54 57 52 57 61 58 58 56 58 52 52 50 55 56 54 54 58 57 
38
0
41 41 44 43 40 38 41 35 35 35 43 45 43 35 40 36 41 37 44 40 
39
0
72 73 71 66 63 73 68 64 65 70 70 67 69 69 71 69 65 68 73 71 
40
0
52 43 47 43 49 44 42 48 44 44 47 47 47 43 48 49 51 51 52 47 
41
0
80 86 84 85 78 78 86 79 83 86 79 80 80 86 78 76 76 86 85 77 
42
0
84 81 77 79 85 80 86 80 80 80 84 81 78 78 81 80 78 81 77 87 
43
0
16 13 22 19 11 22 21 22 22 14 12 20 14 14 22 17 19 22 15 15 
44
0
50 60 50 55 60 58 55 56 54 60 51 51 57 58 51 55 51 55 54 58 
45
0
62 62 60 64 66 69 66 62 69 61 62 63 66 63 63 68 68 67 61 69 
46
0
48 41 39 40 39 40 43 44 39 44 49 41 43 48 47 42 43 41 45 43 
47
0
88 91 88 83 82 82 91 91 91 82 90 89 91 92 92 87 83 82 90 85 
48
0
60 62 63 61 62 57 64 54 62 59 54 61 64 58 60 58 63 60 62 58 
49
0
14 13 9 18 20 16 15 18 18 10 16 19 13 13 10 12 11 20 15 19 
50
0
3 7 12 10 12 2 5 11 5 7 7 9 3 7 10 11 9 9 8 12 
51
0
91 87 90 95 93 90 86 90 93 88 85 93 95 95 92 96 94 95 91 92 
52
0
17 8 16 13 10 17 9 8 18 11 11 10 17 12 14 10 8 10 17 14 
53
0
85 84 88 83 83 81 80 88 86 83 81 79 87 80 80 85 83 89 85 80 
54
0
85 84 85 88 80 85 88 90 87 90 80 82 87 85 83 82 89 81 84 90 
55
0
7 11 2 9 6 5 3 5 9 3 9 9 5 4 5 2 9 7 1 11 
56
0
56 62 56 57 55 61 62 60 62 56 56 62 57 62 61 59 65 59 56 66 
57
0
77 73 70 73 73 72 77 77 71 77 73 72 74 74 74 77 70 68 71 74 
58
0
26 27 29 33 30 26 35 32 27 33 28 36 30 35 34 29 34 32 33 28 
59
0
19 12 16 10 10 14 17 17 17 13 10 9 9 9 16 17 19 8 13 13 
60
0
37 40 38 36 40 36 37 38 41 40 41 34 31 35 36 35 33 39 36 37 
61
0
59 60 56 61 60 56 54 52 62 54 54 51 52 61 61 55 59 60 56 53 
62
0
25 24 24 18 22 20 25 22 19 24 24 23 23 23 19 23 23 23 18 18 
63
0
13 14 12 16 20 20 17 15 14 15 12 20 12 15 14 12 19 14 12 13 
64
0
73 74 71 74 70 78 71 80 73 72 79 78 78 77 76 74 80 75 78 72 
65
0
45 40 44 41 37 37 44 41 42 36 45 41 40 40 35 41 40 39 43 36 
66
0
79 85 80 83 86 77 81 85 86 85 81 79 83 85 83 87 87 86 82 84 
67
0
68 67 75 77 69 71 67 71 72 71 70 74 71 77 77 69 72 73 74 76 
68
0
34 34 26 35 27 34 34 30 27 33 33 26 29 28 33 36 34 34 36 34 
69
0
32 29 30 32 35 39 31 39 31 39 32 31 37 29 37 31 31 29 34 32 
70
0
55 47 49 53 56 55 47 47 47 53 54 56 48 54 56 52 50 49 55 48 
71
0
52 52 47 50 55 50 50 46 45 52 55 54 47 53 46 46 48 53 52 45 
72
0
67 62 61 65 65 67 65 65 64 62 60 66 60 58 62 63 66 65 60 62 
73
0
90 88 85 91 87 91 87 84 87 88 86 93 86 89 86 89 92 86 93 84 
74
0
92 88 90 97 97 94 93 90 97 89 89 88 95 91 90 95 94 88 95 94 
75
0
18 22 19 21 18 13 22 20 16 20 14 15 18 18 22 17 17 23 13 13 
76
0
70 71 70 63 73 71 68 64 68 64 66 73 65 67 70 70 71 73 66 66 
77
0
65 68 67 58 61 60 59 62 59 62 60 63 67 60 63 61 61 65 63 60 
78
0
58 59 55 55 51 59 53 52 52 59 55 56 58 57 55 59 52 61 60 59 
79
0
59 56 52 52 51 55 55 59 51 57 55 52 56 52 57 56 56 56 57 60 
80
0
72 75 75 77 75 80 74 72 76 79 72 74 76 75 73 75 80 80 77 79 
81
0
52 51 51 51 50 56 59 49 50 58 59 49 58 50 59 58 55 55 49 53 
82
0
36 30 28 35 29 30 34 36 35 30 29 34 35 34 34 34 31 36 37 32 
83
0
15 20 13 16 15 18 16 19 20 16 19 10 16 14 18 21 19 11 15 13 
84
0
40 33 35 32 33 36 37 40 34 35 41 33 34 32 35 41 35 39 41 40 
85
0
66 66 63 70 65 71 68 66 62 67 64 64 70 66 71 68 65 63 66 62 
86
0
62 69 70 62 70 63 66 60 67 67 70 66 63 61 60 66 69 69 62 66 
87
0
71 63 66 61 62 61 66 65 70 68 68 70 67 64 70 61 62 62 67 66 
88
0
39 36 39 37 35 32 37 31 39 33 38 36 37 32 31 30 29 35 35 35 
89
0
41 39 42 42 45 42 48 46 49 47 46 45 41 44 40 48 43 40 49 45 
90
0
17 20 12 17 12 11 17 14 13 19 21 16 15 17 20 15 21 18 20 18 
91
0
8 14 10 8 5 13 6 13 10 14 7 5 9 11 10 10 9 5 14 13 
92
0
76 69 75 73 75 74 65 69 71 69 69 74 72 71 74 70 71 74 69 68 
93
0
38 41 46 38 39 39 46 44 46 42 45 44 40 43 44 45 38 38 39 40 
94
0
43 44 44 38 39 39 43 38 40 40 41 38 42 41 40 44 43 40 37 44 
95
0
15 21 16 25 24 18 25 22 25 25 21 25 23 15 17 15 19 19 24 24 
96
0
31 34 29 29 32 29 28 32 28 29 27 35 28 35 30 36 28 32 26 34 
97
0
55 47 46 48 51 51 52 47 45 49 47 53 48 53 54 49 50 54 52 47 
98
0
10 13 15 11 14 16 15 18 12 9 18 17 17 10 12 13 9 8 12 16 
99
0
20 24 25 19 19 24 18 22 22 23 26 19 22 28 21 19 24 27 26 21 
