30
20
3020005
0
0
66 66 65 65 66 68 66 63 59 59 58 63 67 62 60 63 63 59 67 65 
1
0
7 12 5 9 7 9 4 4 8 13 7 3 13 3 10 8 12 9 10 11 
2
0
7 6 11 3 13 8 10 3 6 13 3 3 9 13 8 3 9 12 10 6 
3
0
9 8 16 16 16 14 18 10 12 10 16 15 9 17 17 14 12 8 13 12 
4
0
64 69 70 70 67 69 66 70 63 72 67 72 65 67 70 69 70 70 67 62 
5
0
38 40 37 40 38 41 46 42 46 44 43 42 42 46 38 41 44 43 41 43 
6
0
57 54 59 51 53 55 59 52 53 53 52 54 56 58 53 49 53 51 53 53 
7
0
75 79 81 77 83 83 82 86 79 81 85 80 79 80 83 76 77 81 79 78 
8
0
77 73 78 82 78 76 81 78 84 78 76 80 81 81 77 77 75 77 80 79 
9
0
8 4 2 10 4 3 6 2 10 4 10 8 5 10 8 5 6 4 12 2 
10
0
22 23 20 22 17 17 20 21 14 17 19 23 22 23 21 14 21 16 23 23 
11
0
84 84 83 85 85 88 82 79 87 82 81 86 79 81 80 81 85 79 78 84 
12
0
89 96 93 96 92 95 88 94 87 95 96 91 87 93 90 86 87 96 95 94 
13
0
86 80 85 87 86 80 86 78 88 78 78 88 84 88 83 84 82 88 85 85 
14
0
70 68 75 71 74 74 74 73 71 66 68 71 74 71 67 70 76 66 71 67 
15
0
53 56 53 58 54 58 53 57 59 53 59 56 49 54 53 51 50 53 59 51 
16
0
39 44 42 42 46 41 46 41 39 39 40 37 42 41 46 41 47 47 40 42 
17
0
72 77 67 76 75 72 70 75 73 74 71 76 77 68 68 77 73 71 78 70 
18
0
64 69 67 71 64 64 71 67 66 68 62 70 70 69 72 64 66 68 65 70 
19
0
32 30 29 30 33 35 27 26 29 33 31 28 25 30 28 27 32 25 26 28 
20
0
13 11 17 17 15 13 11 13 13 9 9 15 15 9 13 19 16 10 15 11 
21
0
12 9 6 10 15 14 9 7 12 13 10 14 7 7 15 7 12 10 6 10 
22
0
55 64 66 60 63 56 57 56 63 63 56 56 57 57 57 58 66 60 59 63 
23
0
66 72 71 65 68 67 70 70 73 64 71 68 66 68 75 69 70 68 72 69 
24
0
37 32 27 35 34 29 30 31 37 27 32 36 37 28 30 34 34 29 29 27 
25
0
13 11 15 11 19 15 17 15 17 20 18 20 20 21 15 19 20 16 14 20 
26
0
23 20 12 19 19 21 16 20 16 21 22 17 17 15 19 21 14 16 15 16 
27
0
71 67 64 64 66 72 63 72 67 72 69 73 64 69 65 70 63 72 63 66 
28
0
70 62 66 68 64 64 63 68 61 68 62 61 69 64 61 60 63 59 59 60 
29
0
29 33 35 31 35 35 31 28 35 35 30 33 28 30 29 30 32 30 26 35 
