20
10
2010002
0
0
68 50 84 83 48 30 43 49 29 91 
1
0
68 50 83 78 51 30 42 45 32 92 
2
0
73 49 85 87 49 31 41 46 40 96 
3
0
68 57 77 79 46 29 40 45 31 91 
4
0
70 54 77 77 53 29 43 45 34 89 
5
0
74 52 83 85 44 36 49 47 39 92 
6
0
70 53 85 79 48 35 43 48 31 94 
7
0
67 53 77 81 46 30 44 46 38 89 
8
0
72 55 85 87 44 32 48 51 30 98 
9
0
76 54 77 86 48 32 46 47 34 93 
10
0
76 48 80 80 49 29 47 50 35 89 
11
0
66 56 80 77 44 39 43 47 32 97 
12
0
66 48 85 83 43 33 49 48 32 93 
13
0
76 52 86 86 45 29 46 53 32 98 
14
0
70 56 86 78 43 37 48 46 34 97 
15
0
72 54 77 84 43 36 50 49 39 90 
16
0
70 49 81 81 52 31 51 45 37 98 
17
0
68 52 82 83 47 32 43 49 29 97 
18
0
66 54 77 77 43 33 50 50 38 93 
19
0
73 48 86 82 48 37 41 49 40 90 
