50
5
5005005
0
0
19 20 18 23 25 
1
0
52 58 55 57 54 
2
0
70 72 65 64 69 
3
0
31 27 32 23 26 
4
0
48 55 54 56 51 
5
0
39 34 29 34 38 
6
0
21 19 28 27 19 
7
0
90 90 85 92 89 
8
0
70 69 77 70 68 
9
0
6 12 4 3 10 
10
0
30 32 28 31 31 
11
0
59 62 58 59 57 
12
0
81 75 79 75 78 
13
0
69 70 66 72 64 
14
0
32 26 29 29 26 
15
0
51 49 53 53 58 
16
0
39 32 30 30 37 
17
0
33 35 34 40 34 
18
0
17 16 17 22 18 
19
0
79 77 78 85 75 
20
0
9 9 18 19 15 
21
0
69 71 71 68 71 
22
0
67 71 68 69 70 
23
0
93 94 99 90 92 
24
0
87 90 91 93 91 
25
0
22 20 19 13 14 
26
0
91 93 92 91 95 
27
0
43 43 37 41 44 
28
0
16 10 13 12 13 
29
0
52 49 46 51 47 
30
0
15 16 9 17 11 
31
0
24 27 27 22 26 
32
0
63 67 64 69 63 
33
0
47 51 49 42 45 
34
0
85 90 86 88 92 
35
0
69 67 68 64 65 
36
0
28 30 28 24 28 
37
0
61 57 65 55 57 
38
0
48 47 56 57 53 
39
0
19 23 21 19 17 
40
0
54 57 57 57 52 
41
0
78 86 83 78 80 
42
0
66 68 67 64 65 
43
0
74 68 71 69 68 
44
0
12 13 19 18 13 
45
0
89 82 82 83 89 
46
0
32 35 36 31 38 
47
0
25 32 26 31 26 
48
0
55 59 57 60 58 
49
0
18 16 23 12 22 
