30
20
3020101
0
0
62 12 86 46 20 43 63 54 27 29 59 80 49 57 15 40 42 62 91 16 
1
0
61 13 88 46 17 38 59 55 24 26 56 81 60 61 11 39 34 64 88 22 
2
0
65 13 84 44 20 43 60 49 30 29 64 79 52 58 14 35 36 65 86 21 
3
0
67 12 82 39 21 43 62 55 25 29 63 82 59 61 13 35 43 70 87 15 
4
0
67 10 84 42 16 38 62 49 25 30 54 77 52 54 15 32 35 63 96 19 
5
0
63 7 87 46 15 39 61 45 29 31 55 78 56 58 15 35 38 67 90 16 
6
0
57 17 86 41 12 38 56 49 32 32 56 82 54 57 20 35 45 62 85 18 
7
0
65 14 89 46 11 43 62 52 29 26 54 80 59 55 18 32 45 64 89 21 
8
0
68 10 79 42 15 47 59 47 33 27 59 73 53 52 18 39 44 65 89 20 
9
0
57 7 79 45 15 37 62 47 30 31 60 76 57 62 14 39 44 69 85 21 
10
0
67 10 89 47 18 40 61 50 29 35 57 82 56 57 11 33 39 65 89 18 
11
0
60 14 85 41 15 46 63 55 32 26 58 73 57 58 13 34 39 63 91 22 
12
0
60 16 82 42 17 45 57 46 31 30 55 80 52 57 19 35 37 61 90 13 
13
0
63 14 84 45 21 46 63 48 33 28 64 80 51 57 10 35 37 69 92 21 
14
0
58 13 86 44 20 44 53 53 32 26 56 81 50 58 10 36 39 67 92 12 
15
0
67 16 89 41 17 43 54 55 32 26 62 80 52 60 9 41 44 70 94 13 
16
0
60 13 84 49 12 44 57 52 29 28 56 77 58 62 18 38 40 60 96 14 
17
0
68 12 88 42 16 37 57 52 25 33 62 73 60 55 14 36 43 63 94 14 
18
0
61 13 79 41 18 38 55 48 33 29 63 79 54 53 13 39 37 67 87 19 
19
0
66 8 79 40 18 45 53 53 32 26 57 74 56 60 14 38 43 64 93 21 
20
0
68 15 84 49 18 46 60 53 28 31 62 73 55 59 15 36 37 65 88 17 
21
0
68 11 79 45 11 47 63 50 27 26 63 74 54 52 14 34 43 69 93 16 
22
0
59 12 86 39 11 44 62 49 32 35 57 80 52 62 9 42 40 70 89 15 
23
0
62 12 83 39 13 48 58 51 25 28 61 81 50 55 17 33 35 69 86 18 
24
0
59 13 84 41 14 39 53 47 31 30 59 74 55 54 11 38 40 62 92 13 
25
0
60 13 87 44 11 39 55 47 26 32 56 80 52 61 10 38 38 61 91 13 
26
0
61 9 88 38 15 41 61 47 29 27 63 72 60 57 16 36 40 69 93 20 
27
0
58 10 79 48 19 46 56 51 26 29 56 81 57 61 10 37 40 61 90 17 
28
0
62 14 88 39 21 47 54 47 24 32 64 78 57 53 9 36 44 67 87 19 
29
0
66 7 84 43 13 46 56 45 27 29 65 81 56 55 15 41 36 66 86 21 
