30
20
3020003
0
0
63 61 66 64 61 67 62 59 61 62 57 66 67 60 59 59 63 62 65 67 
1
0
61 59 65 64 61 61 62 66 66 63 68 69 64 62 63 69 68 68 60 67 
2
0
62 53 58 60 54 62 60 58 56 58 57 55 55 62 59 54 57 53 59 55 
3
0
41 40 42 46 49 44 50 44 49 44 48 48 43 48 44 40 48 49 45 40 
4
0
85 87 89 93 93 87 94 86 86 93 94 86 92 95 95 91 94 87 87 93 
5
0
30 27 24 27 26 23 32 32 30 24 27 25 25 30 23 23 31 32 27 25 
6
0
63 61 63 64 61 63 66 65 67 64 60 63 59 68 65 59 61 63 66 61 
7
0
69 68 70 66 68 67 74 72 65 67 71 73 73 69 74 71 65 71 69 74 
8
0
89 91 90 89 83 84 93 93 90 92 86 93 92 83 88 83 91 93 91 83 
9
0
33 29 36 27 34 29 32 35 36 32 31 28 30 36 37 35 30 29 35 29 
10
0
89 89 90 89 99 97 91 91 89 95 94 88 96 94 97 97 92 98 89 91 
11
0
14 11 15 16 10 9 17 9 9 14 12 10 13 18 11 19 13 18 8 14 
12
0
46 40 47 44 39 42 43 41 42 44 46 47 46 39 48 46 41 37 47 48 
13
0
34 37 31 33 40 37 34 30 36 30 36 33 33 31 33 32 38 37 37 31 
14
0
26 33 30 26 26 28 27 28 26 35 24 24 26 25 34 34 34 34 27 29 
15
0
14 16 18 14 22 20 23 14 20 16 16 18 23 19 22 17 16 18 13 17 
16
0
77 86 76 77 81 80 80 86 80 79 80 80 82 80 82 82 84 76 87 78 
17
0
9 15 10 14 8 8 8 15 6 13 15 7 12 8 11 15 8 16 12 10 
18
0
55 55 48 50 55 56 56 53 49 50 50 49 50 56 57 48 51 52 49 47 
19
0
85 78 76 76 83 80 82 79 86 77 81 77 86 86 84 77 81 83 82 83 
20
0
94 92 97 98 91 98 94 89 91 96 92 94 95 99 93 91 95 92 95 89 
21
0
55 54 62 54 62 57 59 62 57 57 55 62 57 57 62 59 53 58 56 59 
22
0
17 17 12 22 16 21 20 21 18 19 20 21 15 22 20 17 15 14 16 19 
23
0
52 51 58 57 57 58 56 51 55 57 52 53 58 60 59 51 53 57 52 50 
24
0
95 88 96 96 92 88 93 93 96 90 94 96 94 90 91 97 95 95 90 90 
25
0
18 19 20 21 19 16 23 20 22 18 20 22 24 21 18 20 16 23 20 17 
26
0
72 74 69 74 66 64 68 69 70 71 74 70 74 64 72 73 70 65 72 71 
27
0
63 65 65 66 67 58 68 68 68 60 64 68 65 60 62 61 59 64 63 62 
28
0
37 30 38 31 33 37 36 33 35 30 40 30 38 30 36 39 32 30 35 36 
29
0
20 12 20 20 14 11 11 18 21 20 17 18 14 13 13 13 11 12 15 12 
