30
10
3010003
0
0
56 43 52 29 19 29 72 81 5 46 
1
0
14 39 43 63 15 26 86 44 27 48 
2
0
29 30 36 95 80 11 63 68 7 46 
3
0
28 33 11 38 96 77 74 71 67 18 
4
0
98 68 71 66 71 48 58 46 85 70 
5
0
80 1 31 4 11 5 28 57 69 32 
6
0
44 98 76 36 68 97 7 59 13 45 
7
0
83 83 29 55 24 71 60 89 94 61 
8
0
22 50 24 79 23 28 79 8 58 32 
9
0
42 49 93 4 95 13 69 20 45 7 
10
0
40 78 85 58 55 44 3 32 8 67 
11
0
83 31 2 68 60 16 70 66 79 87 
12
0
19 97 5 10 98 82 95 82 88 33 
13
0
16 33 24 92 15 12 52 75 50 70 
14
0
68 86 25 59 42 38 30 33 50 2 
15
0
17 72 33 69 43 93 77 38 64 1 
16
0
66 40 48 64 1 49 88 98 68 77 
17
0
56 12 94 90 78 73 39 89 61 70 
18
0
26 81 22 62 50 6 58 39 87 23 
19
0
34 64 99 65 27 47 61 77 35 44 
20
0
4 58 56 75 68 87 61 43 17 19 
21
0
92 5 16 13 43 26 12 89 42 33 
22
0
46 76 83 5 55 90 91 4 18 34 
23
0
64 41 52 49 65 13 72 37 45 43 
24
0
88 66 47 24 29 54 26 14 90 27 
25
0
20 18 58 76 97 57 64 10 12 81 
26
0
60 78 99 72 93 42 10 91 69 70 
27
0
4 12 29 70 72 60 88 85 51 40 
28
0
31 12 22 15 24 39 43 51 25 8 
29
0
79 80 3 45 26 29 97 51 12 52 
