100
5
10005015
0
0
30 34 37 77 96 
1
0
54 29 6 13 42 
2
0
58 9 53 7 45 
3
0
45 35 42 72 70 
4
0
20 67 80 67 28 
5
0
94 95 95 42 88 
6
0
9 34 60 66 56 
7
0
67 31 55 47 99 
8
0
73 68 1 8 15 
9
0
44 7 19 30 88 
10
0
4 73 63 51 10 
11
0
59 20 17 28 39 
12
0
75 72 39 33 31 
13
0
48 86 49 89 33 
14
0
46 53 73 16 22 
15
0
38 95 30 61 13 
16
0
65 46 88 97 94 
17
0
47 10 2 95 96 
18
0
34 94 68 66 98 
19
0
59 71 78 98 66 
20
0
44 68 62 65 71 
21
0
29 54 86 36 36 
22
0
15 6 90 16 63 
23
0
9 32 67 16 60 
24
0
43 69 2 84 91 
25
0
33 67 64 35 15 
26
0
12 55 7 2 86 
27
0
3 20 67 64 26 
28
0
80 28 24 6 62 
29
0
42 82 87 62 51 
30
0
56 88 10 67 69 
31
0
82 93 24 44 40 
32
0
14 53 97 3 95 
33
0
17 9 6 46 11 
34
0
30 89 85 85 59 
35
0
36 81 65 16 47 
36
0
36 53 71 14 1 
37
0
26 91 8 57 2 
38
0
90 97 52 33 46 
39
0
88 16 59 24 63 
40
0
75 50 93 51 12 
41
0
35 64 85 54 16 
42
0
15 46 49 12 84 
43
0
43 60 52 61 7 
44
0
12 25 87 85 49 
45
0
35 90 34 17 31 
46
0
83 94 11 78 80 
47
0
10 77 13 12 18 
48
0
31 48 60 52 30 
49
0
66 39 65 80 4 
50
0
75 40 41 66 84 
51
0
48 30 41 66 72 
52
0
77 11 52 25 3 
53
0
7 77 49 32 41 
54
0
51 77 56 3 75 
55
0
4 35 5 12 47 
56
0
71 5 4 55 24 
57
0
61 45 85 83 87 
58
0
69 75 19 37 39 
59
0
1 37 44 2 79 
60
0
76 51 35 70 54 
61
0
13 34 49 66 41 
62
0
84 11 20 49 81 
63
0
36 65 2 40 43 
64
0
13 12 2 88 90 
65
0
15 88 66 20 33 
66
0
78 2 25 28 53 
67
0
97 56 93 72 6 
68
0
54 45 49 82 6 
69
0
60 8 33 23 2 
70
0
99 23 76 19 77 
71
0
95 24 56 57 45 
72
0
57 55 97 9 19 
73
0
22 94 53 75 10 
74
0
62 4 3 27 87 
75
0
45 46 80 86 84 
76
0
55 72 20 75 17 
77
0
1 26 11 24 27 
78
0
61 20 81 1 79 
79
0
5 21 86 75 17 
80
0
51 31 48 86 78 
81
0
46 97 2 35 36 
82
0
59 73 37 18 54 
83
0
61 35 90 9 79 
84
0
58 56 40 75 90 
85
0
34 31 86 57 52 
86
0
31 83 70 65 89 
87
0
92 10 60 63 25 
88
0
8 32 15 41 96 
89
0
33 57 74 89 67 
90
0
26 66 37 78 59 
91
0
51 12 82 7 65 
92
0
82 36 51 44 32 
93
0
9 90 26 70 36 
94
0
26 87 43 71 97 
95
0
20 95 49 40 57 
96
0
29 61 80 91 17 
97
0
57 19 50 40 83 
98
0
35 45 52 61 93 
99
0
36 72 89 29 10 
