20
20
2020002
0
0
79 34 44 17 95 79 41 51 19 62 74 53 57 37 83 10 56 21 83 66 
1
0
75 29 50 26 95 84 39 46 19 63 79 48 60 33 85 8 53 21 81 68 
2
0
75 32 48 21 92 85 43 48 23 59 77 54 64 34 80 11 52 24 77 66 
3
0
82 25 45 23 94 86 48 43 28 62 74 49 63 32 77 9 50 16 77 71 
4
0
83 26 43 24 92 84 47 47 22 58 79 47 62 36 82 6 57 17 76 76 
5
0
75 30 48 20 86 84 39 52 23 62 76 48 60 34 85 6 52 21 82 68 
6
0
73 29 51 20 92 82 46 53 24 55 69 47 65 36 77 9 50 15 84 72 
7
0
74 27 52 26 90 83 43 52 22 58 75 48 56 38 75 7 51 17 84 69 
8
0
78 33 42 25 94 86 48 51 20 54 76 47 64 35 82 6 53 19 76 73 
9
0
83 29 50 17 91 85 48 51 28 57 76 52 64 32 78 8 52 15 74 75 
10
0
74 29 45 25 89 85 49 53 24 62 75 48 57 29 84 4 51 19 76 66 
11
0
80 28 52 22 95 82 40 43 23 62 78 51 59 33 76 11 47 25 78 74 
12
0
81 33 51 21 86 83 44 51 20 63 77 46 60 31 86 12 57 17 78 70 
13
0
79 32 42 25 89 81 44 44 25 53 74 54 65 29 86 7 53 16 82 75 
14
0
77 25 46 20 95 84 46 46 19 58 70 53 66 36 84 12 51 18 76 71 
15
0
74 31 43 24 86 84 41 43 21 56 69 50 66 36 79 11 49 16 77 69 
16
0
76 28 42 23 85 79 43 52 19 54 75 52 64 31 76 6 51 16 79 72 
17
0
77 32 42 20 91 80 41 45 28 54 80 57 60 32 75 3 50 18 81 73 
18
0
78 23 44 25 88 79 44 49 18 61 72 57 66 37 84 6 57 20 84 68 
19
0
78 29 50 17 92 88 40 50 20 57 77 53 56 31 83 11 48 20 76 69 
