20
20
2020004
0
0
82 58 89 73 63 9 36 57 19 37 85 35 22 78 38 49 18 83 93 24 
1
0
81 61 82 83 66 9 32 57 12 38 92 32 15 87 32 47 11 83 96 20 
2
0
74 62 89 84 62 10 28 59 11 37 85 33 22 77 36 47 7 81 96 19 
3
0
83 59 88 82 71 10 34 54 9 33 85 29 16 86 34 42 15 78 97 25 
4
0
77 61 91 80 66 7 29 61 16 39 86 32 25 82 30 49 10 84 97 26 
5
0
76 66 83 78 67 3 32 57 16 36 85 28 24 77 31 44 13 86 90 23 
6
0
77 60 89 77 65 7 28 60 11 29 88 35 21 77 35 39 16 77 99 18 
7
0
78 65 86 81 63 4 30 56 18 36 83 28 20 86 32 39 17 76 99 16 
8
0
77 64 81 77 71 2 35 54 13 28 90 36 19 87 38 45 12 86 93 16 
9
0
81 57 84 83 70 5 37 55 14 28 87 31 26 79 32 45 12 86 92 21 
10
0
74 57 91 83 62 1 30 56 14 30 90 27 19 83 39 47 10 86 88 16 
11
0
76 62 88 78 70 11 30 61 10 31 91 27 25 88 33 49 15 82 99 25 
12
0
81 60 83 76 70 12 29 57 10 38 92 35 22 82 34 48 17 82 98 20 
13
0
80 61 81 83 72 7 35 55 11 38 93 28 18 86 32 41 14 76 95 19 
14
0
78 61 84 83 70 10 34 55 8 30 84 34 20 86 28 43 15 86 91 25 
15
0
77 58 81 76 63 3 32 59 15 38 87 34 17 77 38 44 8 77 94 19 
16
0
77 62 83 76 71 3 35 64 15 30 93 36 21 86 29 40 14 80 94 23 
17
0
74 63 90 79 62 1 29 54 11 29 87 29 19 83 29 49 11 84 97 26 
18
0
79 62 84 82 68 3 31 59 17 39 84 37 24 84 38 41 10 86 89 22 
19
0
76 62 90 78 72 5 32 54 16 30 87 33 24 85 32 45 12 80 88 25 
