100
20
10020016
0
0
42 43 77 12 89 36 70 20 39 88 36 58 81 77 44 75 70 80 83 39 
1
0
74 52 85 98 96 72 46 38 15 1 54 84 25 96 9 62 73 98 51 50 
2
0
42 56 70 54 91 57 86 82 98 64 84 76 34 59 74 14 48 88 54 24 
3
0
66 45 59 80 21 55 74 87 1 81 28 81 41 24 42 64 88 90 55 65 
4
0
25 63 70 34 73 66 42 60 51 85 12 92 33 1 77 77 60 87 3 61 
5
0
55 35 98 27 50 57 53 48 36 12 29 35 45 18 65 85 39 77 12 99 
6
0
80 23 53 1 36 27 76 66 53 25 30 69 47 99 91 71 26 47 63 38 
7
0
33 15 58 46 1 69 17 81 71 85 81 2 42 60 95 33 40 53 95 26 
8
0
85 95 61 29 36 56 73 14 31 71 18 26 62 66 71 89 57 93 33 53 
9
0
77 77 3 97 72 57 91 13 31 58 1 37 15 9 27 43 83 94 30 22 
10
0
95 10 95 83 32 3 91 27 20 82 24 14 91 46 45 67 16 46 61 19 
11
0
36 34 53 65 45 80 27 27 59 65 86 41 31 24 88 33 59 58 73 37 
12
0
7 4 41 55 23 98 67 93 35 52 18 85 68 95 79 73 75 43 11 68 
13
0
10 81 43 32 31 22 95 82 60 62 92 91 8 50 30 55 77 10 31 2 
14
0
44 89 56 49 71 98 53 10 10 94 31 72 47 41 19 90 29 44 98 41 
15
0
41 39 64 16 37 38 33 51 89 46 93 59 5 79 93 11 27 49 43 85 
16
0
57 14 49 79 54 98 40 65 55 66 6 56 79 16 28 82 90 57 93 26 
17
0
94 58 75 43 24 34 97 68 37 76 68 6 43 37 13 86 64 74 81 93 
18
0
95 31 17 3 17 60 30 1 60 87 83 50 82 32 86 6 50 88 38 42 
19
0
29 25 19 24 30 66 42 63 5 80 95 87 70 79 70 79 54 92 4 42 
20
0
15 63 97 46 80 76 88 4 51 23 54 85 16 40 85 1 46 85 25 50 
21
0
57 63 20 45 90 45 65 89 5 87 66 71 25 51 34 80 17 23 52 41 
22
0
39 5 21 84 51 75 53 9 50 93 27 40 69 38 17 62 55 67 51 89 
23
0
56 13 65 58 95 84 40 93 49 96 89 51 37 63 20 75 49 65 33 53 
24
0
78 86 7 96 70 26 22 40 58 74 4 67 40 33 45 75 94 27 27 76 
25
0
78 68 28 11 97 31 20 55 20 10 93 67 46 13 96 85 60 44 51 61 
26
0
68 94 91 41 29 92 25 71 64 84 39 93 42 16 75 23 5 43 35 62 
27
0
47 11 10 2 33 42 24 92 9 92 22 82 49 25 66 41 70 84 34 6 
28
0
21 90 76 83 87 40 31 88 17 46 74 28 34 91 40 23 98 51 54 37 
29
0
97 24 30 77 72 91 56 99 32 34 58 3 50 20 83 18 18 21 69 43 
30
0
29 63 20 57 84 20 22 98 75 5 49 27 79 43 90 75 92 84 58 15 
31
0
55 47 41 21 35 70 84 2 51 64 73 76 97 32 3 34 23 54 9 92 
32
0
20 70 74 68 14 3 34 20 89 3 20 44 91 32 45 57 79 4 15 95 
33
0
19 96 12 89 34 57 94 84 55 96 69 42 18 34 25 64 85 38 96 6 
34
0
26 50 52 77 4 96 69 23 82 39 5 86 45 56 27 62 22 48 69 15 
35
0
20 9 8 2 34 2 19 1 21 4 29 34 95 34 78 15 94 80 63 72 
36
0
57 14 91 81 74 91 6 35 17 1 26 9 26 26 40 55 25 48 99 79 
37
0
18 6 87 60 38 69 43 1 11 33 57 35 42 49 24 70 66 16 4 29 
38
0
46 36 82 83 10 58 96 77 49 35 40 8 37 7 12 31 56 91 17 45 
39
0
33 64 99 32 89 84 27 39 54 46 92 3 22 45 52 2 52 53 39 12 
40
0
59 71 38 94 29 59 84 93 36 70 55 43 19 85 53 24 57 99 52 43 
41
0
59 73 18 77 27 76 68 42 26 5 3 84 28 75 32 4 62 99 68 87 
42
0
78 21 93 67 50 42 24 88 88 1 17 81 32 87 90 43 95 19 74 49 
43
0
52 3 8 46 61 54 45 1 26 62 52 24 5 29 54 29 39 11 92 93 
44
0
54 80 61 9 34 35 69 68 80 24 73 6 16 33 24 47 29 77 25 22 
45
0
71 81 34 40 4 36 85 58 55 2 80 6 34 74 51 95 5 23 42 42 
46
0
98 38 86 70 11 79 82 49 73 64 63 11 56 9 54 13 5 3 80 6 
47
0
58 82 34 51 50 35 52 98 33 4 79 48 90 59 60 52 70 44 94 78 
48
0
23 63 55 25 43 93 3 63 96 72 99 47 50 8 77 86 47 14 61 12 
49
0
27 60 52 78 53 71 85 8 15 14 58 73 44 68 34 13 45 88 49 84 
50
0
93 32 34 36 62 68 76 48 5 34 87 67 48 18 11 2 56 73 79 77 
51
0
92 69 59 66 84 5 56 10 24 74 48 41 81 98 15 50 2 37 45 86 
52
0
63 69 57 14 51 70 82 99 83 1 76 26 20 71 60 86 53 41 61 95 
53
0
93 34 24 52 79 81 53 33 39 76 97 21 43 71 96 11 94 74 22 9 
54
0
84 84 54 55 98 26 44 71 30 30 69 86 19 65 31 12 47 67 15 92 
55
0
81 2 32 18 83 73 6 27 95 79 88 53 62 97 54 65 57 21 37 46 
56
0
96 86 13 69 99 48 50 4 22 30 59 34 51 62 99 88 23 41 88 7 
57
0
36 91 96 44 35 65 84 48 55 99 66 74 31 15 4 32 81 59 88 40 
58
0
72 88 33 56 55 6 85 42 83 90 9 36 16 30 1 21 27 29 55 16 
59
0
53 27 58 65 26 42 41 47 45 63 14 57 24 28 22 8 27 76 12 33 
60
0
46 38 86 12 8 18 49 89 84 17 22 49 77 1 35 9 49 99 36 62 
61
0
48 29 93 93 3 82 61 60 45 86 29 75 59 17 69 12 45 47 20 10 
62
0
73 21 52 91 84 62 25 75 70 89 27 71 12 23 20 16 61 94 89 99 
63
0
18 60 16 72 45 61 70 98 59 25 55 98 50 93 60 28 69 45 41 28 
64
0
75 77 85 48 45 49 82 58 77 95 54 96 23 15 29 44 35 36 51 44 
65
0
29 88 87 83 55 68 31 94 10 5 17 26 63 46 51 37 33 37 31 43 
66
0
22 90 24 74 10 70 63 80 49 58 10 54 75 77 18 17 39 5 63 4 
67
0
6 2 35 99 27 15 34 95 58 78 62 63 1 40 35 23 40 40 85 9 
68
0
94 69 49 7 74 62 65 55 76 99 57 81 36 96 41 85 97 44 73 95 
69
0
91 18 7 70 66 21 31 97 61 37 59 98 73 80 29 48 14 71 79 86 
70
0
11 19 11 24 3 7 98 88 15 50 45 78 47 40 92 86 26 42 29 66 
71
0
47 85 68 30 61 15 27 99 13 40 47 40 31 68 49 74 87 30 84 74 
72
0
8 25 17 42 39 75 34 89 14 65 4 30 26 59 40 18 13 18 43 30 
73
0
39 9 3 3 88 59 55 58 67 96 69 58 93 58 69 43 46 59 46 84 
74
0
36 6 25 66 86 60 99 18 38 26 27 74 57 70 74 88 88 40 16 59 
75
0
60 91 61 82 90 31 9 22 76 55 83 45 27 16 51 75 66 23 90 40 
76
0
20 83 96 86 85 87 15 1 24 10 22 91 34 69 16 78 72 87 82 14 
77
0
32 4 87 25 18 89 93 13 79 5 66 30 2 40 29 17 85 39 97 21 
78
0
10 28 14 91 82 57 57 8 13 73 33 16 25 23 36 55 37 81 58 26 
79
0
88 27 49 16 10 44 90 82 67 69 87 1 84 93 23 43 46 99 6 48 
80
0
59 52 18 85 47 22 97 85 45 75 58 87 98 3 97 45 90 63 37 19 
81
0
7 93 77 24 53 72 33 17 77 99 37 81 29 27 62 14 62 2 7 29 
82
0
62 70 92 14 10 63 55 66 99 43 35 23 98 54 50 13 17 69 15 61 
83
0
14 40 43 78 17 92 83 31 35 55 46 52 8 62 36 71 47 20 82 23 
84
0
16 89 46 60 7 70 60 74 34 46 92 69 17 79 99 40 62 48 80 15 
85
0
12 26 57 38 85 35 21 26 5 68 41 88 49 15 10 32 23 42 47 16 
86
0
41 40 66 51 28 43 73 78 94 19 67 48 41 73 95 69 86 29 44 63 
87
0
83 83 15 46 83 77 79 76 11 42 77 3 76 61 51 27 27 52 24 8 
88
0
93 46 89 78 19 18 88 6 64 2 63 98 25 10 27 88 95 76 32 29 
89
0
79 33 13 31 16 69 39 31 50 81 46 8 59 41 36 62 54 54 57 43 
90
0
41 8 52 45 42 33 26 39 11 80 91 87 80 71 48 49 53 33 49 42 
91
0
65 96 94 1 18 8 13 47 94 60 10 40 63 14 40 95 25 88 34 39 
92
0
40 86 55 26 55 3 61 9 20 38 6 68 9 95 80 26 58 69 70 59 
93
0
71 14 5 83 3 60 21 48 33 4 83 23 1 1 19 25 23 37 1 68 
94
0
55 29 65 11 29 12 51 6 60 13 47 3 48 55 84 57 42 90 59 8 
95
0
77 9 16 9 13 68 1 26 29 5 83 6 76 35 76 88 93 42 98 39 
96
0
91 8 18 73 97 63 97 81 30 53 32 71 68 9 64 49 82 45 96 88 
97
0
8 89 90 29 7 84 57 8 17 67 18 25 93 10 99 16 37 37 45 23 
98
0
38 84 33 97 52 8 63 23 86 81 94 48 2 60 36 44 26 87 88 19 
99
0
69 2 24 89 9 11 35 34 89 48 93 95 98 10 25 13 79 91 89 59 
