200
20
20020017
0
0
68 59 61 91 37 2 74 52 63 55 70 85 80 20 28 73 89 64 34 80 
1
0
75 5 30 89 17 67 78 6 74 32 79 9 83 82 17 28 3 42 49 86 
2
0
40 69 87 13 61 13 30 14 74 52 78 38 84 8 98 12 27 22 64 55 
3
0
44 58 39 67 89 38 63 98 61 27 99 90 15 7 71 1 79 91 96 16 
4
0
15 23 17 28 10 42 38 63 96 75 44 87 17 40 47 58 6 88 1 40 
5
0
63 31 1 21 66 8 3 35 37 81 40 34 36 76 15 4 73 22 95 84 
6
0
2 48 83 58 78 99 98 5 9 42 76 37 25 41 31 74 1 65 36 10 
7
0
18 76 25 72 33 14 49 31 27 87 82 7 32 77 42 26 57 67 19 86 
8
0
59 99 39 14 32 21 19 33 2 53 28 36 8 22 69 73 32 60 35 11 
9
0
66 27 42 63 10 80 2 23 66 28 53 71 38 15 10 7 46 69 88 62 
10
0
11 93 54 51 33 33 3 20 18 64 11 19 39 63 56 30 63 1 56 94 
11
0
60 59 40 71 24 69 38 89 96 57 33 20 65 76 58 78 94 93 52 49 
12
0
36 44 44 32 55 38 77 6 37 9 57 36 69 38 40 22 50 52 84 98 
13
0
24 96 37 40 32 11 21 5 40 53 96 44 11 15 39 84 15 38 96 98 
14
0
84 81 41 95 44 65 56 94 12 87 27 68 47 84 47 96 94 24 6 92 
15
0
87 71 33 66 96 99 44 69 9 1 22 1 68 19 8 11 31 41 75 1 
16
0
8 56 32 89 44 31 70 40 31 47 56 96 79 92 45 10 97 38 70 14 
17
0
82 21 59 30 57 91 94 72 19 18 20 16 84 6 21 26 93 90 49 91 
18
0
84 88 20 13 77 18 13 94 36 59 76 25 46 22 34 93 97 92 41 2 
19
0
73 25 69 83 61 15 41 97 69 52 43 52 78 20 90 52 10 81 78 59 
20
0
31 3 80 11 9 55 18 94 94 32 3 48 38 56 42 96 49 7 69 86 
21
0
38 78 56 87 71 44 83 95 29 65 69 97 7 44 1 20 71 50 31 45 
22
0
40 2 93 99 3 41 87 31 56 15 38 90 49 52 41 36 41 77 7 77 
23
0
44 44 34 43 56 31 73 90 11 81 14 57 70 17 42 15 54 85 26 83 
24
0
53 98 91 15 17 77 34 74 28 4 44 57 85 66 81 20 1 30 97 25 
25
0
9 36 46 15 22 43 80 52 84 39 22 67 47 87 39 16 38 42 3 47 
26
0
67 24 43 72 28 53 27 56 73 20 73 92 41 86 6 95 64 53 1 95 
27
0
74 97 51 83 19 35 29 96 31 37 33 30 22 20 35 34 66 36 78 10 
28
0
20 43 57 46 66 94 1 50 78 34 41 50 79 31 58 2 7 40 3 42 
29
0
62 18 26 59 50 11 89 39 23 68 36 8 1 86 72 87 19 90 38 86 
30
0
50 75 19 39 50 87 23 99 26 58 58 50 98 90 20 92 8 97 22 31 
31
0
71 10 24 7 29 43 45 94 98 26 56 37 81 62 97 99 56 25 83 95 
32
0
40 35 90 84 15 1 78 18 49 35 58 57 43 4 78 37 3 18 36 21 
33
0
37 25 22 22 18 4 89 79 70 54 43 35 47 51 54 31 8 49 47 38 
34
0
84 33 7 9 22 81 62 78 31 64 51 98 85 69 76 6 1 99 62 38 
35
0
78 7 50 68 70 49 45 33 10 30 18 55 28 97 30 99 76 5 25 37 
36
0
88 94 79 74 23 95 23 33 16 36 87 65 45 86 78 53 71 90 15 76 
37
0
78 58 21 56 85 16 45 16 18 89 61 31 50 37 61 67 60 37 40 76 
38
0
31 27 52 16 85 26 11 74 80 5 43 54 52 87 37 15 52 59 55 3 
39
0
40 9 42 50 22 51 33 30 43 99 21 37 75 99 25 11 3 54 83 28 
40
0
69 45 48 75 11 18 25 31 69 90 10 18 10 19 56 36 61 92 33 63 
41
0
43 24 29 31 92 48 66 34 83 49 48 27 43 25 2 4 12 20 12 15 
42
0
51 21 17 96 58 12 31 54 7 75 5 43 27 28 53 37 5 68 27 34 
43
0
62 6 83 62 53 82 48 99 47 89 79 7 7 44 54 93 83 64 35 53 
44
0
94 57 40 57 22 83 45 24 11 55 24 20 87 34 91 37 34 54 55 92 
45
0
61 13 9 34 14 65 31 44 38 59 2 24 43 82 2 23 61 78 98 32 
46
0
79 40 50 83 26 67 34 50 34 57 62 89 44 61 96 64 22 92 94 73 
47
0
75 29 65 31 40 92 66 94 25 96 79 62 34 62 95 8 14 31 53 21 
48
0
17 88 22 34 16 45 71 82 75 87 95 37 24 23 43 28 38 99 99 1 
49
0
76 79 35 53 11 98 59 34 70 60 92 74 61 27 5 94 87 6 36 81 
50
0
48 76 90 54 65 9 84 4 63 6 67 49 43 34 79 51 20 27 51 92 
51
0
6 59 15 51 4 81 33 6 17 46 20 20 64 46 79 7 7 61 99 66 
52
0
21 51 49 54 52 54 69 10 38 7 1 68 76 98 32 89 91 4 61 93 
53
0
62 86 70 64 31 49 16 67 52 21 87 33 24 92 88 98 19 50 22 47 
54
0
99 74 13 83 70 11 39 3 12 75 80 99 14 21 46 79 97 52 28 68 
55
0
98 89 7 89 58 54 51 86 61 22 72 89 45 54 2 47 92 83 63 4 
56
0
28 14 33 75 35 56 6 97 87 9 65 76 98 59 69 49 3 21 63 4 
57
0
12 49 53 26 38 83 8 71 6 33 76 79 90 30 21 43 28 49 61 11 
58
0
65 33 78 61 21 8 51 87 85 68 51 89 50 62 51 6 12 85 40 36 
59
0
86 22 43 44 26 67 7 40 46 71 26 67 59 64 69 17 38 38 98 94 
60
0
29 68 99 6 40 52 4 46 42 25 72 67 32 90 47 74 3 81 64 60 
61
0
93 29 30 61 4 77 5 62 86 6 4 62 38 70 70 74 85 73 61 40 
62
0
89 65 31 93 47 63 70 42 73 78 84 81 55 32 2 60 31 23 44 7 
63
0
90 34 16 72 8 50 8 97 90 52 39 72 37 32 7 51 93 62 92 15 
64
0
85 16 34 32 52 48 3 85 62 86 82 64 91 79 5 64 74 66 43 22 
65
0
63 86 31 7 55 58 6 76 37 28 50 57 6 83 23 19 55 72 5 11 
66
0
56 23 84 39 87 20 91 71 30 30 65 38 49 69 67 41 84 74 59 10 
67
0
10 56 49 7 50 52 88 39 7 30 35 56 80 1 79 90 99 43 94 48 
68
0
40 54 32 50 74 47 72 68 92 23 37 97 63 46 58 73 11 20 27 87 
69
0
74 83 92 30 57 5 29 16 44 38 26 75 50 18 94 59 29 7 32 61 
70
0
55 74 83 81 32 2 38 55 10 85 48 95 16 78 58 18 31 11 61 87 
71
0
34 25 53 9 68 98 93 12 42 11 26 55 99 29 51 93 14 19 68 37 
72
0
35 41 10 67 71 34 96 57 59 88 97 82 46 87 78 75 42 56 51 81 
73
0
72 71 64 99 26 97 4 67 62 33 29 72 63 75 78 50 75 58 84 60 
74
0
82 73 56 23 30 86 40 92 56 70 46 11 22 62 59 66 91 24 25 31 
75
0
31 27 16 99 32 93 59 81 51 86 80 62 62 80 19 38 32 97 95 32 
76
0
67 95 33 40 51 38 19 74 21 3 69 39 47 71 81 93 38 61 58 6 
77
0
21 68 75 56 30 11 2 68 53 73 89 25 65 45 22 96 5 91 52 52 
78
0
47 73 81 54 22 30 2 63 78 60 79 53 56 20 77 88 22 33 7 64 
79
0
12 62 53 16 76 11 98 41 13 7 46 29 85 74 71 94 73 51 14 41 
80
0
42 11 33 92 83 69 23 14 18 66 92 92 14 87 41 89 72 96 14 78 
81
0
95 6 53 72 88 90 99 90 75 99 43 45 77 65 57 44 3 79 59 55 
82
0
65 49 5 19 9 29 76 25 6 93 87 65 57 93 13 97 65 41 2 4 
83
0
83 39 7 30 71 16 33 93 79 40 54 95 25 58 50 12 45 93 56 68 
84
0
34 17 82 22 69 98 36 85 85 59 47 57 25 57 3 8 45 35 78 94 
85
0
92 33 41 82 15 94 48 31 63 69 33 72 34 11 60 65 54 79 40 42 
86
0
29 18 94 95 10 7 82 15 71 48 87 6 20 80 69 59 33 2 67 50 
87
0
54 46 80 80 38 44 86 43 17 7 51 84 28 21 18 63 57 98 56 17 
88
0
73 57 83 18 97 55 26 35 85 60 5 95 67 69 82 53 8 6 30 84 
89
0
82 98 50 26 16 48 48 75 49 3 26 86 97 14 4 51 65 57 43 97 
90
0
43 52 23 80 67 63 76 9 45 37 45 11 31 12 32 1 46 81 90 55 
91
0
27 89 9 44 28 46 99 99 40 16 5 97 79 53 7 90 14 77 33 51 
92
0
24 55 94 28 9 82 29 2 29 6 81 63 45 19 36 29 70 66 36 7 
93
0
25 86 51 60 88 57 50 39 6 20 94 4 97 75 9 57 84 86 92 28 
94
0
97 81 81 89 46 56 65 40 14 66 8 35 14 64 47 89 61 38 9 7 
95
0
22 4 35 49 97 17 70 23 84 76 36 57 29 78 78 53 93 31 61 8 
96
0
4 85 6 31 95 70 17 6 16 96 28 23 48 46 4 73 40 74 95 4 
97
0
31 93 46 15 66 28 34 77 53 80 36 20 29 18 55 34 21 69 1 12 
98
0
37 8 57 15 79 52 70 3 74 31 94 48 22 36 70 62 37 55 5 52 
99
0
27 17 93 75 98 59 21 9 40 74 94 16 71 32 27 23 86 9 54 95 
100
0
72 93 26 47 92 98 19 23 10 24 21 27 20 43 91 50 70 26 21 93 
101
0
67 86 56 44 86 15 82 84 82 43 91 95 95 98 38 35 97 60 27 18 
102
0
56 63 75 71 11 44 35 27 60 77 9 64 56 17 72 47 99 35 67 17 
103
0
66 50 77 52 51 1 42 44 76 94 6 12 55 80 14 98 43 46 42 99 
104
0
55 3 30 60 82 65 59 74 51 11 45 15 24 22 17 97 2 87 76 85 
105
0
4 23 10 9 10 92 81 87 39 67 46 63 75 94 96 31 4 75 85 72 
106
0
30 45 29 71 38 73 56 8 4 73 57 27 7 46 63 70 14 88 24 66 
107
0
72 58 84 60 1 27 10 51 82 56 36 80 4 9 76 22 17 45 51 80 
108
0
90 39 63 4 41 81 4 53 16 82 11 66 22 8 43 84 73 49 41 88 
109
0
46 44 35 64 14 6 33 63 88 77 98 22 95 21 61 18 52 35 40 62 
110
0
65 81 29 43 80 4 91 25 52 43 36 16 44 63 75 22 66 10 9 30 
111
0
59 94 23 43 89 35 65 20 49 10 20 53 63 31 67 53 47 37 34 81 
112
0
7 56 11 21 22 20 45 73 98 85 31 43 66 49 32 26 91 41 72 70 
113
0
52 5 22 93 85 19 11 29 67 85 80 79 95 75 78 21 61 59 23 33 
114
0
44 70 76 66 61 88 18 6 14 36 81 58 75 81 77 64 94 21 65 95 
115
0
36 97 59 79 29 11 60 6 44 92 91 57 14 52 3 36 35 33 75 68 
116
0
52 54 16 18 95 9 62 65 16 56 72 24 54 87 31 52 68 79 93 11 
117
0
94 68 42 50 6 74 10 57 82 10 24 96 97 26 83 68 97 35 14 5 
118
0
70 27 11 68 8 55 1 65 36 58 49 22 90 77 79 52 7 87 54 99 
119
0
1 5 62 88 70 3 23 28 47 75 20 78 82 89 54 5 22 71 28 24 
120
0
9 40 24 2 78 50 68 50 35 82 95 62 58 65 28 24 96 7 51 62 
121
0
39 83 61 61 96 91 14 69 96 37 20 2 67 94 24 91 37 23 94 14 
122
0
7 67 4 50 87 44 53 94 64 19 65 4 85 8 98 29 5 67 97 36 
123
0
18 28 59 94 14 49 75 86 14 43 2 9 62 83 73 62 89 91 50 5 
124
0
80 26 6 49 4 82 11 89 92 19 23 39 35 36 40 6 66 73 76 11 
125
0
32 31 36 72 73 9 28 9 41 71 39 68 18 55 1 62 13 18 37 59 
126
0
87 38 1 55 91 27 45 89 83 18 29 59 66 19 5 92 13 79 10 82 
127
0
39 82 78 55 31 16 86 24 50 54 43 9 89 16 35 7 2 69 80 88 
128
0
17 22 52 92 22 83 2 13 39 14 91 10 99 45 71 70 51 54 25 89 
129
0
92 13 19 33 26 54 84 82 62 93 32 72 40 86 38 64 92 79 59 59 
130
0
14 41 50 97 66 85 16 10 80 73 46 54 13 58 61 67 64 56 29 41 
131
0
97 34 25 93 24 49 51 56 16 17 85 30 15 88 3 8 47 43 62 58 
132
0
45 11 7 55 53 30 32 39 47 23 26 45 75 89 84 77 6 46 63 47 
133
0
78 76 55 41 5 85 30 22 82 14 78 99 10 61 6 29 81 11 98 92 
134
0
92 49 43 52 28 87 74 46 4 85 73 66 70 54 25 7 69 37 94 73 
135
0
84 59 5 27 68 99 20 44 32 25 47 81 16 75 19 65 46 21 1 84 
136
0
96 57 7 54 89 45 14 1 27 64 49 73 33 21 66 82 72 82 28 28 
137
0
24 76 55 43 87 40 54 60 18 25 29 44 5 53 59 69 81 53 40 49 
138
0
18 28 51 46 8 55 94 35 99 88 45 86 35 73 76 21 45 97 8 72 
139
0
8 39 63 29 80 74 25 28 24 27 42 35 86 58 91 45 11 44 17 25 
140
0
41 14 27 7 38 16 96 7 64 31 84 78 51 32 99 80 95 76 36 39 
141
0
94 66 25 98 95 29 78 50 77 75 97 78 50 7 63 29 20 33 47 69 
142
0
15 91 69 71 5 62 42 83 52 12 74 75 21 2 59 18 2 89 15 3 
143
0
79 82 31 14 85 47 20 13 85 85 43 42 98 27 59 96 12 89 71 26 
144
0
76 2 53 20 91 91 92 53 27 79 25 77 88 98 45 67 1 62 2 51 
145
0
16 58 25 31 77 30 24 56 32 18 95 84 77 85 93 18 61 47 98 91 
146
0
24 54 95 14 66 24 69 74 15 92 49 67 31 36 53 69 28 19 84 90 
147
0
19 65 53 7 20 87 46 27 53 45 62 82 17 59 91 14 38 38 28 4 
148
0
94 47 10 5 24 75 62 17 7 72 77 34 11 25 78 64 32 12 16 32 
149
0
58 97 14 10 6 55 50 82 64 91 43 55 34 79 31 17 63 95 92 59 
150
0
8 6 85 57 34 73 75 49 41 50 92 27 4 90 39 73 24 70 7 85 
151
0
6 29 77 44 36 32 4 38 55 28 86 33 76 8 1 18 98 21 72 49 
152
0
88 59 37 80 99 42 73 17 85 72 35 88 11 59 70 95 53 47 3 80 
153
0
53 17 77 45 32 30 98 46 23 98 71 90 92 93 38 98 21 10 53 21 
154
0
89 25 38 66 79 7 68 62 34 55 9 33 84 49 73 37 68 78 61 12 
155
0
21 22 35 62 21 53 68 38 80 35 14 28 17 8 56 43 69 65 19 50 
156
0
57 37 76 8 91 42 97 78 97 65 12 99 18 71 95 67 40 20 90 68 
157
0
97 37 3 12 51 99 87 73 91 45 9 64 41 32 2 34 5 60 12 32 
158
0
76 79 24 10 37 41 52 8 3 14 85 31 67 24 39 36 52 37 94 41 
159
0
3 31 42 97 86 73 20 97 31 9 93 44 42 97 93 95 65 18 55 58 
160
0
22 2 39 41 90 46 82 46 77 61 5 7 96 32 41 82 98 47 57 44 
161
0
79 64 75 80 57 81 91 77 78 48 90 40 43 53 58 16 24 9 29 93 
162
0
30 51 57 52 64 12 41 13 15 60 91 20 54 76 15 3 49 49 87 63 
163
0
16 23 55 16 44 37 29 86 6 49 83 92 86 18 40 95 59 33 48 30 
164
0
61 3 3 24 49 61 51 63 83 80 22 53 7 19 72 30 76 99 41 36 
165
0
78 93 40 19 35 49 78 12 73 37 3 23 84 85 21 28 41 81 5 39 
166
0
46 22 99 87 78 51 97 19 20 85 65 75 14 3 59 54 73 73 31 82 
167
0
48 71 59 12 95 89 67 60 42 83 57 28 51 41 45 56 9 72 72 2 
168
0
45 76 80 84 70 52 43 69 49 58 5 22 4 80 36 35 90 79 13 1 
169
0
94 23 60 81 24 81 43 68 12 94 86 9 55 74 51 77 71 86 70 68 
170
0
63 59 47 80 3 12 42 21 41 87 21 19 98 29 47 12 20 69 48 9 
171
0
45 73 33 74 49 3 63 82 68 70 39 77 60 91 93 69 66 44 10 41 
172
0
64 55 29 78 21 43 16 76 76 64 4 21 22 99 97 49 86 81 64 6 
173
0
77 6 1 49 25 17 86 59 79 13 52 59 78 89 46 10 4 29 69 32 
174
0
78 93 87 14 49 59 94 25 39 48 25 87 12 17 13 62 16 19 40 58 
175
0
57 4 46 87 91 56 76 14 41 42 6 10 18 60 53 30 41 49 51 39 
176
0
72 58 92 85 83 95 81 68 82 63 59 7 98 91 15 20 56 96 14 84 
177
0
85 19 80 7 44 72 15 49 45 7 97 83 65 4 80 86 15 65 65 89 
178
0
75 66 91 75 54 30 64 25 62 77 26 18 44 75 15 57 7 55 71 63 
179
0
57 84 25 33 21 69 5 94 65 74 50 75 10 18 30 24 30 38 67 32 
180
0
32 17 7 21 68 89 22 36 45 53 1 23 50 39 46 61 55 48 64 22 
181
0
8 45 70 34 44 76 23 46 38 90 7 15 32 48 83 71 11 69 57 15 
182
0
39 84 6 1 94 27 28 53 74 89 80 61 80 86 6 82 52 22 60 12 
183
0
33 99 55 35 68 52 15 9 11 72 75 85 2 32 8 86 16 84 96 64 
184
0
11 7 45 44 13 98 9 44 44 58 27 11 5 40 90 52 37 61 10 47 
185
0
31 62 89 64 33 2 2 5 32 16 54 54 56 51 40 50 65 35 72 20 
186
0
75 77 80 22 26 90 91 90 31 17 42 81 15 41 27 80 58 73 30 73 
187
0
59 39 45 49 34 89 2 98 78 10 78 86 66 6 33 91 21 67 48 96 
188
0
64 51 67 96 68 64 18 95 23 86 24 72 41 36 85 80 36 30 43 32 
189
0
55 6 28 94 11 11 93 10 46 84 95 18 34 92 58 97 46 47 49 72 
190
0
83 31 62 61 23 43 14 59 86 79 48 56 32 58 95 1 20 71 24 45 
191
0
22 22 11 18 14 62 81 94 61 70 64 27 56 95 67 40 8 84 70 23 
192
0
85 46 31 63 62 61 72 86 21 62 44 29 22 71 31 39 58 82 1 84 
193
0
78 74 39 37 52 90 69 57 18 87 86 20 95 75 66 64 74 51 36 48 
194
0
36 69 11 49 73 51 30 3 78 86 41 51 59 6 20 42 30 75 79 74 
195
0
35 83 9 63 92 77 79 28 37 67 13 33 91 42 30 14 18 34 95 76 
196
0
53 46 51 16 65 81 30 83 45 2 50 4 89 58 35 85 11 18 1 7 
197
0
53 95 6 67 59 49 10 20 65 74 3 69 22 28 64 93 55 37 97 95 
198
0
49 48 43 4 81 87 26 1 24 55 77 18 52 57 54 63 97 66 11 73 
199
0
70 3 48 14 74 75 53 46 79 25 52 47 70 5 82 90 91 1 20 66 
