50
5
5005004
0
0
17 47 16 62 17 
1
0
23 45 8 59 20 
2
0
24 43 13 62 15 
3
0
17 38 16 59 11 
4
0
22 41 8 61 11 
5
0
21 39 13 58 10 
6
0
23 38 17 63 19 
7
0
18 43 11 53 12 
8
0
23 39 14 63 10 
9
0
20 37 11 60 14 
10
0
16 39 14 62 17 
11
0
25 37 9 57 14 
12
0
22 44 13 55 19 
13
0
23 39 8 61 9 
14
0
22 39 9 54 15 
15
0
20 41 9 57 12 
16
0
21 45 17 54 10 
17
0
25 40 18 59 10 
18
0
23 36 15 57 16 
19
0
26 46 7 57 15 
20
0
18 41 11 57 14 
21
0
21 46 17 56 13 
22
0
20 45 16 54 15 
23
0
23 38 15 63 12 
24
0
23 40 12 60 12 
25
0
23 42 15 61 11 
26
0
16 46 14 60 10 
27
0
21 45 15 54 14 
28
0
24 46 10 62 15 
29
0
20 38 13 53 17 
30
0
18 46 12 54 12 
31
0
19 42 8 53 14 
32
0
17 40 16 58 9 
33
0
24 39 16 60 20 
34
0
22 43 10 59 16 
35
0
22 46 11 62 16 
36
0
21 43 13 62 11 
37
0
17 41 17 54 14 
38
0
21 39 18 53 10 
39
0
22 47 14 58 15 
40
0
17 44 8 62 11 
41
0
18 46 17 63 18 
42
0
26 45 17 62 9 
43
0
17 37 12 60 12 
44
0
17 46 8 52 9 
45
0
19 37 14 60 11 
46
0
24 36 10 55 13 
47
0
21 43 14 53 19 
48
0
25 42 7 54 15 
49
0
20 39 14 57 10 
