20
10
2010003
0
0
69 76 67 74 72 75 67 75 71 69 
1
0
51 42 42 53 45 46 49 43 43 44 
2
0
75 84 78 81 74 84 76 80 77 77 
3
0
82 82 78 77 74 82 83 73 79 78 
4
0
36 34 37 36 29 35 29 30 33 34 
5
0
91 96 87 92 92 93 91 89 94 94 
6
0
28 34 33 32 33 26 32 33 29 29 
7
0
96 91 89 94 87 88 89 87 91 89 
8
0
39 35 39 38 38 31 36 37 40 36 
9
0
45 42 46 41 45 48 48 40 47 44 
10
0
94 91 89 99 91 91 91 91 91 98 
11
0
3 8 5 6 5 5 4 5 10 11 
12
0
93 90 83 93 91 92 89 83 89 87 
13
0
10 11 10 8 17 16 16 9 11 14 
14
0
82 81 83 75 73 79 76 79 81 74 
15
0
40 47 42 44 43 49 42 46 50 45 
16
0
8 8 6 12 14 6 10 12 16 14 
17
0
66 74 72 73 67 65 73 73 69 72 
18
0
26 32 29 28 33 30 29 28 26 29 
19
0
46 52 45 45 52 47 47 49 46 53 
