20
20
2020101
0
0
79 73 79 80 80 82 76 76 73 83 78 83 74 83 82 79 74 76 73 82 
1
0
25 30 29 26 26 26 30 31 22 22 28 23 30 25 31 28 29 22 28 31 
2
0
99 93 98 100 98 97 91 99 94 93 96 95 93 92 93 91 90 96 92 99 
3
0
76 77 77 75 74 75 78 79 71 74 71 74 74 76 76 79 75 76 72 71 
4
0
84 90 86 90 87 83 81 83 88 82 83 89 86 82 81 84 84 92 91 90 
5
0
48 51 48 43 43 49 45 48 48 42 47 47 45 44 48 50 46 44 50 44 
6
0
25 25 35 33 29 25 27 32 28 29 31 28 27 36 28 29 26 31 25 28 
7
0
44 43 41 38 46 43 42 38 39 39 41 41 39 39 46 37 43 41 45 44 
8
0
97 90 91 89 94 95 97 94 95 94 96 90 89 97 93 98 94 91 89 99 
9
0
79 84 84 82 76 79 77 74 80 73 73 77 80 79 81 84 76 84 84 77 
10
0
80 83 77 83 86 87 77 77 84 81 84 85 79 79 83 79 78 85 78 82 
11
0
62 67 59 58 60 60 60 57 60 57 61 59 58 63 62 62 67 67 57 63 
12
0
18 27 18 20 27 25 24 19 25 18 19 27 24 28 18 28 19 24 25 23 
13
0
90 92 91 96 92 91 97 97 93 94 89 92 95 92 88 89 89 97 93 94 
14
0
95 94 90 87 89 95 94 90 91 95 87 92 92 89 91 96 88 96 97 91 
15
0
65 61 65 64 65 61 64 63 63 65 65 55 57 56 61 60 58 59 60 58 
16
0
22 17 22 24 25 19 21 24 17 17 20 25 21 24 25 16 19 16 25 20 
17
0
21 22 28 25 22 21 19 19 27 18 27 23 28 21 20 21 18 21 25 26 
18
0
47 53 45 54 53 51 47 44 45 46 50 54 46 54 53 46 52 46 52 52 
19
0
12 13 13 17 12 20 14 11 16 16 20 20 20 16 13 18 16 15 19 17 
