100
20
10020024
0
0
47 43 42 43 41 40 46 41 41 38 44 46 42 47 45 48 38 38 47 43 
1
0
7 6 12 17 10 14 12 12 12 13 9 12 8 15 13 8 10 9 12 11 
2
0
56 59 54 51 58 55 59 51 59 56 52 58 52 60 56 61 50 58 56 60 
3
0
72 68 69 74 71 71 66 71 68 73 72 69 73 73 67 66 68 66 73 72 
4
0
11 13 16 20 19 12 10 12 18 12 15 12 18 15 9 17 12 19 19 19 
5
0
90 87 85 91 91 86 88 93 93 84 87 86 83 86 87 92 84 88 84 87 
6
0
41 44 49 48 48 50 45 47 43 42 43 41 45 45 45 48 43 48 41 46 
7
0
38 36 31 35 38 41 35 31 40 32 40 38 35 32 34 33 42 32 34 32 
8
0
30 28 35 36 29 32 34 35 26 31 35 29 31 27 34 26 36 34 26 30 
9
0
29 20 27 27 23 28 27 30 24 26 23 25 26 22 25 23 29 27 25 23 
10
0
57 62 54 57 56 61 56 52 55 52 56 62 53 60 54 54 57 55 58 53 
11
0
49 50 49 59 55 53 52 49 52 55 55 54 53 48 57 54 54 53 51 54 
12
0
69 69 76 75 73 79 71 74 75 71 77 79 78 79 69 70 70 76 71 71 
13
0
25 26 18 18 22 24 24 26 21 19 21 18 24 20 24 22 18 18 21 17 
14
0
57 57 58 57 53 54 47 57 56 56 47 56 47 57 57 57 56 58 47 48 
15
0
80 78 80 71 80 80 78 71 70 73 80 78 81 72 77 72 79 75 76 71 
16
0
7 13 9 8 7 13 8 14 15 9 5 14 10 10 15 9 9 10 9 5 
17
0
27 27 26 18 19 27 27 19 27 26 18 22 26 28 28 20 28 23 23 26 
18
0
53 60 60 55 60 62 56 56 52 52 57 59 62 59 61 60 54 54 58 52 
19
0
66 66 58 65 56 64 65 66 65 58 60 59 60 61 61 65 57 61 66 63 
20
0
27 21 20 22 21 26 30 24 23 22 19 26 22 23 23 26 26 21 28 29 
21
0
27 27 24 17 27 17 20 22 22 26 27 22 26 23 26 22 23 24 23 19 
22
0
78 72 74 74 79 80 76 82 83 77 75 79 76 78 80 81 81 77 76 76 
23
0
73 72 81 81 73 76 77 74 83 78 76 77 81 82 73 76 76 80 76 77 
24
0
89 82 90 90 89 80 84 89 81 82 85 87 80 85 80 82 86 89 83 88 
25
0
19 12 23 21 21 13 12 13 19 12 17 19 21 13 20 19 14 17 20 23 
26
0
56 55 54 49 52 54 48 46 52 54 48 48 49 54 47 50 55 49 50 46 
27
0
43 34 33 42 42 40 35 43 41 35 38 38 36 33 33 37 37 37 41 36 
28
0
55 58 58 53 56 57 53 54 54 54 51 50 57 50 58 59 56 51 59 53 
29
0
61 66 63 56 58 60 56 65 64 58 64 61 57 63 60 61 59 66 66 58 
30
0
8 16 9 14 17 16 11 12 12 16 16 18 17 9 11 9 8 10 12 11 
31
0
74 75 76 81 79 72 76 75 79 72 74 75 72 81 72 73 74 77 76 73 
32
0
37 38 37 41 34 37 40 42 42 45 37 41 43 35 41 41 40 36 38 39 
33
0
80 75 78 82 77 80 73 80 81 77 76 72 82 81 83 76 80 77 78 73 
34
0
9 13 6 14 11 11 6 7 14 12 7 16 14 13 13 8 8 6 6 15 
35
0
32 33 24 25 25 32 27 29 33 28 30 25 30 26 29 30 25 25 33 33 
36
0
14 17 10 13 14 18 17 10 16 11 9 12 16 12 15 17 11 10 9 19 
37
0
6 9 8 11 8 12 12 10 16 8 10 12 16 17 13 14 11 11 17 11 
38
0
79 81 76 82 75 78 73 80 75 78 82 79 75 76 80 81 77 78 74 79 
39
0
58 57 60 58 66 62 61 61 63 65 65 63 67 64 65 57 57 57 62 57 
40
0
40 31 31 35 35 40 32 41 37 34 32 38 38 38 36 33 35 35 35 39 
41
0
83 90 89 90 85 91 89 85 91 89 84 84 83 86 90 87 88 88 87 88 
42
0
45 46 39 44 42 43 39 44 49 42 40 46 44 44 45 48 47 39 46 41 
43
0
89 92 88 91 97 92 97 88 94 96 95 94 98 92 97 97 94 93 98 90 
44
0
76 81 74 81 78 75 73 73 79 72 81 79 74 79 72 74 77 78 71 81 
45
0
34 43 35 42 36 38 33 36 39 35 42 41 42 39 35 40 35 43 39 36 
46
0
50 43 50 42 46 49 47 50 42 48 43 46 49 45 42 48 41 44 42 45 
47
0
64 65 58 60 58 65 61 61 58 58 58 62 67 60 66 60 59 66 64 62 
48
0
100 99 91 92 99 96 98 90 90 98 95 90 99 90 97 89 91 89 97 97 
49
0
74 75 83 83 84 74 79 74 76 78 81 79 81 75 80 84 76 81 80 78 
50
0
81 86 87 88 81 90 83 82 87 83 83 89 86 88 82 83 86 88 90 87 
51
0
52 54 53 59 51 60 61 58 59 53 60 54 52 52 50 55 55 58 53 55 
52
0
78 84 86 86 86 81 82 79 78 82 77 76 84 87 83 79 80 77 84 79 
53
0
14 10 19 15 13 10 17 10 14 12 20 17 16 12 14 20 19 16 17 20 
54
0
77 77 75 70 80 76 70 76 73 78 77 72 78 78 79 75 70 72 72 76 
55
0
9 12 6 8 14 12 13 12 7 14 10 11 7 10 15 10 12 15 14 10 
56
0
77 68 68 77 77 71 73 71 77 68 75 75 78 73 77 71 68 70 68 70 
57
0
82 77 77 76 80 75 78 75 80 82 78 79 75 78 78 82 77 77 77 76 
58
0
55 61 51 58 61 58 61 57 57 54 55 52 60 57 53 58 52 54 58 54 
59
0
82 87 82 79 87 83 81 81 83 84 80 86 90 88 89 89 80 79 86 85 
60
0
46 47 45 53 49 48 47 53 50 50 49 45 46 49 48 45 50 50 46 54 
61
0
53 55 55 56 50 48 54 52 53 56 53 48 54 54 53 58 51 54 55 49 
62
0
74 79 77 77 78 81 79 75 73 80 73 79 74 81 78 74 75 70 77 74 
63
0
48 51 51 50 53 49 49 55 56 53 46 46 48 47 47 49 47 56 51 53 
64
0
33 31 32 27 37 27 34 36 27 32 30 28 37 29 28 26 35 36 29 26 
65
0
9 16 16 6 8 8 10 11 13 12 9 10 6 10 12 13 6 11 14 12 
66
0
69 72 73 76 75 72 68 72 72 75 75 70 72 74 73 70 73 70 66 74 
67
0
57 52 59 52 55 57 56 52 57 54 51 57 52 57 57 55 58 50 52 53 
68
0
93 96 93 94 92 95 96 94 96 92 94 96 89 95 87 97 92 95 96 96 
69
0
43 44 49 48 48 39 46 43 47 41 38 39 42 46 49 41 41 47 39 43 
70
0
66 63 65 62 62 65 66 67 71 63 70 67 70 66 62 71 68 70 67 71 
71
0
5 10 7 5 14 8 14 6 14 8 11 10 5 9 13 9 12 12 8 15 
72
0
13 10 9 12 10 15 17 17 15 10 12 14 10 9 12 14 18 8 9 12 
73
0
63 62 70 62 65 70 68 67 67 67 64 62 72 67 72 63 66 66 70 64 
74
0
58 56 51 57 60 51 56 53 56 55 51 55 59 53 49 57 59 51 57 50 
75
0
74 76 72 70 75 74 77 78 74 79 69 71 73 74 75 78 76 70 69 72 
76
0
76 81 74 76 70 71 71 81 77 81 79 76 80 77 75 70 75 75 80 79 
77
0
95 88 93 93 91 92 90 95 95 98 98 96 94 93 88 88 98 91 96 90 
78
0
78 78 75 75 78 77 75 72 76 79 74 80 77 81 70 74 78 76 73 79 
79
0
79 83 87 86 81 87 86 83 87 82 78 81 80 88 79 86 88 82 79 83 
80
0
68 65 64 63 63 71 67 70 63 72 63 73 71 71 63 72 66 63 67 68 
81
0
43 43 44 34 36 38 34 36 35 39 41 38 35 40 38 39 41 35 33 39 
82
0
33 34 38 33 34 40 37 33 38 38 33 41 36 42 40 34 42 40 41 41 
83
0
80 79 75 79 79 75 73 77 76 73 69 71 77 73 76 77 70 76 70 74 
84
0
4 5 5 3 5 9 11 12 9 8 7 8 10 5 11 4 8 3 8 4 
85
0
25 30 29 22 23 21 24 29 23 28 24 26 28 21 21 26 22 20 24 29 
86
0
90 86 81 90 85 83 87 80 84 89 82 80 88 89 85 87 79 89 82 87 
87
0
54 57 56 50 51 54 48 55 49 58 56 54 56 49 55 50 49 48 50 55 
88
0
61 63 61 61 63 62 61 63 69 64 61 69 70 66 65 68 64 68 63 65 
89
0
4 11 5 3 5 8 3 10 4 7 12 12 11 4 8 6 11 4 5 9 
90
0
49 54 49 47 54 51 54 55 45 45 48 53 47 52 51 46 46 53 54 54 
91
0
29 35 33 33 30 34 35 33 37 28 30 32 36 30 32 36 32 35 31 35 
92
0
14 12 15 13 12 13 13 14 13 14 11 15 10 16 13 9 15 9 9 13 
93
0
65 69 68 73 70 70 69 74 72 66 70 68 69 71 66 73 69 64 68 72 
94
0
41 49 44 41 49 45 43 48 43 42 48 40 46 47 39 45 39 46 48 45 
95
0
82 78 86 86 77 78 83 86 83 83 79 87 78 80 86 86 86 86 78 78 
96
0
43 43 44 53 49 52 48 49 50 51 49 52 48 51 53 48 51 43 47 50 
97
0
74 78 75 73 76 78 71 78 75 72 75 77 76 75 76 74 77 80 73 79 
98
0
42 39 41 48 44 42 39 43 41 42 41 42 44 46 41 39 42 39 48 45 
99
0
48 42 43 46 48 51 42 49 46 42 43 52 52 48 48 46 49 46 52 43 
