100
10
10010014
0
0
34 32 59 30 43 2 21 59 11 11 
1
0
10 41 39 8 10 32 18 39 95 27 
2
0
85 86 28 99 7 12 41 58 5 37 
3
0
24 81 54 24 59 17 55 90 47 55 
4
0
51 13 30 82 5 24 97 54 83 2 
5
0
52 66 25 90 5 96 46 47 56 22 
6
0
27 56 20 47 40 74 40 19 4 88 
7
0
32 54 21 5 17 80 57 7 14 24 
8
0
53 39 7 54 96 8 69 4 55 99 
9
0
97 97 91 37 42 32 80 50 71 88 
10
0
17 58 64 60 82 33 60 1 97 93 
11
0
16 91 12 37 27 34 25 58 80 51 
12
0
75 9 14 33 58 22 38 86 40 21 
13
0
31 66 50 26 95 52 64 16 1 27 
14
0
71 16 19 17 42 90 39 18 58 70 
15
0
35 31 79 85 47 89 91 49 3 59 
16
0
73 14 68 6 5 35 55 20 80 8 
17
0
95 64 98 23 18 18 43 29 74 61 
18
0
4 78 52 80 8 78 46 13 22 72 
19
0
73 72 23 26 48 61 50 30 21 34 
20
0
45 54 88 17 68 55 29 65 94 16 
21
0
47 21 28 97 90 66 31 5 69 50 
22
0
44 5 6 40 98 76 44 57 99 2 
23
0
34 37 58 88 3 16 90 15 77 92 
24
0
42 5 42 37 91 46 45 82 97 67 
25
0
44 7 87 56 55 55 75 20 40 4 
26
0
84 10 79 40 29 57 1 51 17 52 
27
0
96 51 24 64 84 20 18 45 80 52 
28
0
39 58 81 96 11 21 75 10 92 20 
29
0
67 21 13 43 81 68 11 8 23 22 
30
0
26 94 64 63 83 38 97 92 8 62 
31
0
5 57 44 21 94 56 49 99 38 88 
32
0
14 6 17 71 27 9 29 61 57 10 
33
0
45 14 88 34 53 44 33 25 52 97 
34
0
97 58 15 86 2 52 47 13 93 27 
35
0
20 6 47 92 76 92 16 6 53 62 
36
0
92 73 16 33 11 42 5 92 24 1 
37
0
55 43 74 81 76 95 55 51 50 99 
38
0
11 32 87 67 83 15 29 1 53 81 
39
0
21 19 38 59 40 69 7 43 39 81 
40
0
70 45 57 76 41 48 86 34 72 80 
41
0
12 73 4 5 21 70 17 6 88 9 
42
0
73 63 68 28 82 97 56 61 58 10 
43
0
46 21 96 92 86 19 44 59 89 25 
44
0
6 79 30 97 40 60 59 50 50 8 
45
0
70 33 72 98 71 43 16 42 87 99 
46
0
37 89 69 80 60 90 40 36 28 33 
47
0
74 70 99 99 36 44 31 97 57 7 
48
0
58 86 41 1 54 35 54 90 4 75 
49
0
28 48 79 52 6 74 46 63 80 77 
50
0
46 9 38 87 30 3 78 31 32 20 
51
0
65 81 80 78 27 73 11 86 51 23 
52
0
41 14 51 1 78 32 99 91 98 45 
53
0
32 36 43 91 60 53 71 94 3 35 
54
0
47 70 13 55 3 2 3 86 71 62 
55
0
41 7 25 93 15 17 48 5 69 88 
56
0
81 48 82 37 52 35 73 82 91 90 
57
0
99 7 98 58 69 2 75 73 85 53 
58
0
82 30 30 38 77 33 89 83 58 30 
59
0
76 93 71 53 5 53 93 35 87 19 
60
0
12 47 24 7 96 15 37 11 77 67 
61
0
24 2 20 40 9 20 2 99 15 86 
62
0
78 29 84 27 50 88 2 48 88 48 
63
0
21 69 62 65 76 37 70 13 34 80 
64
0
36 96 28 2 49 59 78 5 36 94 
65
0
53 35 89 52 14 39 9 49 71 79 
66
0
25 8 29 8 37 90 39 57 78 29 
67
0
55 52 45 19 90 69 93 23 99 58 
68
0
41 93 72 24 79 8 61 78 19 42 
69
0
28 23 6 26 62 5 92 72 9 19 
70
0
3 4 61 61 5 8 97 71 74 34 
71
0
28 59 34 87 77 8 27 3 93 62 
72
0
70 33 85 77 58 59 43 6 7 14 
73
0
39 77 34 15 79 61 22 36 21 58 
74
0
82 28 18 85 8 38 54 20 51 49 
75
0
21 79 69 90 95 76 64 79 82 6 
76
0
51 75 75 18 62 74 50 19 67 51 
77
0
38 67 65 99 65 77 97 74 87 85 
78
0
43 19 69 53 97 16 20 40 49 78 
79
0
30 29 37 55 36 14 50 10 90 14 
80
0
76 58 12 54 84 50 70 50 52 76 
81
0
17 3 59 6 12 51 45 5 25 17 
82
0
91 64 30 46 69 86 71 32 41 63 
83
0
21 79 11 64 47 31 51 50 18 62 
84
0
94 14 43 47 63 3 89 79 4 84 
85
0
43 34 67 83 93 68 98 42 5 10 
86
0
69 12 84 61 11 28 53 96 88 68 
87
0
26 79 91 14 77 43 21 58 90 20 
88
0
36 70 59 65 89 28 7 75 16 57 
89
0
30 1 96 49 48 47 98 6 58 20 
90
0
99 51 32 96 86 16 11 50 70 90 
91
0
81 39 32 71 17 46 61 92 70 17 
92
0
55 72 21 13 17 76 51 30 10 11 
93
0
94 89 84 41 1 99 46 12 58 9 
94
0
24 34 20 7 7 10 45 30 74 26 
95
0
26 71 58 27 38 63 67 28 5 41 
96
0
28 50 63 10 79 75 99 81 3 82 
97
0
28 25 46 97 95 84 74 77 23 90 
98
0
66 66 86 88 38 63 12 66 47 55 
99
0
91 39 95 21 56 22 89 24 46 71 
