100
20
10020027
0
0
40 46 46 39 48 41 47 42 39 40 39 40 43 38 41 48 38 40 38 46 
1
0
21 20 12 18 19 18 20 19 15 22 12 19 15 20 17 17 15 15 15 16 
2
0
74 73 71 75 69 68 66 69 67 68 76 74 72 69 68 73 67 70 66 70 
3
0
68 69 63 62 66 69 68 69 63 66 63 69 67 71 67 65 69 66 70 69 
4
0
64 69 72 73 69 74 63 66 67 64 64 68 67 67 66 67 70 71 68 67 
5
0
58 63 67 60 64 64 59 64 66 65 67 68 59 65 64 65 58 65 59 63 
6
0
32 34 32 28 31 28 29 32 28 31 31 33 34 26 27 27 31 31 27 34 
7
0
8 14 8 6 4 9 7 14 6 4 11 5 5 9 9 13 4 12 10 10 
8
0
19 18 18 14 21 20 21 18 17 21 14 15 21 18 18 12 18 21 20 13 
9
0
74 77 77 73 78 74 78 81 79 73 75 78 78 73 72 73 76 74 80 78 
10
0
29 30 32 29 33 31 33 31 32 35 38 31 31 37 35 30 34 38 32 35 
11
0
26 25 24 29 21 27 22 26 19 18 19 29 25 26 28 19 24 22 22 25 
12
0
10 8 18 15 13 14 16 15 8 14 8 11 17 14 15 12 12 14 9 13 
13
0
98 96 94 93 97 95 92 98 88 91 90 95 90 94 94 89 95 96 93 98 
14
0
23 27 30 31 31 29 23 30 29 31 30 26 31 31 23 23 25 27 29 21 
15
0
84 82 83 87 84 86 90 80 85 90 89 85 85 85 84 83 80 88 80 83 
16
0
84 89 81 83 82 83 85 79 88 88 89 88 89 80 90 85 81 84 88 80 
17
0
26 25 23 21 30 29 26 30 28 28 29 31 30 24 25 23 25 27 27 21 
18
0
33 37 38 31 29 34 33 39 32 35 31 29 31 29 39 35 37 34 32 31 
19
0
26 34 26 24 32 31 28 25 34 26 29 31 35 34 26 35 28 24 26 30 
20
0
35 39 40 39 40 37 38 39 34 36 44 41 35 44 37 35 40 35 36 40 
21
0
47 42 44 40 45 42 39 39 40 39 43 39 46 37 44 38 40 46 36 46 
22
0
57 49 54 59 55 49 59 51 55 53 57 54 56 57 57 59 52 58 51 53 
23
0
10 8 11 11 6 12 15 9 15 11 12 11 10 10 13 8 6 14 5 6 
24
0
80 81 81 76 85 80 78 79 76 76 82 81 79 76 78 82 77 78 82 77 
25
0
7 6 9 7 11 12 7 16 12 15 13 6 10 12 9 16 13 12 6 16 
26
0
65 63 58 67 66 69 59 68 66 62 65 63 58 59 63 67 67 65 58 63 
27
0
95 92 93 95 92 93 90 88 89 92 95 90 86 85 88 95 88 93 86 86 
28
0
9 6 15 8 8 8 15 12 11 15 6 8 16 12 7 7 8 16 12 16 
29
0
86 80 81 89 83 85 86 85 81 86 84 84 84 88 90 86 85 88 84 82 
30
0
77 70 73 75 78 73 80 73 79 78 77 73 77 72 78 78 78 77 72 78 
31
0
28 28 32 26 27 26 25 34 26 25 28 29 25 29 25 26 29 34 26 32 
32
0
57 56 51 55 50 51 55 52 52 55 53 48 50 56 51 56 47 54 56 50 
33
0
53 57 55 57 55 52 58 56 51 49 48 51 51 51 50 53 57 48 53 50 
34
0
78 80 79 77 75 74 75 79 74 77 73 73 74 73 80 80 71 80 81 81 
35
0
83 82 79 86 82 82 80 76 81 77 76 85 80 78 82 80 76 84 84 84 
36
0
64 55 57 63 64 57 56 60 63 56 58 58 62 60 58 58 64 60 65 61 
37
0
50 56 56 59 52 59 58 54 54 53 55 54 57 50 49 53 51 50 52 59 
38
0
55 50 57 52 48 48 56 56 54 48 55 56 58 54 51 56 58 55 50 50 
39
0
79 83 81 81 79 84 83 81 79 78 80 86 85 80 81 82 80 78 83 77 
40
0
64 68 68 69 65 63 63 72 70 63 65 66 64 63 71 71 72 72 73 74 
41
0
64 66 74 74 66 64 68 66 67 67 70 73 65 65 65 66 73 72 71 68 
42
0
75 72 75 71 70 75 70 73 65 68 71 71 69 69 75 64 73 66 72 67 
43
0
38 42 44 41 40 39 47 46 45 40 45 41 47 47 40 46 45 47 38 45 
44
0
10 16 13 13 11 13 8 13 15 13 12 7 11 16 9 16 9 7 9 11 
45
0
29 33 22 29 26 31 32 24 30 26 24 28 23 23 29 22 24 26 26 25 
46
0
45 36 40 36 36 42 44 43 43 38 38 43 43 41 44 43 36 35 41 38 
47
0
47 43 46 51 53 50 52 52 48 52 43 44 50 43 44 53 51 47 43 42 
48
0
81 77 75 77 77 79 74 72 73 80 82 81 72 73 75 73 74 80 81 82 
49
0
63 66 61 65 69 68 66 61 67 61 63 68 67 67 59 68 59 64 64 68 
50
0
25 26 28 33 30 26 27 26 29 32 32 28 25 33 32 34 35 30 35 30 
51
0
69 74 75 67 67 73 71 67 74 71 69 69 70 68 76 66 70 67 66 75 
52
0
49 57 53 54 57 55 54 55 53 48 57 56 49 53 56 49 53 52 49 53 
53
0
39 42 48 41 45 47 40 43 40 47 46 47 40 38 45 47 45 45 43 44 
54
0
11 19 17 14 14 14 11 18 16 15 18 14 17 12 11 19 17 21 18 18 
55
0
83 86 82 89 80 80 81 90 80 80 84 85 90 81 87 86 80 81 85 82 
56
0
37 38 33 40 32 30 39 39 30 32 30 35 36 29 39 35 36 37 33 36 
57
0
68 64 68 66 59 67 65 58 65 57 63 58 62 65 67 66 57 62 68 58 
58
0
66 71 72 72 67 74 72 71 66 69 75 70 72 70 65 71 65 65 72 67 
59
0
48 50 50 49 46 54 45 55 54 47 49 54 48 53 50 52 52 56 46 45 
60
0
8 4 3 4 10 11 6 8 11 9 13 10 11 6 10 6 8 5 5 3 
61
0
60 59 58 62 60 59 66 62 58 63 66 56 61 63 66 60 66 62 59 62 
62
0
93 91 96 88 88 97 95 93 90 89 92 90 99 96 91 89 88 96 90 94 
63
0
32 39 32 39 30 40 31 36 40 38 33 36 39 31 37 36 31 31 33 34 
64
0
74 72 73 79 70 69 77 80 75 73 76 79 71 73 72 70 70 76 75 73 
65
0
7 10 10 11 5 7 13 12 10 6 8 12 9 10 14 8 8 4 12 6 
66
0
19 11 17 20 19 20 18 10 14 18 17 20 18 16 15 19 15 18 14 14 
67
0
23 20 17 16 21 22 20 21 22 15 20 21 21 16 16 19 22 20 16 21 
68
0
93 89 93 84 88 90 89 91 89 94 91 87 89 93 91 93 86 92 93 89 
69
0
10 10 14 12 11 17 13 9 10 14 19 15 17 17 13 10 11 15 13 9 
70
0
21 24 29 23 22 25 20 20 21 23 21 23 27 19 23 27 25 28 19 24 
71
0
44 48 37 40 48 46 43 38 40 40 43 43 43 41 47 41 43 46 41 39 
72
0
75 65 74 72 65 71 73 72 74 66 67 71 72 65 72 72 72 69 73 72 
73
0
45 49 47 48 40 44 47 42 49 43 50 44 48 46 48 43 44 48 49 46 
74
0
83 86 80 77 81 82 79 75 80 79 76 76 79 80 81 81 77 83 83 81 
75
0
84 82 80 90 82 81 80 82 89 80 82 90 86 85 84 84 88 84 90 84 
76
0
47 51 49 47 55 49 50 52 50 53 51 54 55 47 49 58 52 47 49 53 
77
0
96 93 94 89 90 95 95 98 88 89 95 97 90 93 90 97 98 90 96 89 
78
0
16 20 15 17 21 12 20 13 15 18 18 17 20 18 13 19 21 19 22 18 
79
0
97 92 94 96 92 92 91 90 89 96 87 94 86 92 91 94 92 93 92 93 
80
0
89 95 98 93 90 97 89 97 93 92 89 98 95 94 94 93 98 92 96 91 
81
0
80 79 88 86 89 82 87 86 80 83 85 81 83 81 89 86 83 84 80 82 
82
0
30 23 30 30 28 31 28 30 31 24 21 31 21 28 24 22 30 29 29 27 
83
0
75 71 79 79 77 71 79 71 75 79 73 78 70 76 70 74 73 71 72 80 
84
0
12 9 5 12 10 13 11 7 7 11 9 5 2 9 5 4 13 10 7 12 
85
0
59 60 64 64 61 59 65 63 61 66 64 63 65 68 62 63 63 59 60 62 
86
0
29 26 25 30 31 22 26 29 23 23 24 26 23 27 22 25 26 30 23 25 
87
0
92 88 88 93 95 98 90 94 88 89 90 91 88 94 88 94 89 90 92 89 
88
0
62 58 61 56 56 61 57 56 56 58 58 61 60 63 63 54 58 59 57 53 
89
0
27 30 27 29 26 32 29 28 28 28 25 22 23 25 25 22 30 22 26 28 
90
0
42 40 39 36 40 44 44 42 39 35 34 43 39 37 36 42 37 35 42 34 
91
0
55 50 53 47 53 50 47 51 57 53 51 50 54 53 55 47 52 57 47 47 
92
0
10 6 5 5 3 7 2 11 9 10 6 4 7 4 6 3 3 6 11 11 
93
0
83 74 80 78 77 76 79 74 81 83 85 74 83 75 78 78 77 75 80 76 
94
0
36 34 33 43 42 39 43 41 35 37 40 33 35 38 41 41 41 39 37 42 
95
0
72 73 75 80 73 74 75 72 77 75 73 79 80 74 79 73 74 76 72 72 
96
0
85 83 87 91 87 82 90 85 85 85 84 89 87 81 85 89 83 88 82 81 
97
0
85 94 89 89 89 86 92 85 95 93 92 94 93 85 89 88 95 90 88 95 
98
0
45 39 41 37 43 41 35 35 45 42 39 45 42 38 42 38 44 37 40 35 
99
0
64 67 67 65 61 70 70 68 62 61 60 65 63 65 66 65 62 69 64 67 
