20
10
2010003
0
0
73 7 90 43 26 60 85 8 68 58 
1
0
35 22 3 53 78 32 1 61 35 70 
2
0
96 82 57 40 13 73 21 41 65 5 
3
0
14 15 49 17 22 22 70 9 78 34 
4
0
74 98 29 60 34 61 43 20 20 53 
5
0
62 42 84 62 16 88 51 28 44 89 
6
0
82 70 68 26 48 91 39 17 8 70 
7
0
12 8 98 39 30 15 44 5 70 71 
8
0
81 95 85 98 34 78 32 83 27 20 
9
0
52 20 24 86 81 53 42 71 43 85 
10
0
33 60 80 76 41 99 89 75 34 69 
11
0
47 35 28 87 80 47 91 12 88 82 
12
0
84 31 33 25 70 20 92 30 27 22 
13
0
5 81 57 80 68 1 93 57 58 4 
14
0
5 79 68 85 8 95 71 80 97 76 
15
0
97 78 97 50 47 15 9 89 54 79 
16
0
28 42 40 53 58 20 97 82 6 43 
17
0
38 35 83 95 91 19 78 97 24 68 
18
0
61 12 2 95 52 18 87 26 22 26 
19
0
10 82 48 45 42 19 61 13 1 22 
