100
10
10010018
0
0
38 26 24 69 20 64 16 18 64 37 
1
0
41 31 28 72 26 61 17 14 66 28 
2
0
32 34 25 73 26 59 13 9 60 34 
3
0
38 36 24 72 26 67 16 15 63 30 
4
0
35 34 23 73 26 65 12 9 64 27 
5
0
36 33 26 78 28 58 15 10 69 33 
6
0
31 31 26 76 26 58 19 9 67 29 
7
0
34 36 31 74 26 56 14 17 67 37 
8
0
39 30 27 75 19 62 16 15 65 29 
9
0
39 35 30 75 22 67 15 13 67 36 
10
0
34 29 25 74 26 64 15 13 64 30 
11
0
32 28 28 76 22 57 13 15 67 30 
12
0
36 33 27 76 27 65 15 11 61 32 
13
0
41 33 30 78 29 65 19 9 63 32 
14
0
36 34 29 77 26 60 14 14 60 34 
15
0
36 31 26 76 28 64 14 8 65 34 
16
0
42 33 24 73 27 66 12 12 59 32 
17
0
37 28 25 71 27 61 17 18 65 34 
18
0
31 36 24 73 20 59 21 9 64 31 
19
0
32 29 30 70 26 61 11 12 60 30 
20
0
33 26 29 79 20 61 17 7 64 29 
21
0
40 26 23 76 23 62 12 17 65 28 
22
0
32 27 29 76 20 67 16 8 64 28 
23
0
40 35 25 80 28 63 21 8 60 36 
24
0
37 35 31 69 20 58 18 7 60 33 
25
0
33 31 27 70 25 59 11 11 64 32 
26
0
37 29 29 76 21 63 22 17 64 36 
27
0
31 31 21 76 24 58 16 9 66 31 
28
0
36 31 20 72 24 60 11 15 59 26 
29
0
41 28 24 70 20 67 16 12 59 27 
30
0
32 33 25 77 27 64 11 14 60 33 
31
0
33 35 31 74 24 61 17 16 61 30 
32
0
38 27 25 74 28 59 18 12 61 31 
33
0
41 32 20 70 22 60 21 15 60 37 
34
0
37 34 26 70 22 62 19 11 67 31 
35
0
36 26 22 75 26 58 16 17 62 28 
36
0
37 33 25 74 20 60 13 14 68 27 
37
0
32 32 21 77 24 63 15 11 68 32 
38
0
38 34 29 72 19 59 16 17 64 32 
39
0
39 32 26 78 24 64 17 13 65 28 
40
0
32 35 22 78 21 65 18 17 64 34 
41
0
38 34 29 77 24 64 13 10 69 27 
42
0
36 33 26 76 20 65 14 11 69 37 
43
0
38 36 28 77 29 65 12 14 63 28 
44
0
42 31 27 72 24 60 19 7 61 29 
45
0
41 36 30 73 26 62 13 11 63 27 
46
0
34 35 23 79 27 66 12 18 69 34 
47
0
38 30 24 73 29 59 16 17 69 36 
48
0
31 36 29 76 23 61 21 16 67 29 
49
0
37 33 27 72 23 63 20 10 63 33 
50
0
37 33 24 74 24 62 20 13 68 28 
51
0
35 27 25 75 23 65 13 9 67 29 
52
0
36 36 30 69 26 67 15 16 68 28 
53
0
41 32 26 79 27 62 16 12 60 28 
54
0
32 36 28 75 27 62 19 13 69 29 
55
0
39 33 21 76 21 66 22 13 67 31 
56
0
37 34 21 73 26 65 17 16 59 29 
57
0
36 27 21 74 24 62 21 17 66 33 
58
0
31 31 26 73 27 56 21 15 65 27 
59
0
39 36 23 71 21 59 12 10 60 37 
60
0
34 35 31 71 29 57 15 9 69 28 
61
0
40 31 24 71 23 65 21 8 59 34 
62
0
36 26 25 70 25 65 16 17 67 29 
63
0
34 36 22 70 21 62 18 11 65 31 
64
0
37 34 24 71 23 57 13 7 69 36 
65
0
34 26 21 76 24 66 22 9 68 31 
66
0
41 33 27 73 29 63 17 14 60 35 
67
0
33 35 25 76 25 58 13 15 63 32 
68
0
37 32 22 69 24 64 19 14 61 34 
69
0
31 27 25 71 24 63 14 15 61 34 
70
0
40 33 25 74 26 64 11 17 63 28 
71
0
40 30 31 77 29 67 12 11 59 29 
72
0
31 32 29 69 23 58 20 9 66 29 
73
0
41 28 30 77 24 58 12 15 60 36 
74
0
32 34 29 78 26 62 13 13 67 30 
75
0
34 28 24 75 22 58 16 8 66 36 
76
0
37 29 26 74 19 62 14 14 59 30 
77
0
36 27 30 78 27 57 21 17 66 29 
78
0
35 36 27 75 27 66 15 13 64 30 
79
0
32 35 21 76 25 59 13 10 65 34 
80
0
38 35 21 70 19 61 18 12 68 32 
81
0
42 31 25 78 28 59 22 14 68 32 
82
0
41 34 31 75 27 67 12 15 61 37 
83
0
36 28 24 74 22 66 12 9 60 31 
84
0
41 35 26 72 25 61 14 13 64 30 
85
0
38 30 31 70 28 66 16 15 62 32 
86
0
33 33 28 70 20 66 19 18 66 27 
87
0
35 31 27 77 28 57 17 17 65 33 
88
0
40 30 31 78 26 61 20 17 63 28 
89
0
41 30 22 74 19 67 20 12 69 34 
90
0
31 27 30 73 24 63 16 18 68 37 
91
0
41 27 22 73 26 58 17 11 66 32 
92
0
42 30 31 73 28 65 12 11 65 35 
93
0
38 32 26 70 25 64 12 8 60 27 
94
0
38 29 31 74 20 60 12 13 60 33 
95
0
41 34 27 69 24 60 17 14 61 36 
96
0
38 30 22 79 27 56 13 11 68 27 
97
0
39 33 21 75 19 63 21 17 62 32 
98
0
37 29 21 76 20 59 14 14 64 30 
99
0
36 28 28 74 28 62 20 11 65 35 
