200
20
20020024
0
0
69 69 69 71 63 65 72 65 64 70 64 63 67 64 68 70 71 67 64 64 
1
0
23 27 22 25 20 20 18 23 26 17 19 25 28 18 20 18 20 27 21 20 
2
0
61 57 52 53 61 52 60 60 55 61 57 57 53 59 55 51 54 58 56 57 
3
0
21 14 18 21 13 16 13 13 16 14 19 19 16 19 22 18 15 22 21 20 
4
0
41 42 44 45 38 38 42 45 47 39 39 48 40 40 39 43 48 44 48 44 
5
0
13 14 11 14 7 13 14 12 12 6 10 8 11 13 11 7 4 4 14 7 
6
0
41 45 42 44 46 45 46 47 46 45 43 43 51 46 47 40 49 47 40 42 
7
0
21 13 17 22 22 24 15 20 18 19 15 21 24 15 14 20 22 14 18 19 
8
0
16 13 14 10 17 10 9 13 16 10 16 16 10 8 17 15 16 13 18 12 
9
0
53 60 52 57 59 58 54 62 58 57 56 62 58 55 54 55 54 56 60 54 
10
0
95 93 88 97 95 89 89 88 91 89 92 90 97 98 96 97 95 96 93 96 
11
0
31 32 35 40 35 37 35 37 36 33 35 37 31 36 34 34 33 31 38 36 
12
0
93 93 92 93 85 91 83 90 84 86 93 88 86 91 83 84 89 87 92 84 
13
0
60 56 58 55 61 60 59 55 63 57 63 54 55 56 62 56 57 54 59 61 
14
0
49 45 45 51 49 49 42 44 51 45 45 41 50 44 44 42 48 45 42 41 
15
0
86 89 88 81 81 88 90 86 83 80 86 91 90 82 83 91 90 90 89 84 
16
0
51 57 50 57 52 53 58 48 50 56 50 56 50 55 58 52 52 49 51 48 
17
0
76 80 79 78 74 78 79 74 71 75 75 71 75 80 73 72 70 81 76 72 
18
0
67 67 70 75 69 69 73 69 76 73 70 75 71 72 75 75 71 76 74 68 
19
0
52 56 54 52 59 59 55 58 51 55 55 50 50 57 59 57 58 56 51 57 
20
0
24 16 25 15 20 19 18 19 18 25 20 18 16 24 20 23 19 16 24 20 
21
0
51 48 48 52 45 52 49 48 43 42 45 45 48 52 43 45 47 46 49 48 
22
0
7 4 7 9 3 3 6 9 6 3 12 10 4 12 8 7 6 4 6 5 
23
0
59 65 61 62 60 66 64 60 63 59 57 63 63 56 62 62 62 58 60 61 
24
0
80 83 88 88 88 79 87 83 84 79 85 81 83 84 77 81 80 82 78 79 
25
0
21 19 25 23 28 23 26 20 20 27 24 23 20 26 28 29 25 28 24 24 
26
0
91 87 90 93 92 86 88 92 95 91 87 86 86 96 93 95 91 93 95 92 
27
0
31 33 28 29 27 33 30 33 32 30 29 29 36 30 26 35 28 35 30 26 
28
0
84 79 84 82 89 88 88 85 82 79 88 81 80 80 79 86 87 79 81 84 
29
0
28 30 32 26 33 27 26 33 25 24 25 31 24 30 32 27 34 34 25 33 
30
0
11 11 2 13 7 9 9 6 8 10 10 4 3 6 2 9 5 7 3 5 
31
0
63 54 61 60 58 58 60 59 61 58 55 61 59 58 55 59 65 57 57 61 
32
0
31 35 32 33 40 36 38 31 33 38 34 39 37 35 31 33 40 33 37 32 
33
0
65 58 58 65 65 62 64 57 58 61 64 58 64 57 57 65 64 57 61 58 
34
0
40 44 38 44 36 40 34 35 38 35 41 39 45 37 37 42 44 43 38 39 
35
0
89 89 92 93 94 93 93 98 98 98 90 92 97 95 95 99 96 93 95 91 
36
0
67 56 66 61 62 66 65 59 62 66 60 58 57 58 64 58 66 66 64 66 
37
0
50 57 50 51 50 50 54 49 50 51 55 52 55 53 50 53 56 56 52 56 
38
0
8 15 13 11 13 6 13 10 4 15 12 7 7 13 10 13 7 11 11 14 
39
0
12 21 17 13 14 13 21 21 18 13 18 18 18 16 15 12 11 16 17 11 
40
0
91 92 95 88 94 97 88 92 95 86 92 92 95 93 87 95 94 90 94 92 
41
0
57 52 54 52 58 55 55 54 52 51 57 58 58 54 57 55 53 54 56 52 
42
0
17 13 10 20 11 19 19 11 19 11 11 19 14 14 12 14 14 16 11 19 
43
0
57 56 51 50 52 51 57 51 57 52 48 49 58 57 58 49 49 49 53 50 
44
0
34 41 39 31 33 36 35 31 31 32 33 31 35 35 33 39 40 39 39 39 
45
0
84 81 82 76 84 80 78 84 80 80 74 81 80 84 83 77 77 77 80 84 
46
0
60 61 65 68 61 61 62 66 67 66 60 66 67 60 61 66 69 61 64 66 
47
0
29 35 27 36 29 35 30 33 29 26 30 30 32 34 25 26 32 30 27 36 
48
0
40 41 43 40 41 42 47 42 45 45 42 45 46 48 42 42 39 45 47 40 
49
0
17 13 13 9 14 13 8 17 13 11 11 12 16 9 8 12 9 13 7 10 
50
0
93 93 87 89 87 97 93 93 95 92 94 91 87 88 88 97 91 96 95 98 
51
0
63 71 68 71 67 69 70 63 71 69 69 70 67 73 70 68 62 69 70 69 
52
0
38 40 40 44 43 42 41 44 43 40 46 41 37 41 44 44 39 45 41 37 
53
0
58 55 57 56 57 63 63 59 56 64 62 62 61 61 55 63 63 64 61 56 
54
0
66 64 66 69 67 65 70 61 62 65 67 64 64 63 64 70 62 67 63 66 
55
0
22 17 22 20 21 20 18 13 13 17 22 15 17 14 17 14 17 18 16 21 
56
0
94 90 90 90 92 85 88 88 87 88 85 88 92 93 88 86 94 90 91 89 
57
0
11 11 15 18 19 12 11 12 16 19 10 17 19 16 15 10 16 11 15 16 
58
0
19 21 18 23 23 16 17 18 23 20 23 22 21 15 16 16 24 14 20 14 
59
0
78 76 81 74 77 73 75 75 71 79 75 80 74 73 73 80 79 80 72 77 
60
0
84 84 92 90 86 85 90 85 88 82 88 88 86 85 88 86 91 93 91 87 
61
0
30 27 20 24 29 28 28 26 29 24 29 25 20 21 25 28 24 25 22 29 
62
0
14 18 15 21 18 14 13 23 20 20 19 21 24 22 23 21 20 21 21 21 
63
0
2 11 5 11 10 7 11 7 8 2 4 2 4 11 12 6 8 8 7 2 
64
0
41 37 43 39 43 36 40 45 37 45 42 45 46 36 43 40 41 40 37 38 
65
0
15 13 12 8 9 7 12 13 16 13 14 7 17 11 10 13 10 8 7 16 
66
0
80 76 77 78 77 80 79 73 79 71 73 73 81 70 78 75 81 80 74 71 
67
0
63 69 73 70 64 72 65 73 65 65 64 63 65 65 71 69 68 65 72 66 
68
0
68 68 68 70 71 71 73 78 74 77 72 72 68 68 77 78 69 75 69 67 
69
0
54 59 52 50 57 54 50 55 51 56 58 58 49 56 56 55 57 55 59 53 
70
0
50 49 47 51 49 47 45 44 41 51 45 42 42 42 47 46 51 48 50 45 
71
0
25 22 26 17 19 27 27 27 19 18 21 26 26 18 24 16 25 26 23 25 
72
0
56 49 57 56 50 59 51 52 53 50 54 52 51 57 49 53 54 55 49 49 
73
0
95 91 100 94 95 92 98 94 91 94 95 99 93 92 100 94 96 96 91 98 
74
0
65 56 60 59 56 66 59 60 66 56 66 67 60 56 56 56 58 65 65 65 
75
0
73 77 77 70 75 72 70 74 77 68 71 70 73 69 73 73 76 77 75 69 
76
0
24 28 25 20 21 27 25 22 28 26 21 27 26 29 27 31 28 29 23 26 
77
0
82 81 83 77 80 80 86 78 86 78 82 78 85 83 80 83 84 79 87 86 
78
0
31 32 30 28 27 26 34 28 28 25 28 28 31 26 25 29 27 31 34 28 
79
0
38 42 40 39 41 36 34 42 40 38 38 33 37 43 37 33 42 32 33 41 
80
0
80 89 81 88 79 85 82 81 84 78 81 82 79 78 87 85 78 87 88 84 
81
0
7 8 8 10 4 10 8 8 7 6 14 9 6 4 10 7 8 8 9 8 
82
0
34 43 35 43 34 35 43 39 33 38 39 41 41 35 44 33 37 38 40 39 
83
0
27 27 26 20 20 18 26 25 26 24 27 27 22 23 19 17 18 21 27 18 
84
0
25 22 18 17 25 24 20 22 17 23 17 25 19 17 26 18 16 22 17 21 
85
0
64 66 58 65 67 60 67 59 63 58 65 60 59 66 58 61 59 65 60 61 
86
0
87 85 84 87 89 84 90 81 88 87 90 89 89 88 81 84 87 88 82 86 
87
0
39 42 48 44 46 45 43 45 47 38 46 47 41 45 43 41 42 38 43 46 
88
0
30 29 29 35 37 33 28 32 38 31 36 34 36 34 34 33 33 31 30 36 
89
0
26 26 25 27 24 26 23 25 23 30 23 20 21 22 27 29 21 30 28 20 
90
0
68 71 78 78 72 69 73 68 76 69 74 74 72 70 68 70 75 71 72 72 
91
0
27 29 30 34 35 32 31 32 31 27 31 34 32 35 35 32 28 34 30 35 
92
0
66 64 74 74 71 69 64 71 67 69 66 64 69 72 72 67 73 64 66 68 
93
0
90 86 87 89 82 90 82 87 86 83 90 82 86 88 86 82 82 92 92 87 
94
0
40 38 32 40 40 33 40 40 30 38 33 38 40 39 33 30 38 31 40 33 
95
0
74 77 74 79 74 77 82 78 74 80 77 80 81 78 80 78 76 84 75 74 
96
0
24 30 26 23 28 25 28 30 21 27 24 23 25 23 21 27 28 23 23 30 
97
0
63 69 64 70 66 63 70 71 71 72 71 64 68 66 70 67 62 67 69 63 
98
0
11 17 11 19 18 15 9 12 18 15 10 10 18 15 11 13 15 19 17 16 
99
0
57 56 58 59 54 57 61 58 61 64 63 57 56 54 63 56 56 62 59 56 
100
0
38 35 40 38 41 41 33 37 34 42 43 35 34 40 42 34 35 35 36 41 
101
0
21 20 12 21 16 12 13 17 15 14 17 22 20 20 12 23 18 18 19 21 
102
0
10 6 10 8 12 6 11 9 3 13 7 5 11 12 10 8 7 13 3 10 
103
0
17 23 25 22 16 24 19 24 20 23 20 22 18 18 23 24 24 17 25 21 
104
0
79 88 80 85 82 83 80 79 79 84 88 80 80 86 87 82 87 83 78 81 
105
0
43 43 44 41 46 48 48 41 38 41 43 43 46 43 43 43 40 43 40 49 
106
0
41 47 41 43 50 48 45 45 49 50 51 42 50 49 50 42 43 43 46 47 
107
0
6 5 9 12 14 5 13 5 12 11 10 5 4 14 12 13 12 4 8 7 
108
0
10 11 10 18 14 13 15 15 17 10 9 17 15 18 15 9 11 12 9 10 
109
0
77 68 70 75 75 75 67 76 76 70 68 68 72 73 76 71 68 72 73 77 
110
0
60 69 64 60 65 70 66 64 66 65 59 66 61 69 68 67 60 61 61 64 
111
0
86 91 87 91 91 87 85 93 93 87 89 93 86 83 86 84 87 94 94 83 
112
0
15 10 8 15 13 16 11 15 8 12 16 17 12 10 10 13 9 13 11 11 
113
0
93 94 99 93 89 94 90 97 95 99 92 91 95 94 94 97 93 99 95 95 
114
0
39 37 43 41 40 39 44 42 42 37 44 41 46 42 40 40 39 43 44 40 
115
0
78 76 70 78 72 78 79 75 70 70 70 73 71 79 78 74 77 73 71 80 
116
0
40 40 38 39 43 44 44 36 43 34 39 39 37 39 44 36 38 41 43 45 
117
0
42 50 51 49 45 48 49 44 48 49 50 42 50 48 52 42 48 50 52 48 
118
0
7 14 9 16 8 14 13 7 9 7 15 6 9 7 9 14 11 5 12 11 
119
0
57 56 52 55 56 59 55 50 56 61 55 60 50 54 50 61 61 60 53 60 
120
0
98 99 98 89 89 97 93 94 91 91 93 97 97 89 93 96 97 93 90 95 
121
0
82 85 81 88 79 87 89 88 82 81 80 88 88 84 82 87 79 87 79 80 
122
0
11 12 15 19 13 12 12 12 18 20 15 18 19 19 15 15 15 12 11 16 
123
0
17 8 17 12 17 16 18 16 17 9 9 14 15 12 15 10 15 10 9 14 
124
0
27 17 23 22 17 27 18 20 17 24 26 20 17 23 24 21 21 19 27 23 
125
0
8 9 11 10 7 7 14 9 16 9 11 15 14 6 15 8 6 15 7 10 
126
0
69 75 71 70 68 78 78 70 72 75 72 70 73 76 76 73 76 75 78 74 
127
0
43 45 49 47 45 42 40 48 46 40 42 47 50 42 39 46 41 44 45 48 
128
0
39 44 35 43 44 40 35 39 37 36 43 45 35 44 36 43 44 38 34 40 
129
0
26 27 26 29 27 28 20 30 25 25 22 28 29 30 25 26 24 25 27 22 
130
0
51 46 52 53 44 43 53 49 44 46 46 50 46 49 54 53 53 51 49 53 
131
0
68 75 77 73 72 78 77 72 74 79 71 68 76 74 73 78 69 75 74 69 
132
0
90 89 87 93 88 86 87 90 92 92 90 93 87 87 91 86 88 89 88 93 
133
0
67 69 69 70 73 69 67 72 70 75 73 71 68 68 76 69 71 74 72 71 
134
0
77 77 78 73 77 77 77 77 75 68 75 77 74 76 71 77 69 77 68 77 
135
0
67 66 71 65 65 66 68 64 64 70 69 67 67 69 65 66 68 68 63 63 
136
0
76 83 80 84 79 81 81 82 76 81 76 78 76 80 82 83 80 75 77 82 
137
0
43 42 45 47 49 42 49 47 49 49 51 45 47 41 42 43 46 47 49 44 
138
0
23 25 24 32 23 27 32 29 27 27 28 23 26 30 31 28 25 28 25 28 
139
0
82 78 81 83 85 76 79 82 76 83 80 83 86 83 79 76 82 82 81 82 
140
0
67 75 68 67 70 75 77 77 72 75 72 74 75 76 75 73 74 73 75 69 
141
0
12 8 7 6 4 9 7 7 12 4 13 12 9 13 11 10 3 4 5 4 
142
0
67 66 73 74 66 71 74 66 68 72 72 70 68 70 71 65 71 65 67 70 
143
0
41 47 42 48 47 44 40 43 46 38 46 42 41 46 44 38 43 40 45 42 
144
0
71 73 70 70 76 69 72 76 69 70 75 70 72 71 74 68 68 75 70 71 
145
0
92 90 96 89 98 98 89 88 93 98 94 93 94 90 98 88 93 93 91 90 
146
0
45 44 51 51 51 54 48 53 46 48 49 51 44 53 49 50 49 46 52 50 
147
0
41 43 37 36 43 38 42 46 42 43 37 38 44 39 37 40 40 46 42 37 
148
0
13 5 14 5 12 11 13 7 7 10 8 14 12 5 12 10 10 9 5 8 
149
0
58 55 55 52 59 50 56 59 53 59 58 58 53 49 55 51 59 56 50 55 
150
0
75 73 74 76 68 78 71 72 74 75 76 78 74 68 78 75 77 76 73 75 
151
0
38 43 45 41 36 37 41 39 43 37 44 37 45 36 35 43 40 40 40 41 
152
0
68 69 74 75 75 74 73 70 67 71 67 72 66 73 76 71 68 66 69 68 
153
0
9 8 9 18 9 10 12 16 9 8 8 16 10 17 14 18 10 18 11 8 
154
0
27 25 32 32 34 29 26 25 35 30 26 29 28 29 33 36 34 34 35 34 
155
0
5 9 7 7 12 4 5 14 11 9 5 12 8 5 6 5 9 9 13 14 
156
0
31 35 31 40 39 32 33 34 40 39 39 30 29 35 40 36 31 33 40 40 
157
0
29 24 19 22 22 23 19 25 23 27 23 29 21 27 29 19 21 24 27 20 
158
0
69 63 69 66 69 65 66 66 61 69 61 62 62 69 59 66 68 61 63 59 
159
0
8 13 5 5 8 3 4 11 4 13 13 10 11 4 8 5 4 13 9 10 
160
0
83 75 75 84 83 84 82 84 79 77 76 80 83 77 78 79 81 80 77 77 
161
0
32 30 36 29 29 33 31 30 27 36 29 37 30 30 34 30 29 31 30 34 
162
0
47 57 52 48 57 52 54 52 54 52 50 55 52 49 52 48 52 53 52 49 
163
0
29 30 37 28 30 38 37 34 32 37 32 37 36 31 28 27 37 37 35 28 
164
0
21 25 21 27 27 27 20 26 19 27 21 26 20 21 23 24 19 20 26 25 
165
0
60 70 61 62 69 67 70 68 62 66 60 60 63 64 66 65 70 63 64 62 
166
0
85 84 85 80 86 81 83 84 88 79 79 81 88 87 82 84 80 87 82 78 
167
0
28 22 23 23 27 30 22 27 30 20 21 24 28 21 25 30 23 24 22 22 
168
0
90 87 86 89 90 85 84 89 89 89 85 84 85 89 82 88 85 88 88 83 
169
0
37 34 43 34 34 36 44 36 36 40 34 35 39 35 43 42 38 34 44 43 
170
0
36 41 44 44 39 44 43 45 46 40 44 42 40 39 46 37 46 46 38 37 
171
0
10 12 5 6 11 12 14 5 12 9 9 4 8 8 14 14 10 12 5 8 
172
0
47 40 48 46 41 44 48 48 43 39 46 41 48 43 39 42 44 48 41 39 
173
0
33 35 43 39 36 41 42 42 33 42 43 43 42 38 34 34 38 33 35 39 
174
0
27 24 24 18 20 18 27 23 24 23 28 26 27 22 22 20 25 19 22 22 
175
0
27 24 28 27 25 23 21 24 20 20 20 21 21 25 26 28 28 27 27 23 
176
0
71 73 66 68 72 69 72 75 67 75 75 72 66 74 66 70 77 67 73 72 
177
0
38 35 29 32 37 39 30 31 30 37 36 39 31 37 38 39 36 34 36 39 
178
0
70 70 68 65 64 70 63 70 65 69 70 70 62 70 65 68 71 71 64 64 
179
0
63 60 63 63 66 63 62 68 63 69 65 60 62 61 69 67 60 60 62 70 
180
0
66 72 75 71 69 72 68 71 67 70 68 70 74 73 68 66 74 74 72 69 
181
0
70 68 73 75 74 68 65 72 73 66 71 67 67 68 68 71 65 76 70 72 
182
0
95 96 87 95 91 93 92 96 93 88 90 94 91 92 88 97 91 92 97 96 
183
0
84 91 87 92 90 86 86 90 86 88 93 86 90 88 87 93 83 90 93 85 
184
0
32 34 32 36 32 33 41 34 41 38 37 35 30 38 39 33 38 31 36 32 
185
0
69 71 69 65 69 72 69 70 73 72 74 72 71 73 73 73 72 74 72 69 
186
0
57 57 65 64 54 55 55 57 61 58 55 55 57 60 64 65 62 56 62 58 
187
0
32 36 31 39 35 34 31 36 32 38 31 40 39 34 32 32 40 35 36 37 
188
0
93 87 92 87 93 90 89 88 91 86 85 94 92 88 86 86 90 90 85 89 
189
0
59 59 59 58 65 58 56 63 65 62 61 65 59 57 58 56 64 56 59 60 
190
0
65 69 71 67 67 67 73 64 67 74 63 63 71 63 69 74 65 68 71 65 
191
0
87 82 82 88 80 86 90 82 80 80 90 84 90 80 86 80 89 83 82 81 
192
0
27 27 25 31 27 27 23 31 23 25 22 28 23 31 23 30 21 30 28 23 
193
0
58 60 61 62 64 66 60 63 59 65 63 64 66 64 58 62 65 66 59 67 
194
0
21 26 29 29 28 24 22 21 25 23 24 27 21 27 19 23 22 20 27 19 
195
0
73 72 72 74 80 71 76 81 81 75 81 73 80 81 81 75 78 75 77 74 
196
0
69 65 62 67 63 70 64 67 67 65 66 61 65 66 60 67 62 62 71 63 
197
0
26 19 24 23 24 28 23 19 26 27 26 28 27 23 23 21 26 25 26 21 
198
0
37 39 33 41 31 35 34 37 37 31 32 40 36 38 40 34 35 38 40 33 
199
0
11 19 18 14 21 17 20 12 13 13 21 19 21 19 16 19 13 18 14 15 
