50
10
5010005
0
0
21 67 60 27 82 17 96 63 79 49 
1
0
97 53 36 46 82 79 24 35 60 5 
2
0
44 11 42 96 89 47 76 86 48 10 
3
0
45 64 69 57 44 93 99 94 97 53 
4
0
52 34 85 46 30 31 1 32 75 92 
5
0
62 90 46 62 62 90 34 14 90 40 
6
0
76 52 70 55 65 52 82 34 23 8 
7
0
62 48 47 50 25 94 77 69 39 40 
8
0
39 14 38 58 50 5 5 65 62 52 
9
0
9 58 88 72 77 78 63 26 93 85 
10
0
33 52 19 45 25 80 13 7 13 60 
11
0
62 23 92 71 63 98 25 43 91 82 
12
0
54 32 85 93 88 97 61 14 55 19 
13
0
45 63 24 20 53 83 40 43 33 45 
14
0
6 91 8 80 67 14 26 10 69 14 
15
0
62 66 67 74 67 5 47 66 2 92 
16
0
77 31 9 18 84 48 47 8 6 76 
17
0
95 26 16 9 26 53 23 9 14 64 
18
0
33 63 51 51 36 1 56 29 91 52 
19
0
94 24 24 36 4 37 4 81 26 20 
20
0
82 5 5 20 33 70 29 4 25 67 
21
0
72 9 99 76 53 50 6 78 2 66 
22
0
92 21 2 35 22 41 70 76 39 67 
23
0
49 95 32 56 63 21 35 45 91 91 
24
0
35 10 35 81 39 5 8 85 2 14 
25
0
81 90 71 36 67 95 47 79 53 65 
26
0
56 28 16 66 46 65 27 31 78 18 
27
0
27 1 33 61 50 58 74 81 66 3 
28
0
85 26 41 29 28 80 36 71 85 29 
29
0
39 63 66 77 40 40 59 33 63 5 
30
0
91 81 65 71 50 1 51 45 38 86 
31
0
98 16 28 11 4 35 49 4 19 35 
32
0
81 27 40 43 74 39 16 23 40 96 
33
0
45 50 93 40 64 27 61 13 71 34 
34
0
92 47 59 99 90 99 46 29 39 5 
35
0
12 67 87 48 7 82 35 18 66 12 
36
0
39 50 8 16 31 92 57 77 31 34 
37
0
32 74 9 19 60 88 7 99 10 17 
38
0
26 97 91 48 96 64 31 90 42 52 
39
0
57 24 28 9 46 53 90 45 48 27 
40
0
6 51 9 62 5 28 95 87 42 71 
41
0
84 90 99 46 27 99 36 26 92 34 
42
0
22 15 93 63 56 31 79 82 71 76 
43
0
50 81 7 12 12 25 54 90 20 96 
44
0
32 1 45 87 71 13 38 80 56 37 
45
0
64 84 18 66 4 77 37 49 15 95 
46
0
10 72 76 68 43 43 96 66 63 30 
47
0
14 51 22 6 21 55 93 51 68 37 
48
0
30 88 56 11 39 8 66 32 66 8 
49
0
33 10 34 4 41 73 51 80 92 9 
