200
10
20010028
0
0
63 62 65 58 59 55 65 56 55 58 
1
0
23 24 23 21 24 24 24 14 14 16 
2
0
14 13 17 11 19 19 15 14 12 19 
3
0
24 23 28 23 32 23 23 31 32 26 
4
0
89 87 87 83 88 93 94 84 89 86 
5
0
72 71 73 76 74 69 74 68 70 70 
6
0
13 6 5 15 6 11 11 6 15 7 
7
0
90 88 86 89 84 91 87 87 84 86 
8
0
23 14 18 24 15 17 21 22 18 15 
9
0
86 87 86 83 80 88 80 86 83 81 
10
0
60 54 60 59 53 57 59 55 52 52 
11
0
48 56 51 57 50 57 49 47 58 53 
12
0
76 68 77 68 73 76 74 76 71 76 
13
0
87 92 88 86 86 90 91 89 92 83 
14
0
87 91 88 85 83 88 90 87 92 84 
15
0
88 95 97 90 88 94 96 92 96 88 
16
0
86 92 89 93 84 93 93 92 85 87 
17
0
35 38 38 36 39 36 36 45 37 35 
18
0
11 6 10 3 12 12 5 3 3 11 
19
0
50 55 58 54 57 50 50 56 58 55 
20
0
49 52 44 49 45 51 53 43 52 47 
21
0
72 72 72 66 74 66 67 64 64 72 
22
0
8 4 7 6 14 14 5 13 13 9 
23
0
52 49 54 50 57 49 49 50 49 56 
24
0
47 47 51 55 56 53 48 48 52 53 
25
0
14 11 13 6 10 4 8 14 8 5 
26
0
17 13 14 13 16 13 12 16 21 14 
27
0
73 68 68 74 75 68 69 73 76 70 
28
0
71 72 72 73 74 74 76 74 73 71 
29
0
31 30 32 31 28 30 28 24 24 27 
30
0
76 77 74 82 80 82 85 84 85 82 
31
0
68 74 68 70 72 69 70 73 69 66 
32
0
66 62 72 70 72 69 72 70 65 66 
33
0
53 52 46 52 48 54 57 49 52 51 
34
0
23 21 26 29 20 28 23 28 27 21 
35
0
15 13 17 23 12 19 12 16 15 20 
36
0
70 67 64 64 69 69 73 68 65 68 
37
0
32 24 24 28 28 23 33 24 30 29 
38
0
55 50 55 50 48 57 57 48 56 56 
39
0
77 78 85 79 78 87 80 88 79 80 
40
0
17 12 9 18 12 15 19 18 17 13 
41
0
29 29 27 21 24 21 22 27 24 19 
42
0
16 17 21 18 21 22 19 16 21 16 
43
0
81 84 77 77 84 82 78 83 75 79 
44
0
79 83 84 75 82 75 82 76 77 78 
45
0
17 10 15 17 17 18 9 12 11 14 
46
0
39 48 47 42 40 46 46 45 43 42 
47
0
66 61 66 64 59 66 58 61 66 67 
48
0
18 15 15 22 18 17 15 17 16 22 
49
0
60 56 52 58 53 56 54 51 59 50 
50
0
13 8 14 8 13 15 11 15 15 12 
51
0
65 55 59 64 61 54 65 61 61 60 
52
0
61 58 60 59 51 60 61 59 52 59 
53
0
36 44 33 37 33 43 36 33 42 37 
54
0
84 75 78 78 83 74 75 81 79 81 
55
0
83 91 88 87 83 89 85 85 81 82 
56
0
67 69 59 66 61 66 63 61 60 62 
57
0
48 46 43 49 46 51 49 44 50 52 
58
0
50 56 49 52 56 53 50 53 54 58 
59
0
41 39 41 41 48 45 46 43 49 39 
60
0
68 62 68 65 63 69 61 63 67 68 
61
0
94 89 96 96 94 92 91 94 90 96 
62
0
46 41 44 47 40 48 46 40 40 49 
63
0
33 29 33 39 38 33 37 30 39 39 
64
0
27 20 22 23 23 27 24 22 26 28 
65
0
23 19 22 21 24 24 23 21 20 20 
66
0
63 63 66 68 64 68 64 65 61 62 
67
0
90 90 96 95 92 93 99 90 99 97 
68
0
55 58 58 57 56 58 62 58 64 63 
69
0
92 95 91 95 94 91 94 91 94 98 
70
0
35 35 42 39 33 35 33 41 33 43 
71
0
31 32 33 35 37 36 27 29 35 31 
72
0
46 46 42 40 45 48 43 44 47 48 
73
0
94 92 90 90 91 94 93 97 90 88 
74
0
34 32 31 37 36 36 37 30 28 35 
75
0
76 83 83 86 78 77 76 84 84 79 
76
0
70 78 69 69 75 70 73 70 75 78 
77
0
34 36 37 30 39 32 37 32 35 40 
78
0
75 84 83 79 81 79 76 82 76 76 
79
0
59 51 54 54 60 60 58 61 53 59 
80
0
79 79 83 79 79 79 82 84 88 84 
81
0
82 85 91 82 82 82 84 83 83 86 
82
0
78 85 86 78 82 83 79 87 84 86 
83
0
30 30 22 29 26 26 24 26 30 22 
84
0
75 79 74 74 81 78 79 75 76 72 
85
0
36 30 28 27 27 29 36 36 33 32 
86
0
72 67 66 73 72 69 64 66 72 66 
87
0
76 78 72 81 81 80 71 78 74 71 
88
0
17 15 16 14 13 15 14 12 20 11 
89
0
4 8 10 12 10 7 9 9 8 2 
90
0
72 75 75 73 68 71 75 67 67 66 
91
0
3 4 11 6 3 5 9 3 9 7 
92
0
22 18 14 22 20 18 20 17 13 16 
93
0
85 84 86 84 84 82 85 81 79 84 
94
0
53 51 53 53 52 57 51 56 53 58 
95
0
30 27 24 28 27 21 25 29 22 25 
96
0
26 21 27 17 25 21 22 25 22 21 
97
0
86 80 79 78 84 78 82 86 80 82 
98
0
37 35 36 38 36 42 40 40 33 39 
99
0
70 63 64 65 64 69 65 66 70 70 
100
0
31 31 40 41 32 33 33 35 37 32 
101
0
24 22 21 22 23 23 18 16 19 24 
102
0
11 7 14 7 4 10 11 11 4 12 
103
0
4 6 8 4 4 11 7 5 9 9 
104
0
71 77 73 78 74 80 81 71 77 77 
105
0
23 21 26 19 19 19 25 20 22 24 
106
0
24 24 30 27 27 30 28 31 30 26 
107
0
16 20 15 14 16 17 11 11 13 19 
108
0
82 76 79 74 82 78 75 77 82 74 
109
0
78 77 76 74 78 79 73 80 76 81 
110
0
74 75 73 80 70 72 74 77 79 73 
111
0
66 70 66 64 74 74 65 66 66 69 
112
0
44 37 43 46 44 42 37 37 42 37 
113
0
84 88 89 87 80 84 89 85 88 84 
114
0
92 96 95 94 88 90 95 96 92 91 
115
0
19 19 16 15 12 18 21 14 19 13 
116
0
40 48 45 38 46 46 49 42 47 39 
117
0
11 15 15 15 10 17 16 11 18 17 
118
0
32 34 33 33 35 35 30 38 32 33 
119
0
73 71 68 65 64 72 73 72 73 66 
120
0
72 78 72 77 76 78 78 71 78 79 
121
0
52 55 57 49 50 53 54 55 52 52 
122
0
61 55 63 59 63 59 56 57 63 56 
123
0
86 94 93 86 94 92 86 93 91 86 
124
0
68 69 60 63 67 68 69 70 68 60 
125
0
64 61 59 61 59 65 59 64 62 59 
126
0
40 47 48 46 46 46 50 50 46 43 
127
0
16 14 15 16 17 19 12 19 12 12 
128
0
88 91 91 82 91 87 89 87 86 82 
129
0
84 79 85 81 82 79 76 80 84 86 
130
0
25 19 24 22 24 22 21 20 26 29 
131
0
70 73 68 66 65 73 73 70 73 64 
132
0
27 30 22 29 28 27 24 32 31 26 
133
0
83 80 91 89 80 85 85 83 86 84 
134
0
96 92 92 95 87 94 89 90 95 89 
135
0
36 34 42 34 39 33 34 43 43 35 
136
0
56 54 54 49 56 53 48 57 57 52 
137
0
73 75 83 83 77 78 78 80 76 80 
138
0
47 43 41 47 42 40 49 49 41 48 
139
0
85 76 85 79 77 75 77 79 75 76 
140
0
74 77 69 69 78 77 72 70 74 76 
141
0
40 41 35 41 42 34 35 42 37 35 
142
0
62 59 67 65 58 60 64 69 59 64 
143
0
57 60 58 52 51 51 53 58 59 59 
144
0
12 4 3 7 7 7 10 5 8 13 
145
0
72 80 78 74 73 74 78 81 76 75 
146
0
75 72 68 68 70 73 68 74 70 71 
147
0
53 50 53 46 46 48 45 45 48 46 
148
0
21 24 25 25 28 26 28 27 28 26 
149
0
32 30 30 33 33 37 36 37 31 36 
150
0
49 46 53 44 49 50 44 47 52 49 
151
0
52 53 59 57 53 52 56 50 60 52 
152
0
16 23 17 20 25 22 24 24 23 20 
153
0
73 67 71 70 67 73 75 70 69 64 
154
0
100 92 96 93 93 98 94 96 96 98 
155
0
36 35 35 32 34 40 35 38 32 34 
156
0
59 59 69 65 61 59 60 60 65 66 
157
0
80 74 78 80 82 77 75 79 83 79 
158
0
55 50 48 54 53 47 47 51 49 55 
159
0
39 43 33 40 38 33 39 37 40 41 
160
0
76 73 75 74 71 75 78 73 70 74 
161
0
89 91 93 85 90 89 88 86 86 84 
162
0
60 56 59 64 56 65 58 61 58 64 
163
0
37 33 28 30 29 38 33 34 32 38 
164
0
30 28 24 32 32 27 33 27 24 32 
165
0
27 26 27 25 20 23 23 23 25 20 
166
0
95 88 87 91 91 93 93 90 86 90 
167
0
6 10 6 8 4 9 14 13 14 4 
168
0
47 41 40 41 44 44 41 43 47 46 
169
0
89 81 86 91 89 86 83 84 86 89 
170
0
7 3 5 2 2 10 12 11 4 4 
171
0
39 41 31 39 38 37 39 31 38 40 
172
0
89 96 86 89 95 95 90 91 88 93 
173
0
61 60 65 64 60 59 65 62 65 66 
174
0
7 8 4 3 9 9 2 10 2 3 
175
0
40 40 40 39 48 46 46 40 40 39 
176
0
33 28 33 27 26 27 32 34 25 28 
177
0
61 62 58 66 66 63 64 60 58 65 
178
0
78 80 78 76 81 81 77 72 81 81 
179
0
63 60 61 58 57 63 63 59 61 64 
180
0
23 20 21 15 19 20 24 14 22 17 
181
0
86 94 94 92 86 91 89 93 89 86 
182
0
36 35 30 33 40 33 40 30 38 32 
183
0
60 62 60 61 58 54 54 54 61 52 
184
0
71 69 67 70 75 66 75 72 75 72 
185
0
78 76 79 73 79 75 77 76 73 73 
186
0
59 64 62 64 64 61 67 63 65 64 
187
0
6 5 6 14 7 10 9 11 6 12 
188
0
22 28 19 24 23 19 22 26 21 25 
189
0
65 66 66 60 61 67 60 62 67 64 
190
0
71 73 75 68 73 68 67 72 71 75 
191
0
40 44 34 43 38 41 43 36 41 44 
192
0
93 97 92 94 86 88 96 93 90 89 
193
0
42 35 41 37 34 35 39 38 33 36 
194
0
69 65 65 63 71 69 70 69 62 62 
195
0
20 14 13 22 22 16 18 14 22 12 
196
0
80 79 85 80 80 82 82 76 84 81 
197
0
70 70 70 73 70 77 76 70 76 75 
198
0
27 33 29 32 25 28 24 32 35 29 
199
0
29 26 27 24 32 22 22 25 23 28 
