200
5
20005022
0
0
55 46 35 54 11 
1
0
52 43 44 50 5 
2
0
62 46 34 58 14 
3
0
54 41 44 49 13 
4
0
55 50 38 55 11 
5
0
57 50 37 50 13 
6
0
57 41 38 55 6 
7
0
57 51 37 51 5 
8
0
61 42 44 51 14 
9
0
56 47 40 48 13 
10
0
61 42 34 58 11 
11
0
51 46 36 48 6 
12
0
60 43 38 50 7 
13
0
53 48 35 51 11 
14
0
51 49 36 57 14 
15
0
53 49 37 55 14 
16
0
55 51 43 54 6 
17
0
57 52 33 50 5 
18
0
56 52 43 52 6 
19
0
52 48 42 58 9 
20
0
53 47 35 50 7 
21
0
59 51 42 56 7 
22
0
57 44 39 57 5 
23
0
54 48 41 58 7 
24
0
60 45 38 50 13 
25
0
58 48 39 54 4 
26
0
53 42 39 52 11 
27
0
54 44 35 57 6 
28
0
54 50 36 56 12 
29
0
54 44 34 53 8 
30
0
57 50 43 49 4 
31
0
61 41 43 57 11 
32
0
58 45 40 48 9 
33
0
54 47 35 50 8 
34
0
61 42 34 55 14 
35
0
56 46 35 52 10 
36
0
55 51 34 56 14 
37
0
59 50 42 55 12 
38
0
53 44 40 50 7 
39
0
55 47 40 54 14 
40
0
52 47 39 52 4 
41
0
53 45 42 51 11 
42
0
52 41 34 53 4 
43
0
56 46 34 48 12 
44
0
58 48 38 57 9 
45
0
56 52 35 53 12 
46
0
57 49 39 55 13 
47
0
61 48 42 49 10 
48
0
59 50 42 54 5 
49
0
61 46 37 49 12 
50
0
56 42 34 49 6 
51
0
59 46 34 51 8 
52
0
55 49 41 56 11 
53
0
60 43 38 51 8 
54
0
53 43 40 49 13 
55
0
61 46 35 54 11 
56
0
59 46 39 48 4 
57
0
52 42 37 49 5 
58
0
59 46 34 59 13 
59
0
51 50 41 51 12 
60
0
58 51 41 52 5 
61
0
52 49 44 51 10 
62
0
51 51 42 57 13 
63
0
53 46 43 55 12 
64
0
56 47 36 53 14 
65
0
59 46 37 51 7 
66
0
57 42 39 55 9 
67
0
58 46 36 51 5 
68
0
61 42 40 57 10 
69
0
56 50 44 55 6 
70
0
52 47 43 52 3 
71
0
57 50 35 48 11 
72
0
51 48 41 58 5 
73
0
54 43 35 50 6 
74
0
61 51 44 55 10 
75
0
58 48 34 55 14 
76
0
53 52 40 56 13 
77
0
57 49 38 56 5 
78
0
61 47 36 52 10 
79
0
54 45 41 56 4 
80
0
52 42 35 50 5 
81
0
59 50 40 49 10 
82
0
56 47 41 48 7 
83
0
62 47 35 50 4 
84
0
61 42 41 50 7 
85
0
58 44 42 56 13 
86
0
62 46 40 48 8 
87
0
60 48 38 58 4 
88
0
58 45 34 52 10 
89
0
58 49 42 48 12 
90
0
62 46 44 53 12 
91
0
59 48 34 56 11 
92
0
59 52 34 52 5 
93
0
53 52 40 56 6 
94
0
59 50 39 49 11 
95
0
61 45 37 53 7 
96
0
60 46 43 53 14 
97
0
61 48 35 51 12 
98
0
56 50 38 51 12 
99
0
60 47 43 55 8 
100
0
54 43 40 50 10 
101
0
60 44 38 54 5 
102
0
58 49 34 50 4 
103
0
57 52 38 59 14 
104
0
52 46 36 50 8 
105
0
53 47 37 58 3 
106
0
52 45 42 52 4 
107
0
60 46 41 49 12 
108
0
59 42 40 50 8 
109
0
51 49 42 50 9 
110
0
61 48 40 56 10 
111
0
52 43 44 54 8 
112
0
61 45 39 54 9 
113
0
60 48 44 57 13 
114
0
62 47 44 49 10 
115
0
60 43 43 51 10 
116
0
59 50 39 58 10 
117
0
58 52 44 48 9 
118
0
54 46 40 57 12 
119
0
58 42 41 49 14 
120
0
61 46 40 57 8 
121
0
52 49 38 51 3 
122
0
60 52 39 53 4 
123
0
60 49 36 50 7 
124
0
57 50 40 54 13 
125
0
52 52 42 49 7 
126
0
61 47 42 55 11 
127
0
58 47 38 54 6 
128
0
55 42 38 53 7 
129
0
59 50 35 50 12 
130
0
55 50 37 53 8 
131
0
53 41 39 54 5 
132
0
62 46 44 52 7 
133
0
58 42 38 54 11 
134
0
61 47 38 49 8 
135
0
55 43 34 49 10 
136
0
62 52 35 58 4 
137
0
54 50 36 56 7 
138
0
58 49 33 56 11 
139
0
59 47 36 54 13 
140
0
57 46 41 55 10 
141
0
59 45 37 52 10 
142
0
54 42 39 54 4 
143
0
52 41 37 56 6 
144
0
59 45 42 58 11 
145
0
58 51 35 55 10 
146
0
57 49 36 52 12 
147
0
54 50 34 49 11 
148
0
54 46 38 57 6 
149
0
61 44 38 50 4 
150
0
56 42 42 49 6 
151
0
51 48 37 58 8 
152
0
53 48 43 51 10 
153
0
59 42 43 53 8 
154
0
54 44 36 48 10 
155
0
57 50 43 52 6 
156
0
56 50 34 50 8 
157
0
55 50 39 50 7 
158
0
61 48 35 56 14 
159
0
60 46 36 55 5 
160
0
59 49 39 53 11 
161
0
57 50 33 50 6 
162
0
56 49 41 52 7 
163
0
52 50 41 54 6 
164
0
53 45 40 57 4 
165
0
52 44 43 49 3 
166
0
61 41 36 59 4 
167
0
61 50 38 57 11 
168
0
54 49 38 58 13 
169
0
56 49 41 51 9 
170
0
53 42 40 54 13 
171
0
56 51 35 53 10 
172
0
58 47 37 48 8 
173
0
53 45 34 58 8 
174
0
54 49 39 55 4 
175
0
52 50 36 55 9 
176
0
61 44 42 58 14 
177
0
55 52 40 52 4 
178
0
54 43 41 53 13 
179
0
53 49 37 51 10 
180
0
60 47 35 50 14 
181
0
54 50 35 52 7 
182
0
61 44 44 48 11 
183
0
58 50 44 54 5 
184
0
58 51 39 51 5 
185
0
54 42 36 56 5 
186
0
54 42 36 50 11 
187
0
51 42 43 51 8 
188
0
61 45 38 53 6 
189
0
54 50 42 48 10 
190
0
55 44 34 55 6 
191
0
61 48 41 57 5 
192
0
56 50 35 51 13 
193
0
56 44 39 54 11 
194
0
62 42 35 51 9 
195
0
59 45 35 50 6 
196
0
58 46 35 52 12 
197
0
59 49 34 54 6 
198
0
55 52 42 54 3 
199
0
55 47 35 51 14 
