100
10
10010024
0
0
36 35 40 40 39 39 32 35 34 42 
1
0
32 39 34 39 37 32 41 36 39 35 
2
0
37 40 38 38 35 36 37 34 37 38 
3
0
86 88 85 84 83 92 84 93 93 93 
4
0
56 59 58 55 58 53 56 60 52 52 
5
0
14 18 17 11 9 10 17 11 9 12 
6
0
86 91 81 81 82 86 87 82 90 91 
7
0
79 90 79 83 80 80 86 87 79 84 
8
0
34 36 42 33 33 34 40 37 40 36 
9
0
14 8 15 13 14 11 13 16 15 17 
10
0
17 20 19 17 21 21 21 23 13 18 
11
0
86 91 88 87 90 95 89 89 94 86 
12
0
60 55 60 58 60 52 57 54 53 52 
13
0
69 67 66 66 66 66 70 67 66 66 
14
0
84 89 87 86 91 91 89 82 88 83 
15
0
37 43 37 37 37 38 36 37 44 38 
16
0
26 26 35 27 32 34 27 33 31 36 
17
0
82 86 82 84 87 80 89 83 79 86 
18
0
12 10 10 7 6 14 7 11 9 6 
19
0
10 15 11 14 15 16 13 6 16 10 
20
0
73 75 70 73 75 72 68 76 70 70 
21
0
38 34 38 35 35 33 31 37 35 36 
22
0
32 42 41 39 38 40 42 36 41 35 
23
0
67 68 70 72 67 64 67 69 72 68 
24
0
84 87 89 88 93 84 91 91 83 83 
25
0
54 54 58 50 49 56 51 59 58 58 
26
0
29 25 27 25 29 20 23 25 25 28 
27
0
81 82 75 79 80 78 76 82 80 75 
28
0
55 51 56 58 50 54 59 54 58 56 
29
0
80 83 86 77 85 86 82 83 78 85 
30
0
30 27 29 26 29 21 26 24 21 25 
31
0
77 75 75 78 77 77 75 74 73 77 
32
0
14 7 8 4 3 12 11 7 9 3 
33
0
13 15 16 17 15 15 14 12 18 12 
34
0
52 44 45 45 42 46 41 44 43 43 
35
0
85 89 82 84 87 80 84 84 88 83 
36
0
73 77 73 72 73 76 76 73 78 75 
37
0
89 85 90 83 88 87 86 80 88 88 
38
0
33 31 36 35 31 33 29 30 30 29 
39
0
60 55 62 57 58 61 60 53 59 56 
40
0
22 22 18 24 26 19 18 16 18 20 
41
0
51 49 54 53 50 50 50 50 48 48 
42
0
88 89 92 84 91 95 92 86 87 91 
43
0
50 52 54 55 57 57 50 59 60 52 
44
0
58 56 55 57 53 61 59 61 61 58 
45
0
67 68 66 67 68 67 70 72 75 73 
46
0
21 23 27 23 26 17 25 17 17 20 
47
0
44 38 47 45 41 45 46 40 39 41 
48
0
61 65 63 69 69 62 65 62 62 65 
49
0
34 35 31 36 36 34 27 29 28 30 
50
0
44 38 45 36 44 44 42 39 46 46 
51
0
44 40 44 43 47 48 45 45 43 39 
52
0
26 23 25 22 29 22 23 23 23 22 
53
0
23 16 19 26 27 22 25 26 23 17 
54
0
43 32 33 39 38 39 38 42 34 39 
55
0
66 67 67 66 65 62 62 62 64 66 
56
0
58 59 52 60 51 60 53 58 51 56 
57
0
19 13 12 18 15 12 12 17 14 11 
58
0
43 46 43 39 45 42 40 46 37 38 
59
0
82 89 86 84 83 87 92 93 88 88 
60
0
57 53 56 49 49 50 53 52 52 51 
61
0
46 44 45 53 48 50 47 46 50 51 
62
0
10 11 4 9 4 4 3 1 3 4 
63
0
21 29 29 23 19 23 26 19 24 25 
64
0
48 46 40 43 48 44 48 39 44 46 
65
0
51 59 51 55 50 59 58 50 54 52 
66
0
57 63 55 56 61 60 54 55 57 56 
67
0
79 82 79 80 82 86 86 85 86 88 
68
0
40 42 41 45 44 45 44 48 49 38 
69
0
39 35 36 36 39 44 40 43 36 34 
70
0
32 34 28 28 30 33 31 25 26 25 
71
0
68 69 63 60 67 67 67 64 64 63 
72
0
41 45 43 45 45 44 46 41 41 47 
73
0
28 27 33 25 31 24 24 29 32 31 
74
0
96 88 96 86 96 86 91 92 93 92 
75
0
53 57 57 55 61 52 61 57 59 56 
76
0
36 37 36 43 40 33 40 40 36 35 
77
0
33 36 34 31 36 40 29 34 39 37 
78
0
18 11 14 18 17 14 14 14 9 15 
79
0
65 74 68 66 74 70 65 72 73 70 
80
0
34 39 38 39 31 40 41 38 39 38 
81
0
42 44 41 45 45 42 43 40 51 47 
82
0
28 38 37 32 32 32 38 38 36 28 
83
0
41 42 50 50 50 47 46 40 48 45 
84
0
29 28 27 30 23 30 22 24 23 29 
85
0
91 92 87 90 93 92 88 89 89 94 
86
0
20 14 20 22 22 21 21 20 17 17 
87
0
53 53 55 54 46 46 53 48 45 53 
88
0
58 57 66 67 66 61 62 66 62 58 
89
0
54 57 54 61 57 57 61 62 52 55 
90
0
12 14 10 12 14 6 8 8 7 12 
91
0
14 14 18 9 8 14 18 14 10 16 
92
0
69 70 77 75 73 72 69 75 70 70 
93
0
88 92 89 82 81 91 90 92 91 86 
94
0
76 76 79 73 72 76 76 79 77 75 
95
0
50 58 60 59 50 58 50 56 57 54 
96
0
15 11 14 10 16 12 6 16 13 14 
97
0
56 63 63 59 56 58 56 58 64 55 
98
0
77 71 75 70 76 75 70 73 77 77 
99
0
20 20 26 24 17 25 20 21 17 18 
