20
10
2010101
0
0
68 52 39 42 48 87 38 42 19 29 
1
0
66 50 37 39 46 85 28 43 14 24 
2
0
67 56 46 43 43 83 33 39 19 20 
3
0
76 47 42 42 42 85 36 40 15 22 
4
0
67 54 43 49 48 88 36 44 17 29 
5
0
70 48 42 40 41 90 34 38 22 21 
6
0
73 54 36 48 48 87 35 37 15 27 
7
0
70 56 46 45 40 85 33 43 21 27 
8
0
67 55 37 44 49 83 28 39 17 23 
9
0
76 47 42 43 39 89 38 45 22 20 
10
0
70 47 41 48 43 91 30 38 18 22 
11
0
69 52 45 39 49 82 32 46 21 23 
12
0
70 57 39 47 43 84 32 47 12 22 
13
0
69 57 36 49 49 92 37 37 15 24 
14
0
75 51 44 46 40 90 30 45 19 20 
15
0
66 52 37 49 41 91 37 44 16 28 
16
0
67 49 40 43 40 87 34 47 22 20 
17
0
68 53 37 40 48 85 33 45 15 27 
18
0
73 48 46 47 46 82 31 46 20 27 
19
0
76 50 47 47 46 82 28 43 19 21 
