20
10
2010101
0
0
73 97 11 9 38 26 76 90 96 83 
1
0
24 52 31 97 7 17 91 24 5 3 
2
0
2 54 40 99 68 87 50 91 80 33 
3
0
9 33 32 43 69 69 30 60 70 64 
4
0
95 91 14 30 43 68 6 56 98 39 
5
0
8 7 96 3 85 90 8 34 80 99 
6
0
43 72 58 34 63 55 30 7 87 30 
7
0
64 16 68 28 38 39 94 40 62 79 
8
0
39 72 58 86 28 16 5 54 13 70 
9
0
13 91 1 9 89 39 54 58 64 22 
10
0
91 81 92 83 26 62 81 23 20 87 
11
0
37 5 10 52 82 80 81 31 67 41 
12
0
28 3 63 40 11 55 65 65 31 6 
13
0
43 47 51 36 98 30 70 15 47 16 
14
0
29 93 89 76 1 19 52 9 94 84 
15
0
88 94 29 2 38 67 9 56 35 10 
16
0
5 42 8 74 96 85 94 24 86 66 
17
0
14 47 80 86 38 4 24 79 48 69 
18
0
19 24 12 58 91 22 42 18 96 32 
19
0
65 63 42 93 14 96 48 83 63 5 
