200
5
20005027
0
0
51 61 54 62 56 
1
0
84 84 80 78 79 
2
0
17 22 24 23 22 
3
0
49 42 47 47 42 
4
0
49 46 50 48 53 
5
0
75 74 81 82 77 
6
0
59 64 67 63 57 
7
0
83 82 75 81 85 
8
0
33 31 32 33 31 
9
0
55 59 58 62 55 
10
0
50 56 55 49 58 
11
0
5 10 8 16 6 
12
0
87 90 83 84 85 
13
0
42 39 42 43 44 
14
0
29 32 35 38 30 
15
0
81 81 78 77 86 
16
0
85 88 90 90 91 
17
0
28 26 33 25 25 
18
0
48 54 53 55 49 
19
0
87 91 93 87 94 
20
0
17 14 23 23 14 
21
0
73 77 71 73 78 
22
0
87 89 92 92 91 
23
0
33 30 27 29 23 
24
0
10 6 6 8 10 
25
0
26 31 25 27 28 
26
0
22 20 25 15 16 
27
0
48 46 51 46 49 
28
0
59 57 62 66 60 
29
0
50 53 55 52 54 
30
0
86 89 91 95 93 
31
0
69 62 62 66 70 
32
0
91 88 88 91 93 
33
0
88 91 93 87 93 
34
0
68 68 67 69 74 
35
0
95 88 86 91 88 
36
0
71 74 69 73 71 
37
0
74 81 74 80 73 
38
0
19 12 18 16 18 
39
0
62 57 64 61 60 
40
0
71 73 67 72 68 
41
0
66 67 65 67 62 
42
0
87 89 89 92 96 
43
0
44 52 51 45 42 
44
0
71 71 70 70 69 
45
0
84 84 80 79 85 
46
0
72 67 67 72 71 
47
0
12 13 12 13 8 
48
0
45 44 45 43 49 
49
0
20 25 21 25 21 
50
0
26 29 27 34 33 
51
0
55 64 55 64 58 
52
0
40 39 40 42 49 
53
0
25 28 31 23 26 
54
0
60 61 66 58 64 
55
0
39 40 35 41 32 
56
0
94 96 88 88 97 
57
0
12 9 9 8 7 
58
0
26 26 32 27 33 
59
0
60 58 57 57 56 
60
0
71 66 76 70 69 
61
0
63 64 62 63 62 
62
0
19 22 28 22 29 
63
0
23 16 18 26 22 
64
0
18 12 13 19 15 
65
0
29 29 31 32 33 
66
0
35 39 43 45 41 
67
0
67 67 65 60 63 
68
0
75 69 70 67 75 
69
0
38 36 32 41 34 
70
0
27 25 32 25 27 
71
0
21 25 19 20 24 
72
0
41 38 39 37 34 
73
0
10 11 7 15 6 
74
0
92 94 88 95 91 
75
0
77 74 82 82 83 
76
0
36 31 33 31 32 
77
0
91 90 86 87 92 
78
0
88 91 86 92 90 
79
0
24 21 19 25 24 
80
0
2 10 7 2 7 
81
0
85 80 79 84 83 
82
0
14 20 13 19 18 
83
0
16 18 18 26 23 
84
0
68 60 59 64 59 
85
0
37 35 41 39 39 
86
0
88 85 90 83 84 
87
0
63 60 58 60 56 
88
0
9 8 6 14 4 
89
0
30 36 28 35 39 
90
0
81 81 82 80 77 
91
0
87 86 80 83 90 
92
0
37 36 40 38 37 
93
0
81 88 81 85 89 
94
0
57 57 52 51 55 
95
0
70 70 65 66 66 
96
0
28 30 32 33 23 
97
0
41 50 47 50 43 
98
0
9 8 8 8 12 
99
0
77 75 82 75 77 
100
0
34 33 27 33 33 
101
0
59 65 64 58 66 
102
0
75 77 82 74 77 
103
0
5 15 5 12 6 
104
0
82 79 82 76 74 
105
0
54 58 54 49 56 
106
0
32 28 27 34 35 
107
0
50 57 52 50 58 
108
0
64 70 71 71 71 
109
0
66 61 62 68 67 
110
0
59 62 63 60 57 
111
0
26 30 22 24 26 
112
0
75 70 70 72 68 
113
0
23 30 27 22 32 
114
0
69 72 69 75 70 
115
0
50 44 51 51 46 
116
0
83 89 84 88 89 
117
0
76 72 79 81 76 
118
0
81 87 87 88 84 
119
0
89 93 94 89 91 
120
0
63 58 60 54 62 
121
0
57 61 57 54 50 
122
0
55 48 51 49 56 
123
0
18 26 21 18 24 
124
0
32 29 28 28 35 
125
0
43 37 41 40 42 
126
0
77 77 86 80 84 
127
0
53 58 61 60 55 
128
0
60 55 60 56 55 
129
0
19 19 19 20 22 
130
0
72 77 70 76 73 
131
0
51 47 44 52 50 
132
0
53 51 51 49 52 
133
0
16 16 14 22 20 
134
0
41 35 34 40 39 
135
0
87 95 90 92 92 
136
0
98 89 91 93 94 
137
0
91 87 88 92 89 
138
0
21 15 17 15 14 
139
0
78 76 76 76 77 
140
0
25 26 29 26 23 
141
0
70 70 70 64 67 
142
0
83 92 89 92 83 
143
0
67 67 70 69 69 
144
0
36 36 41 41 40 
145
0
54 57 55 59 59 
146
0
80 84 84 90 90 
147
0
31 31 27 27 30 
148
0
32 37 30 28 38 
149
0
88 98 90 89 93 
150
0
35 30 33 37 38 
151
0
47 48 45 40 47 
152
0
65 67 74 74 71 
153
0
50 50 51 46 48 
154
0
77 69 69 70 72 
155
0
40 46 47 38 44 
156
0
42 50 48 47 49 
157
0
54 46 46 51 55 
158
0
90 87 84 92 94 
159
0
10 12 11 7 15 
160
0
88 85 79 78 78 
161
0
15 20 22 20 18 
162
0
12 11 6 15 14 
163
0
14 14 18 15 16 
164
0
91 99 90 99 97 
165
0
34 27 35 28 35 
166
0
26 21 28 31 29 
167
0
81 83 83 81 85 
168
0
19 20 22 25 21 
169
0
10 18 17 12 15 
170
0
18 10 17 20 17 
171
0
82 80 81 86 85 
172
0
85 86 82 84 82 
173
0
86 88 88 86 90 
174
0
84 80 85 76 81 
175
0
14 13 10 5 7 
176
0
22 25 19 20 20 
177
0
51 51 51 50 51 
178
0
60 59 61 68 68 
179
0
31 26 30 26 27 
180
0
57 56 54 61 52 
181
0
32 29 32 26 30 
182
0
55 56 59 56 66 
183
0
26 27 30 36 32 
184
0
36 34 36 42 44 
185
0
85 94 94 90 90 
186
0
26 34 28 30 25 
187
0
24 22 19 20 20 
188
0
49 55 47 54 50 
189
0
46 48 46 43 48 
190
0
63 67 60 62 61 
191
0
62 63 65 60 61 
192
0
27 24 32 24 29 
193
0
36 39 38 42 44 
194
0
5 6 3 4 5 
195
0
17 18 16 17 17 
196
0
49 49 42 49 49 
197
0
88 93 92 89 93 
198
0
59 63 59 61 66 
199
0
57 54 54 59 58 
