50
20
5020005
0
0
30 32 37 28 28 28 29 30 26 30 35 28 28 34 33 29 36 31 30 34 
1
0
48 50 41 42 43 46 50 44 42 51 44 42 49 46 49 45 47 51 45 44 
2
0
75 79 79 79 76 78 79 81 83 83 82 85 85 82 74 76 76 74 79 77 
3
0
90 91 94 92 89 94 87 91 86 87 92 90 87 95 90 93 97 95 96 87 
4
0
86 93 94 90 95 89 86 88 90 86 92 90 91 85 85 91 90 90 95 85 
5
0
10 1 11 9 10 11 9 8 8 2 10 9 8 7 12 11 1 4 3 11 
6
0
17 16 13 18 22 21 17 20 14 18 17 21 13 14 13 17 19 18 22 23 
7
0
27 24 25 23 21 20 29 22 26 19 29 23 28 19 19 26 25 24 20 22 
8
0
39 35 37 35 40 39 42 36 41 43 43 44 35 43 35 39 44 35 38 42 
9
0
64 61 67 69 64 62 65 66 66 61 68 71 65 67 72 70 71 68 70 62 
10
0
41 40 38 41 39 38 44 43 48 45 42 42 44 44 39 40 48 47 46 41 
11
0
23 27 24 28 27 29 23 21 21 26 30 27 23 23 27 23 23 30 22 27 
12
0
92 89 90 93 95 96 99 89 89 94 91 90 97 88 88 95 95 92 99 99 
13
0
40 35 35 34 36 42 39 37 39 39 38 33 37 35 40 35 41 35 39 42 
14
0
13 17 19 13 16 15 18 22 14 15 16 21 17 15 11 20 16 19 14 21 
15
0
43 34 42 36 43 37 40 37 37 43 40 43 35 34 43 41 36 36 37 40 
16
0
53 53 46 54 53 47 52 46 55 55 51 48 54 46 55 47 49 49 46 48 
17
0
86 81 82 88 80 80 83 79 80 88 84 84 80 81 86 81 81 81 84 80 
18
0
87 91 91 86 91 83 90 90 84 90 87 91 83 83 86 90 85 84 90 89 
19
0
11 8 6 8 10 14 12 11 13 12 12 15 7 7 12 15 10 15 12 11 
20
0
26 25 34 35 32 27 30 28 29 25 35 27 31 29 28 28 32 35 36 27 
21
0
46 55 50 48 48 50 55 48 52 50 53 55 47 50 52 52 54 48 46 56 
22
0
12 13 10 16 13 8 14 10 10 10 12 13 13 8 7 9 6 8 14 9 
23
0
84 84 85 86 79 83 81 88 87 85 79 85 78 79 79 81 83 88 79 84 
24
0
45 54 49 44 52 45 51 48 46 44 50 46 46 45 45 54 48 49 53 52 
25
0
58 50 49 58 52 49 48 50 48 56 48 52 54 50 56 52 58 56 51 58 
26
0
28 22 26 24 29 23 26 29 27 22 28 28 25 28 31 28 21 27 26 27 
27
0
84 89 88 80 81 88 80 83 83 80 87 84 84 82 84 80 81 81 83 84 
28
0
18 17 22 21 21 17 14 12 20 17 20 19 21 19 14 21 20 18 13 21 
29
0
58 57 62 60 59 57 61 59 59 64 58 58 62 61 63 65 56 63 56 62 
30
0
24 24 18 19 21 26 26 24 24 28 19 23 24 18 18 25 24 25 19 20 
31
0
47 50 42 48 45 45 42 45 44 47 48 45 50 45 43 50 47 45 45 47 
32
0
18 17 20 19 17 17 21 25 26 21 17 27 18 27 27 23 21 25 19 16 
33
0
54 51 49 52 53 53 45 53 51 50 54 50 50 51 44 44 45 46 54 54 
34
0
74 75 71 76 67 68 76 77 75 72 67 71 77 70 75 75 67 73 67 68 
35
0
38 37 29 35 35 33 37 31 38 31 30 34 31 31 32 29 36 31 37 29 
36
0
67 71 72 63 67 66 72 69 70 70 73 72 69 66 64 66 68 74 64 63 
37
0
99 91 100 94 94 97 95 96 98 94 98 91 95 94 98 91 91 96 90 100 
38
0
30 34 30 36 30 35 29 38 38 32 35 31 36 38 34 38 38 32 31 37 
39
0
97 100 94 89 90 98 98 94 89 91 91 95 90 98 93 93 99 92 92 94 
40
0
26 20 20 21 22 23 25 28 25 21 25 30 20 20 23 29 20 29 23 28 
41
0
84 86 80 77 84 86 80 77 86 80 88 81 87 82 88 81 77 80 85 87 
42
0
46 46 40 40 42 40 45 45 49 46 39 50 41 47 45 44 40 42 46 46 
43
0
94 86 87 96 94 96 93 94 92 91 90 88 90 94 96 93 90 91 85 93 
44
0
23 23 19 17 24 19 20 24 25 22 23 22 22 20 15 23 22 18 21 16 
45
0
59 58 58 56 61 51 55 51 54 51 60 56 54 55 55 61 51 61 52 62 
46
0
65 65 70 61 64 70 63 70 61 65 70 67 62 67 62 68 67 60 62 66 
47
0
52 55 53 50 57 59 59 55 60 60 54 53 52 52 54 51 57 54 53 54 
48
0
75 84 79 85 77 81 82 85 85 75 75 80 79 80 77 83 83 83 80 83 
49
0
36 41 44 36 43 45 35 35 44 36 38 37 40 43 36 40 42 37 43 44 
