30
20
3020002
0
0
63 73 15 99 99 13 61 41 20 11 68 64 55 43 93 84 12 88 83 44 
1
0
38 60 15 54 75 25 42 23 8 98 55 10 75 52 99 36 48 48 42 6 
2
0
58 57 76 75 80 29 27 63 91 61 68 94 94 42 84 77 64 96 34 57 
3
0
32 92 12 61 48 15 55 45 36 6 58 4 52 91 27 96 47 7 40 70 
4
0
13 76 16 20 45 65 39 23 8 70 91 55 63 51 41 15 76 29 9 83 
5
0
18 2 58 1 59 11 55 28 67 38 44 6 94 87 14 63 42 49 87 48 
6
0
83 74 94 75 72 97 31 98 30 34 77 56 76 43 58 1 89 8 99 75 
7
0
80 18 52 81 11 60 91 54 83 48 83 5 69 68 71 38 42 78 25 48 
8
0
50 88 93 70 1 1 79 49 83 49 41 60 59 64 34 84 36 64 12 10 
9
0
42 52 36 57 4 6 43 10 34 34 78 79 30 62 66 19 99 17 73 92 
10
0
5 92 43 9 57 60 18 74 3 16 11 48 86 46 5 62 10 35 13 39 
11
0
48 83 6 39 54 99 75 2 58 3 35 85 73 59 3 79 38 13 53 60 
12
0
1 85 59 93 18 57 29 58 63 37 37 87 65 38 43 87 83 88 66 97 
13
0
84 13 50 3 92 42 32 63 13 8 69 71 82 36 60 75 2 6 51 11 
14
0
25 40 19 64 18 11 97 83 95 32 16 26 4 17 40 78 45 70 91 18 
15
0
64 51 32 67 30 77 76 32 46 44 43 42 27 11 40 62 28 18 28 48 
16
0
48 12 34 90 91 4 60 12 94 19 97 88 84 77 42 67 55 84 20 68 
17
0
54 30 73 41 96 80 14 70 55 74 21 50 99 99 61 76 74 9 53 51 
18
0
4 64 59 59 77 97 45 73 29 73 1 12 93 31 97 79 31 9 18 15 
19
0
69 32 27 95 19 19 76 20 71 7 32 13 98 81 13 58 50 82 72 13 
20
0
48 76 90 41 19 63 73 39 66 90 8 89 74 53 50 75 72 17 2 7 
21
0
96 88 68 30 57 85 48 20 67 48 18 92 43 1 83 10 30 94 37 53 
22
0
64 27 49 33 45 55 38 97 57 72 24 18 3 45 60 71 6 44 39 94 
23
0
8 21 39 97 2 95 91 18 74 85 79 12 1 15 71 61 79 60 30 86 
24
0
70 95 8 11 36 11 10 16 19 3 56 4 70 59 93 31 33 70 3 93 
25
0
96 8 38 32 23 60 51 73 21 9 82 84 85 6 7 87 49 10 60 81 
26
0
16 47 51 24 99 74 81 2 1 59 99 51 5 45 98 91 26 47 92 66 
27
0
57 78 68 1 15 56 72 64 76 93 92 71 16 56 29 13 57 54 12 21 
28
0
89 29 79 53 25 14 67 52 77 45 47 79 12 91 31 14 67 33 80 36 
29
0
99 39 86 59 91 90 84 59 95 42 20 34 38 37 30 48 73 47 84 35 
