20
10
2010002
0
0
73 64 65 52 43 7 76 49 43 23 
1
0
22 53 4 3 65 84 72 65 87 25 
2
0
21 23 85 88 12 44 21 85 26 24 
3
0
68 22 73 85 53 5 29 93 58 41 
4
0
22 15 64 62 47 46 40 21 17 87 
5
0
40 89 77 13 53 31 80 87 54 68 
6
0
77 61 5 99 74 12 45 3 65 2 
7
0
44 42 10 30 57 12 20 48 56 80 
8
0
14 54 58 4 34 25 14 58 32 94 
9
0
59 50 80 79 92 4 11 22 3 99 
10
0
94 69 4 26 18 4 1 29 21 23 
11
0
94 58 80 49 49 72 27 16 99 32 
12
0
1 5 9 97 35 64 77 18 18 61 
13
0
2 76 30 88 17 12 25 37 41 22 
14
0
99 6 33 32 48 33 33 48 90 2 
15
0
45 45 80 4 63 31 70 27 18 33 
16
0
60 78 91 59 18 4 48 69 80 48 
17
0
37 59 93 90 7 97 63 32 10 6 
18
0
23 13 11 19 26 46 29 63 44 82 
19
0
4 46 42 68 1 6 76 33 55 40 
