50
10
5010004
0
0
28 27 30 30 24 27 30 27 21 30 
1
0
17 14 10 11 11 20 20 19 14 10 
2
0
37 36 34 36 37 35 38 30 33 36 
3
0
38 45 45 43 39 39 45 46 42 45 
4
0
66 65 63 60 70 70 60 69 64 71 
5
0
67 73 69 72 73 74 75 70 77 68 
6
0
6 12 6 11 12 15 5 11 9 8 
7
0
91 95 97 86 89 95 92 86 94 86 
8
0
91 90 94 96 90 92 87 90 94 94 
9
0
62 71 63 67 69 71 71 66 71 66 
10
0
23 24 25 26 30 31 31 30 22 31 
11
0
65 74 68 75 67 65 67 68 73 71 
12
0
26 25 28 29 33 26 28 28 23 27 
13
0
87 91 89 89 86 92 91 88 92 86 
14
0
24 18 23 24 23 15 16 19 24 22 
15
0
83 85 81 85 76 85 78 79 83 86 
16
0
42 42 40 40 44 43 42 40 39 42 
17
0
28 28 27 36 26 29 27 28 34 30 
18
0
62 61 61 69 65 64 63 61 68 64 
19
0
40 41 37 41 41 43 33 38 39 32 
20
0
40 48 46 47 42 48 49 41 45 47 
21
0
16 19 18 14 14 15 21 24 15 23 
22
0
12 13 18 14 10 17 18 11 18 17 
23
0
30 25 28 22 28 30 20 21 29 27 
24
0
38 36 37 44 44 42 40 34 44 37 
25
0
70 69 64 62 69 64 62 63 69 60 
26
0
76 71 74 75 80 74 81 80 78 73 
27
0
86 92 85 87 83 86 92 90 88 87 
28
0
37 35 39 32 40 41 40 35 32 32 
29
0
21 22 27 16 27 26 27 18 25 18 
30
0
24 31 25 34 33 26 34 33 30 26 
31
0
64 70 68 66 67 72 65 62 62 69 
32
0
45 45 53 49 45 43 50 44 46 51 
33
0
77 79 80 72 71 82 75 74 81 76 
34
0
63 68 66 63 68 67 65 72 66 63 
35
0
19 26 24 22 17 22 20 26 18 27 
36
0
64 64 60 58 64 63 57 56 60 58 
37
0
12 9 3 11 2 8 7 13 13 13 
38
0
28 19 23 27 21 23 21 23 26 19 
39
0
13 14 9 13 14 12 10 6 5 16 
40
0
77 76 83 81 76 83 81 79 79 85 
41
0
88 89 89 89 83 84 85 87 91 92 
42
0
92 90 90 90 95 89 96 91 86 92 
43
0
72 69 67 70 76 68 74 70 76 69 
44
0
54 54 60 52 55 52 56 51 53 57 
45
0
83 84 88 87 90 92 92 86 90 89 
46
0
22 21 16 20 16 15 16 24 16 16 
47
0
79 71 71 72 73 72 74 78 71 74 
48
0
43 46 39 43 38 44 48 45 47 45 
49
0
28 31 29 34 36 30 26 30 31 29 
