100
10
10010028
0
0
41 36 38 42 37 41 40 31 32 37 
1
0
43 47 44 47 40 39 43 46 42 39 
2
0
66 65 71 63 63 64 67 62 69 71 
3
0
13 19 19 12 21 14 12 20 20 10 
4
0
24 19 18 21 20 18 20 24 18 22 
5
0
73 72 72 73 75 70 66 74 68 71 
6
0
96 94 90 87 94 93 89 89 95 94 
7
0
9 8 11 18 9 17 9 10 8 12 
8
0
40 35 33 37 33 38 33 33 33 37 
9
0
75 76 75 69 69 73 74 66 75 76 
10
0
90 95 87 96 87 90 93 94 92 95 
11
0
6 7 9 16 7 14 6 12 9 12 
12
0
22 25 20 22 20 20 15 22 16 19 
13
0
32 26 36 33 30 29 32 29 36 28 
14
0
26 19 18 16 18 26 24 24 22 20 
15
0
87 93 89 98 97 98 94 87 90 97 
16
0
33 28 34 32 31 37 36 30 31 34 
17
0
49 48 48 52 48 51 57 49 56 48 
18
0
83 75 75 74 82 75 76 80 77 78 
19
0
71 68 67 71 68 73 73 73 74 69 
20
0
33 32 32 31 34 28 35 33 37 35 
21
0
90 90 86 84 83 92 84 87 91 83 
22
0
23 25 28 28 22 23 25 25 29 24 
23
0
62 56 59 61 57 60 57 64 57 64 
24
0
95 90 92 97 93 98 94 91 88 97 
25
0
67 67 67 64 70 69 71 70 70 62 
26
0
73 67 72 77 73 68 72 72 78 75 
27
0
38 32 31 38 35 32 38 34 38 37 
28
0
31 34 39 32 36 40 39 32 36 38 
29
0
33 36 35 30 30 38 35 37 29 32 
30
0
27 25 29 29 27 25 33 32 24 25 
31
0
52 48 47 49 49 48 52 57 48 47 
32
0
61 61 57 65 61 67 66 64 64 58 
33
0
66 63 67 67 66 59 62 61 61 64 
34
0
18 11 11 17 10 14 18 14 12 19 
35
0
86 83 90 81 90 82 83 85 83 86 
36
0
10 7 6 13 13 7 9 10 14 12 
37
0
40 42 44 42 44 43 40 37 34 39 
38
0
26 23 26 23 23 21 26 22 25 29 
39
0
84 87 81 84 87 89 81 82 82 83 
40
0
49 46 47 53 47 45 54 48 50 52 
41
0
9 14 3 13 5 6 6 14 7 10 
42
0
87 85 88 83 85 87 89 89 87 90 
43
0
28 23 32 26 25 24 29 31 24 30 
44
0
57 51 53 60 52 59 57 56 55 57 
45
0
79 80 82 87 86 85 82 84 83 82 
46
0
15 23 21 15 21 25 17 22 16 22 
47
0
34 30 34 36 32 27 33 29 27 35 
48
0
42 44 52 44 48 41 46 45 49 47 
49
0
92 86 92 88 90 84 94 89 90 88 
50
0
72 75 73 72 69 76 71 77 76 70 
51
0
15 14 10 14 11 10 14 11 14 10 
52
0
37 32 28 26 36 26 28 28 35 35 
53
0
88 89 87 90 90 93 83 86 92 84 
54
0
62 69 64 68 60 68 67 65 62 68 
55
0
70 73 72 66 70 67 69 69 70 68 
56
0
40 39 33 36 43 40 37 41 35 38 
57
0
44 49 43 52 44 52 44 49 51 49 
58
0
60 68 60 60 64 62 65 69 62 67 
59
0
66 66 69 68 69 72 73 63 71 73 
60
0
60 58 60 56 63 63 63 60 64 64 
61
0
41 38 43 33 35 40 35 40 44 38 
62
0
71 76 72 69 72 67 68 76 75 67 
63
0
48 46 53 46 50 51 47 53 51 55 
64
0
77 74 71 73 81 78 80 74 77 77 
65
0
95 89 94 98 97 98 97 99 99 99 
66
0
23 29 20 25 30 21 22 31 25 21 
67
0
81 81 76 83 74 73 82 79 76 79 
68
0
47 43 49 47 49 47 43 49 44 46 
69
0
20 23 19 23 20 21 25 26 23 21 
70
0
44 53 46 53 49 47 51 50 48 52 
71
0
27 32 29 34 29 31 31 27 34 34 
72
0
70 64 72 69 64 70 70 66 65 64 
73
0
32 41 37 38 42 42 41 42 42 36 
74
0
36 30 37 34 31 38 39 28 29 31 
75
0
27 24 30 28 26 23 27 22 24 25 
76
0
82 83 74 78 84 80 80 78 76 82 
77
0
30 25 21 27 21 22 29 29 31 28 
78
0
90 82 82 81 84 90 89 84 88 86 
79
0
55 59 61 61 54 61 60 52 57 52 
80
0
85 83 81 83 89 85 84 79 79 87 
81
0
87 87 92 85 85 89 92 89 90 95 
82
0
14 9 14 17 15 8 11 8 12 14 
83
0
51 48 47 48 50 48 54 55 48 46 
84
0
27 31 31 24 26 28 28 27 24 24 
85
0
83 80 83 87 84 77 85 79 86 78 
86
0
78 86 77 81 85 80 84 81 84 79 
87
0
87 81 84 82 87 84 79 79 79 88 
88
0
39 39 39 30 36 37 38 31 30 29 
89
0
20 20 23 15 13 16 19 14 23 22 
90
0
75 71 73 72 75 68 75 74 66 69 
91
0
43 48 48 52 50 52 46 43 48 47 
92
0
35 39 32 37 31 39 40 40 33 36 
93
0
31 36 30 33 40 30 36 37 33 30 
94
0
77 75 74 69 72 69 70 73 72 71 
95
0
66 65 66 66 63 65 63 63 65 63 
96
0
31 24 24 34 28 34 24 30 31 33 
97
0
16 13 17 7 16 14 9 16 17 14 
98
0
53 55 52 60 53 59 63 52 52 53 
99
0
78 73 81 76 80 76 79 81 81 83 
