50
20
5020004
0
0
29 85 11 11 94 12 70 56 10 99 81 47 58 44 53 38 66 30 89 60 
1
0
23 37 7 45 19 58 88 24 59 25 53 14 77 30 18 17 63 17 24 60 
2
0
74 61 26 15 36 22 30 79 36 17 90 89 47 50 19 43 76 11 93 79 
3
0
50 44 78 94 63 56 66 73 47 86 26 58 45 52 97 39 87 30 80 13 
4
0
66 63 90 64 14 77 35 36 82 81 83 23 77 97 33 52 72 67 51 89 
5
0
99 81 44 68 50 72 90 92 52 58 89 25 22 52 11 14 45 29 45 2 
6
0
16 21 95 54 37 77 67 65 73 62 20 63 66 90 40 19 43 42 36 37 
7
0
59 15 97 39 9 88 24 52 12 28 29 23 85 38 15 25 7 57 65 88 
8
0
67 31 34 30 73 46 69 22 94 55 97 34 67 52 28 30 75 46 70 57 
9
0
8 17 19 65 64 15 88 81 31 79 8 16 53 54 1 14 61 80 38 57 
10
0
96 15 83 62 84 30 8 63 60 27 96 61 57 75 10 61 79 5 77 29 
11
0
27 95 10 56 42 24 95 91 78 7 68 51 42 85 68 26 11 92 93 80 
12
0
36 72 14 69 83 37 17 95 63 80 86 23 17 92 60 56 13 37 29 37 
13
0
14 64 72 49 28 13 69 58 36 85 58 81 22 66 86 75 62 67 6 7 
14
0
62 35 94 52 44 42 59 92 33 1 9 52 63 81 49 18 54 13 15 50 
15
0
9 93 23 57 38 14 66 22 75 98 56 34 81 23 63 36 67 94 1 33 
16
0
59 49 60 72 25 78 78 93 34 70 58 82 34 54 48 36 56 62 17 68 
17
0
92 50 46 15 90 79 94 98 71 1 50 35 13 51 92 16 50 43 3 47 
18
0
10 33 89 43 77 53 32 38 82 12 63 83 86 46 30 52 90 4 85 54 
19
0
30 65 38 8 94 21 43 73 18 61 6 8 32 20 48 25 92 6 6 69 
20
0
26 62 85 95 75 35 14 58 23 32 44 56 38 49 29 28 5 98 40 11 
21
0
76 12 60 37 87 1 85 84 58 86 89 37 30 32 17 54 11 7 7 83 
22
0
11 74 1 99 97 56 93 95 55 46 73 95 18 79 48 86 11 86 62 67 
23
0
92 22 84 38 50 9 11 27 28 48 72 48 50 59 33 30 91 13 59 55 
24
0
18 4 9 38 90 5 27 18 46 13 26 4 23 95 87 87 93 53 41 35 
25
0
57 90 20 39 61 3 42 58 50 31 55 94 86 34 44 20 40 87 12 25 
26
0
12 14 20 97 58 53 35 86 92 16 50 18 35 57 10 14 72 54 68 62 
27
0
80 80 20 57 31 45 35 76 65 48 95 29 14 36 51 51 77 79 59 26 
28
0
44 64 19 4 63 97 68 34 53 2 71 25 28 39 85 52 45 60 63 92 
29
0
59 90 74 39 82 67 64 67 81 27 22 49 25 39 16 32 38 88 56 54 
30
0
21 16 67 60 46 49 68 79 34 12 20 24 96 23 34 82 28 37 96 27 
31
0
21 69 21 66 33 50 39 13 60 83 95 59 6 99 87 24 78 31 15 62 
32
0
8 92 60 7 67 43 94 7 10 29 72 3 13 53 6 33 46 1 36 3 
33
0
5 37 72 22 45 64 82 1 55 79 29 96 67 65 84 57 93 45 16 27 
34
0
1 8 36 80 93 30 94 90 78 1 14 26 15 47 50 2 53 95 76 14 
35
0
13 48 74 75 70 27 27 71 24 72 56 3 33 34 78 19 86 5 54 77 
36
0
14 1 98 40 41 34 22 19 38 71 3 59 93 5 96 90 83 35 22 59 
37
0
66 14 27 50 39 92 62 9 63 47 34 55 88 37 59 2 88 84 27 28 
38
0
64 55 20 48 97 15 36 55 54 73 7 95 29 91 67 36 91 21 40 23 
39
0
59 7 20 82 54 16 86 55 51 64 12 93 45 98 7 49 80 74 93 32 
40
0
20 23 58 77 21 99 13 2 57 76 30 44 91 33 85 24 9 70 53 81 
41
0
37 81 13 52 9 16 5 31 76 11 31 56 52 12 55 42 54 47 9 21 
42
0
11 94 84 96 41 69 64 64 36 12 11 52 99 6 13 95 89 64 41 69 
43
0
31 4 44 91 81 68 90 31 33 94 42 34 64 91 49 22 62 53 15 47 
44
0
85 55 52 55 92 88 34 9 41 32 88 62 31 67 36 27 45 33 25 28 
45
0
42 81 44 64 2 5 95 75 10 59 64 39 24 15 7 70 2 51 27 94 
46
0
81 12 82 41 60 32 48 10 22 78 51 34 10 77 2 29 96 5 56 7 
47
0
33 77 64 80 11 9 62 20 26 82 13 45 4 11 61 82 57 73 35 2 
48
0
13 78 57 96 63 45 93 25 50 53 32 67 54 75 4 74 14 7 73 68 
49
0
1 63 99 18 30 64 39 84 57 65 78 16 15 35 58 9 83 73 90 6 
