50
20
5020002
0
0
37 39 66 49 50 84 26 76 59 91 73 63 24 32 94 68 8 62 63 29 
1
0
29 47 67 53 43 85 23 83 58 87 74 63 19 33 97 67 9 57 57 36 
2
0
33 48 64 52 40 80 27 85 58 88 68 63 17 26 98 69 16 59 56 29 
3
0
33 43 65 50 45 85 26 84 58 88 67 70 27 33 91 66 14 63 63 29 
4
0
32 40 71 49 48 89 30 79 61 91 70 62 24 28 92 62 11 62 57 29 
5
0
27 41 64 49 47 86 20 78 62 85 68 63 27 34 94 64 12 64 64 34 
6
0
29 43 63 50 47 82 26 84 59 86 65 66 21 31 96 70 15 65 63 38 
7
0
30 38 71 55 50 90 30 79 54 92 71 64 24 34 94 70 14 63 61 38 
8
0
28 41 68 59 48 89 23 79 56 94 75 61 20 24 93 67 14 63 65 33 
9
0
28 48 61 50 47 89 25 75 56 86 70 70 20 29 96 63 13 62 60 30 
10
0
29 45 71 54 50 84 27 84 58 85 74 65 21 31 90 64 12 64 65 34 
11
0
34 38 69 57 47 84 24 75 53 93 66 68 19 27 93 66 11 57 55 34 
12
0
27 42 67 58 45 84 28 77 59 89 71 70 25 26 95 69 16 62 59 35 
13
0
32 48 64 58 43 84 25 85 59 86 68 60 26 33 99 68 13 57 58 34 
14
0
26 48 61 54 49 85 28 78 54 94 71 68 27 34 97 65 10 57 62 32 
15
0
29 41 66 51 50 81 25 77 58 89 70 68 23 26 92 70 9 57 55 37 
16
0
36 42 62 56 49 88 25 84 54 95 67 63 23 24 93 62 9 62 55 36 
17
0
30 43 68 55 40 86 31 76 56 85 73 65 22 26 99 63 16 56 57 35 
18
0
28 44 62 57 44 87 24 80 63 87 72 68 27 31 92 61 17 66 60 31 
19
0
31 41 61 49 45 85 28 84 53 91 73 63 19 33 90 65 14 56 57 28 
20
0
30 40 61 51 46 90 22 76 59 94 71 62 26 29 97 61 9 61 63 38 
21
0
36 42 61 56 42 89 27 76 63 94 75 67 18 31 90 62 9 57 55 33 
22
0
27 48 69 54 50 81 28 83 62 87 69 64 21 26 91 66 12 57 64 36 
23
0
31 48 64 52 42 81 22 83 63 91 66 68 19 26 99 62 17 63 62 36 
24
0
32 40 69 54 50 81 27 80 58 84 65 71 18 29 99 67 12 62 57 30 
25
0
36 45 70 54 47 85 22 80 59 86 74 67 24 34 93 63 14 62 60 37 
26
0
32 39 62 59 46 80 30 81 54 93 65 67 18 28 97 63 15 56 61 32 
27
0
33 42 71 57 46 87 31 82 59 95 64 68 27 33 98 65 8 58 56 29 
28
0
28 43 71 53 41 89 25 77 58 84 73 64 19 25 99 65 13 64 61 31 
29
0
30 42 64 52 40 87 27 85 60 85 67 70 17 32 93 70 9 57 63 34 
30
0
34 47 65 54 47 80 25 77 58 93 65 70 25 25 96 68 14 59 62 31 
31
0
32 48 67 52 50 81 27 83 56 91 69 64 27 25 97 65 17 56 63 32 
32
0
37 41 72 49 45 90 24 80 55 93 72 71 23 28 98 67 13 57 61 28 
33
0
32 40 72 56 43 89 28 84 63 91 64 68 17 32 95 60 13 62 60 32 
34
0
31 43 72 59 45 83 27 83 55 93 75 70 26 30 92 61 12 61 56 38 
35
0
36 45 61 50 44 89 27 78 56 90 65 69 19 27 93 66 12 61 55 36 
36
0
28 44 66 58 42 88 25 85 61 88 75 61 19 27 93 60 15 66 64 36 
37
0
33 41 65 54 45 82 30 83 55 88 70 70 25 33 99 64 16 57 59 37 
38
0
36 46 63 57 42 84 20 85 61 89 67 65 27 26 97 71 9 63 62 28 
39
0
34 40 69 52 42 89 26 76 61 88 73 68 21 33 100 63 12 56 55 30 
40
0
31 40 62 49 46 89 28 80 56 91 72 62 26 26 92 67 14 60 63 32 
41
0
33 38 67 57 46 89 23 79 60 93 65 70 25 26 91 65 14 57 54 32 
42
0
35 42 68 54 48 80 25 78 63 89 72 67 20 25 100 68 16 64 60 36 
43
0
32 39 67 55 44 80 26 78 53 93 64 62 26 26 95 68 14 57 54 34 
44
0
29 41 67 50 40 83 30 75 62 90 70 69 20 33 97 70 8 61 58 34 
45
0
32 39 62 54 41 84 31 75 53 90 70 65 21 34 98 70 16 56 58 31 
46
0
32 40 61 55 46 90 26 83 62 92 68 63 26 35 90 67 11 61 54 38 
47
0
33 46 63 57 47 84 24 85 59 95 70 64 24 31 90 69 17 61 62 38 
48
0
28 38 67 53 41 82 27 76 60 94 71 62 22 35 95 70 16 62 59 29 
49
0
30 39 71 57 41 87 23 79 52 92 69 60 21 33 93 63 15 59 62 35 
