20
20
2020002
0
0
79 75 75 82 83 75 73 74 78 83 74 80 81 79 77 74 76 77 78 78 
1
0
34 29 32 25 26 30 29 27 33 29 29 28 33 32 25 31 28 32 23 29 
2
0
44 50 48 45 43 48 51 52 42 50 45 52 51 42 46 43 42 42 44 50 
3
0
17 26 21 23 24 20 20 26 25 17 25 22 21 25 20 24 23 20 25 17 
4
0
95 95 92 94 92 86 92 90 94 91 89 95 86 89 95 86 85 91 88 92 
5
0
79 84 85 86 84 84 82 83 86 85 85 82 83 81 84 84 79 80 79 88 
6
0
41 39 43 48 47 39 46 43 48 48 49 40 44 44 46 41 43 41 44 40 
7
0
51 46 48 43 47 52 53 52 51 51 53 43 51 44 46 43 52 45 49 50 
8
0
19 19 23 28 22 23 24 22 20 28 24 23 20 25 19 21 19 28 18 20 
9
0
62 63 59 62 58 62 55 58 54 57 62 62 63 53 58 56 54 54 61 57 
10
0
74 79 77 74 79 76 69 75 76 76 75 78 77 74 70 69 75 80 72 77 
11
0
53 48 54 49 47 48 47 48 47 52 48 51 46 54 53 50 52 57 57 53 
12
0
57 60 64 63 62 60 65 56 64 64 57 59 60 65 66 66 64 60 66 56 
13
0
37 33 34 32 36 34 36 38 35 32 29 33 31 29 36 36 31 32 37 31 
14
0
83 85 80 77 82 85 77 75 82 78 84 76 86 86 84 79 76 75 84 83 
15
0
10 8 11 9 6 6 9 7 6 8 4 11 12 7 12 11 6 3 6 11 
16
0
56 53 52 50 57 52 50 51 53 52 51 47 57 53 51 49 51 50 57 48 
17
0
21 21 24 16 17 21 15 17 19 15 19 25 17 16 18 16 16 18 20 20 
18
0
83 81 77 77 76 82 84 84 76 74 76 78 78 82 76 77 79 81 84 76 
19
0
66 68 66 71 76 68 72 69 73 75 66 74 70 75 71 69 72 73 68 69 
