30
10
3010004
0
0
53 20 83 83 76 62 72 63 20 41 
1
0
51 18 86 90 73 65 67 57 20 41 
2
0
58 18 87 89 72 71 73 57 28 37 
3
0
56 17 79 85 71 71 72 56 27 39 
4
0
50 21 83 81 70 68 69 57 22 34 
5
0
55 20 80 85 71 68 73 63 29 40 
6
0
56 19 79 82 69 63 70 55 20 41 
7
0
60 23 82 82 68 64 67 64 24 32 
8
0
54 14 83 85 76 65 69 61 23 40 
9
0
59 17 82 81 75 70 76 61 20 38 
10
0
54 21 80 89 76 71 67 61 22 31 
11
0
50 15 87 83 72 70 67 62 29 36 
12
0
52 19 87 85 77 72 72 57 22 35 
13
0
58 22 83 91 68 70 70 63 23 39 
14
0
58 14 89 82 68 61 76 61 25 37 
15
0
54 25 89 82 70 62 77 60 27 41 
16
0
56 15 87 88 71 72 74 61 28 41 
17
0
57 15 83 90 68 64 68 55 30 31 
18
0
55 18 82 87 75 68 77 56 27 40 
19
0
55 19 88 85 70 71 74 58 23 35 
20
0
57 25 81 90 71 68 71 63 25 38 
21
0
51 21 82 87 67 69 73 55 24 38 
22
0
56 14 81 90 70 63 71 64 24 40 
23
0
58 17 87 90 72 69 71 62 29 37 
24
0
58 17 79 90 75 62 70 60 25 38 
25
0
58 14 81 87 75 64 68 59 24 36 
26
0
58 14 89 83 69 66 72 57 26 33 
27
0
58 23 84 85 69 68 70 64 22 39 
28
0
56 18 89 89 77 63 70 56 24 36 
29
0
54 24 82 84 75 66 71 55 28 38 
