50
10
5010003
0
0
27 29 25 24 21 27 22 20 22 25 
1
0
62 56 63 58 57 63 58 61 63 56 
2
0
74 74 75 71 78 67 78 68 72 70 
3
0
37 37 34 41 35 41 38 42 41 43 
4
0
7 11 6 10 7 3 8 9 3 9 
5
0
58 59 55 57 59 54 55 62 62 59 
6
0
71 78 71 70 73 77 71 70 81 74 
7
0
89 82 83 91 84 83 89 86 82 85 
8
0
92 87 90 92 96 96 89 97 96 91 
9
0
30 29 34 28 31 28 26 29 28 34 
10
0
30 33 30 34 36 33 33 26 36 34 
11
0
40 45 43 43 43 49 41 40 50 51 
12
0
16 18 10 10 18 18 16 19 10 18 
13
0
74 73 74 70 70 73 73 75 77 71 
14
0
78 77 76 78 75 84 82 76 82 82 
15
0
87 92 90 90 94 95 85 86 91 91 
16
0
18 22 23 14 16 23 20 22 14 23 
17
0
44 38 41 39 38 39 38 42 42 42 
18
0
25 25 25 30 26 27 21 27 23 24 
19
0
85 94 84 85 95 87 87 94 94 84 
20
0
55 53 55 61 58 51 51 60 56 58 
21
0
30 27 23 24 33 31 27 28 26 27 
22
0
62 67 63 61 66 58 58 58 65 66 
23
0
51 44 45 50 50 45 48 47 52 51 
24
0
63 55 56 64 61 63 61 62 62 62 
25
0
36 35 45 44 42 39 35 38 41 37 
26
0
59 63 60 65 66 62 66 65 65 69 
27
0
33 27 31 33 30 33 35 27 29 27 
28
0
62 65 60 63 60 64 59 60 68 64 
29
0
36 39 31 36 37 33 36 35 32 37 
30
0
97 93 97 94 95 89 99 95 93 96 
31
0
9 2 11 6 1 1 1 7 7 1 
32
0
14 10 15 17 6 12 8 10 10 12 
33
0
14 23 20 15 22 15 21 23 15 18 
34
0
52 57 58 53 56 53 54 55 54 58 
35
0
24 25 22 23 19 24 26 25 22 21 
36
0
52 54 52 48 51 49 54 55 51 54 
37
0
61 61 59 66 64 66 61 68 68 67 
38
0
49 43 42 47 51 43 44 44 53 47 
39
0
43 48 46 51 46 50 49 43 50 48 
40
0
29 28 25 29 34 32 27 35 32 27 
41
0
82 78 73 79 72 81 71 71 82 71 
42
0
73 71 63 65 66 66 72 68 69 70 
43
0
61 59 51 58 56 55 57 55 60 53 
44
0
12 11 13 15 14 14 15 11 13 15 
45
0
88 89 89 87 80 84 86 80 80 84 
46
0
43 43 43 42 39 44 43 47 38 43 
47
0
9 7 13 13 12 7 16 14 13 7 
48
0
95 93 98 89 88 94 95 94 95 89 
49
0
19 15 17 16 18 12 15 20 18 18 
