30
10
3010002
0
0
56 52 62 5 10 82 38 24 16 51 
1
0
1 62 92 33 87 30 41 57 82 53 
2
0
53 4 84 60 80 97 82 25 60 8 
3
0
81 28 79 87 55 57 81 97 86 91 
4
0
45 94 73 7 69 16 92 59 49 2 
5
0
59 68 81 19 40 42 7 86 48 3 
6
0
39 36 50 94 74 85 39 78 13 68 
7
0
16 8 20 71 1 7 69 19 79 82 
8
0
54 51 29 53 5 66 54 34 95 89 
9
0
49 13 86 62 64 33 82 18 83 78 
10
0
3 54 36 5 67 19 55 44 8 48 
11
0
32 33 63 22 94 68 20 14 79 86 
12
0
36 25 77 81 83 43 35 36 12 14 
13
0
13 57 33 74 47 91 70 69 77 72 
14
0
63 22 71 44 3 35 54 61 18 77 
15
0
64 65 86 13 4 4 31 88 22 18 
16
0
98 76 54 84 51 7 92 32 1 64 
17
0
56 23 89 86 63 59 75 22 93 31 
18
0
87 54 45 9 91 11 15 19 67 62 
19
0
27 21 23 16 43 6 78 86 51 27 
20
0
62 81 73 80 10 74 92 56 46 36 
21
0
24 57 4 38 48 37 42 1 59 17 
22
0
87 52 81 49 98 81 92 49 9 35 
23
0
71 14 83 60 50 96 76 23 37 17 
24
0
4 31 60 62 31 47 41 68 14 4 
25
0
67 1 94 91 56 21 35 11 49 71 
26
0
51 30 26 56 79 17 56 70 48 48 
27
0
39 22 57 49 16 47 38 41 30 76 
28
0
89 21 22 43 98 60 33 20 17 38 
29
0
10 74 14 32 77 83 56 99 72 72 
