30
10
3010101
0
0
50 8 90 68 39 69 67 21 43 71 
1
0
54 19 90 72 38 70 63 13 35 75 
2
0
53 17 93 70 40 67 60 14 43 65 
3
0
52 10 95 62 42 73 62 14 41 65 
4
0
53 19 88 64 32 72 63 15 42 74 
5
0
51 18 87 70 37 74 68 14 42 68 
6
0
54 15 87 64 37 75 67 15 40 66 
7
0
59 11 96 67 39 65 64 16 40 72 
8
0
50 19 93 64 42 66 61 17 37 65 
9
0
61 14 88 66 34 68 61 21 44 72 
10
0
58 16 94 69 36 68 64 23 37 68 
11
0
57 9 87 69 42 71 67 19 41 73 
12
0
56 16 95 65 34 74 64 16 41 66 
13
0
60 17 93 63 32 72 61 14 38 71 
14
0
51 11 95 61 33 72 70 17 39 66 
15
0
55 17 95 67 37 65 67 13 42 72 
16
0
54 14 91 66 32 75 62 16 43 66 
17
0
59 12 93 66 32 65 67 13 41 71 
18
0
60 15 90 66 33 70 71 13 38 67 
19
0
61 17 90 70 39 68 68 19 36 68 
20
0
53 8 96 67 32 67 63 18 36 66 
21
0
52 12 92 64 41 74 66 23 42 72 
22
0
59 17 89 66 33 66 66 17 37 72 
23
0
59 13 87 67 42 74 63 17 41 75 
24
0
59 13 90 63 33 75 64 22 40 65 
25
0
57 9 87 64 40 66 69 21 39 69 
26
0
52 10 87 63 37 74 62 20 35 66 
27
0
51 16 87 62 37 65 67 17 40 71 
28
0
56 10 93 63 35 69 67 13 38 68 
29
0
57 17 89 68 40 68 60 24 41 64 
