10
20
1020004
0
0
89 93 99 96 91 96 96 89 93 95 97 99 96 89 91 89 90 93 92 92 
1
0
88 92 89 87 88 92 82 84 92 82 83 93 87 84 91 90 83 92 89 84 
2
0
56 51 55 55 54 48 49 53 48 55 46 53 45 52 45 55 54 53 49 54 
3
0
88 81 84 89 82 82 81 84 84 83 84 85 82 88 85 86 89 81 80 80 
4
0
58 60 51 50 52 57 55 60 52 52 56 50 52 57 51 51 56 58 60 60 
5
0
18 28 28 26 26 23 26 26 26 26 23 22 18 21 23 18 24 26 28 27 
6
0
100 95 96 89 94 93 99 95 94 99 92 97 95 91 98 92 91 91 97 97 
7
0
92 91 93 92 92 83 92 82 92 86 84 89 88 86 82 84 91 88 83 82 
8
0
38 37 37 33 30 29 31 33 29 32 30 28 39 36 34 34 30 38 38 29 
9
0
48 43 43 54 48 51 50 43 50 50 46 49 47 43 48 50 47 47 43 51 
