30
10
3010003
0
0
52 38 34 42 65 16 13 81 57 13 
1
0
53 38 40 35 72 13 15 82 53 16 
2
0
53 42 36 39 67 8 14 84 61 10 
3
0
61 35 41 41 67 6 7 88 62 14 
4
0
59 46 36 43 75 10 14 89 58 6 
5
0
55 44 35 35 70 7 17 89 58 6 
6
0
59 40 43 41 71 14 12 84 59 15 
7
0
53 40 42 42 75 6 10 84 60 14 
8
0
55 44 33 36 66 9 15 91 59 8 
9
0
55 38 33 45 69 15 16 90 62 11 
10
0
59 46 35 41 69 10 11 85 56 8 
11
0
52 38 35 42 64 13 13 89 54 10 
12
0
52 44 36 42 73 5 13 85 57 10 
13
0
58 43 38 45 70 10 13 90 54 11 
14
0
52 39 43 42 67 14 8 81 57 9 
15
0
57 36 35 42 72 8 16 84 62 15 
16
0
56 44 43 43 69 15 14 82 54 14 
17
0
53 42 39 36 70 6 9 81 60 10 
18
0
54 41 34 35 71 11 13 90 58 7 
19
0
50 35 42 40 67 11 7 90 55 12 
20
0
60 43 38 37 75 9 16 86 54 16 
21
0
55 39 38 43 75 11 11 86 57 16 
22
0
57 42 39 43 72 9 17 81 58 8 
23
0
60 37 43 42 67 8 15 83 58 16 
24
0
52 43 36 36 67 13 11 81 54 12 
25
0
57 36 35 40 67 14 14 88 60 16 
26
0
51 36 33 37 67 12 14 90 56 16 
27
0
54 44 36 36 65 13 11 88 57 10 
28
0
59 41 39 44 73 11 13 82 59 14 
29
0
55 40 43 45 69 8 13 91 56 12 
