20
20
2020004
0
0
82 81 74 83 77 76 77 78 77 81 74 76 81 80 78 77 77 74 79 76 
1
0
58 61 62 59 61 66 60 65 64 57 57 62 60 61 61 58 62 63 62 62 
2
0
89 82 89 88 91 83 89 86 81 84 91 88 83 81 84 81 83 90 84 90 
3
0
73 83 84 82 80 78 77 81 77 83 83 78 76 83 83 76 76 79 82 78 
4
0
63 66 62 71 66 67 65 63 71 70 62 70 70 72 70 63 71 62 68 72 
5
0
9 9 10 10 7 3 7 4 2 5 1 11 12 7 10 3 3 1 3 5 
6
0
36 32 28 34 29 32 28 30 35 37 30 30 29 35 34 32 35 29 31 32 
7
0
57 57 59 54 61 57 60 56 54 55 56 61 57 55 55 59 64 54 59 54 
8
0
19 12 11 9 16 16 11 18 13 14 14 10 10 11 8 15 15 11 17 16 
9
0
37 38 37 33 39 36 29 36 28 28 30 31 38 38 30 38 30 29 39 30 
10
0
85 92 85 85 86 85 88 83 90 87 90 91 92 93 84 87 93 87 84 87 
11
0
35 32 33 29 32 28 35 28 36 31 27 27 35 28 34 34 36 29 37 33 
12
0
22 15 22 16 25 24 21 20 19 26 19 25 22 18 20 17 21 19 24 24 
13
0
78 87 77 86 82 77 77 86 87 79 83 88 82 86 86 77 86 83 84 85 
14
0
38 32 36 34 30 31 35 32 38 32 39 33 34 32 28 38 29 29 38 32 
15
0
49 47 47 42 49 44 39 39 45 45 47 49 48 41 43 44 40 49 41 45 
16
0
18 11 7 15 10 13 16 17 12 12 10 15 17 14 15 8 14 11 10 12 
17
0
83 83 81 78 84 86 77 76 86 86 86 82 82 76 86 77 80 84 86 80 
18
0
93 96 96 97 97 90 99 99 93 92 88 99 98 95 91 94 94 97 89 88 
19
0
24 20 19 25 26 23 18 16 16 21 16 25 20 19 25 19 23 26 22 25 
