30
5
3005002
0
0
50 65 42 51 31 
1
0
52 67 40 48 31 
2
0
53 63 45 51 33 
3
0
53 62 43 47 34 
4
0
55 59 40 56 38 
5
0
48 57 40 52 36 
6
0
56 60 36 51 35 
7
0
47 62 44 52 30 
8
0
47 61 45 53 36 
9
0
52 63 39 46 38 
10
0
49 67 37 54 32 
11
0
52 66 45 55 37 
12
0
49 64 42 54 39 
13
0
50 59 42 52 39 
14
0
48 63 40 54 34 
15
0
49 64 44 53 34 
16
0
47 68 37 56 33 
17
0
55 59 42 55 31 
18
0
47 61 37 51 36 
19
0
49 67 40 55 36 
20
0
51 64 41 49 36 
21
0
58 64 39 53 36 
22
0
52 68 37 53 35 
23
0
49 62 36 53 32 
24
0
47 65 40 55 30 
25
0
54 67 45 47 35 
26
0
55 59 38 47 37 
27
0
57 67 35 55 37 
28
0
48 61 42 54 36 
29
0
57 60 40 46 38 
