20
10
2010003
0
0
69 28 57 22 32 89 40 13 29 84 
1
0
76 21 55 22 36 81 38 12 28 85 
2
0
67 30 61 18 34 88 39 13 34 79 
3
0
74 24 59 20 34 85 45 6 28 77 
4
0
72 27 62 26 40 90 45 8 31 85 
5
0
75 20 61 25 35 84 45 11 35 85 
6
0
67 30 54 24 40 81 45 13 31 81 
7
0
75 22 60 25 38 79 43 14 25 84 
8
0
71 26 55 18 38 90 36 13 27 79 
9
0
69 23 55 24 32 81 46 15 27 79 
10
0
71 23 58 25 36 81 43 7 25 84 
11
0
75 28 59 21 37 81 44 6 31 82 
12
0
66 28 62 21 41 81 42 12 32 81 
13
0
66 28 56 26 36 81 36 8 25 85 
14
0
76 24 61 26 35 89 41 11 28 83 
15
0
69 23 52 20 37 79 39 13 30 81 
16
0
70 21 57 18 34 82 36 7 34 80 
17
0
72 28 56 24 39 87 37 9 32 79 
18
0
67 29 57 17 33 84 38 5 32 82 
19
0
66 20 56 18 37 85 37 12 27 82 
