200
20
20020028
0
0
64 69 67 62 62 67 68 62 72 65 65 67 68 66 69 66 71 62 67 71 
1
0
93 91 93 93 91 94 92 87 89 84 86 93 94 88 93 85 86 88 88 86 
2
0
51 42 46 49 47 43 47 51 45 50 48 52 50 48 52 48 47 44 47 48 
3
0
45 38 43 38 46 43 38 44 42 46 45 42 38 46 47 44 43 41 46 42 
4
0
89 84 85 88 86 91 87 81 89 85 85 86 86 83 89 87 89 88 86 82 
5
0
30 30 38 39 31 38 31 32 32 36 32 32 35 34 30 33 30 37 30 30 
6
0
18 20 22 28 20 19 21 20 19 23 27 25 22 28 23 21 22 24 25 27 
7
0
44 47 38 43 39 44 41 38 47 38 43 46 47 37 43 41 47 44 38 37 
8
0
83 78 80 85 84 84 84 83 81 82 84 79 78 81 84 81 85 80 84 82 
9
0
2 11 7 11 10 7 13 8 6 11 4 11 8 3 9 8 6 7 4 11 
10
0
28 28 36 29 32 29 36 26 30 34 31 26 27 34 33 32 30 32 28 28 
11
0
83 88 83 90 83 85 88 88 81 80 83 90 86 84 84 90 88 86 88 86 
12
0
12 5 7 9 13 8 7 7 6 10 5 8 11 8 12 7 3 4 9 10 
13
0
64 65 66 64 65 68 63 62 67 63 70 64 68 70 62 71 67 67 65 68 
14
0
36 38 45 43 45 41 36 46 40 42 44 45 36 36 43 37 43 42 40 38 
15
0
65 69 70 69 67 74 72 72 72 65 72 67 74 73 66 68 68 71 72 73 
16
0
65 62 60 64 59 64 67 68 69 65 69 58 59 66 64 58 67 59 68 66 
17
0
22 15 16 23 20 17 15 15 16 18 19 20 17 22 20 17 22 23 18 25 
18
0
8 7 8 16 10 17 14 9 9 10 17 17 11 9 15 8 12 9 17 15 
19
0
46 39 38 39 37 37 45 40 47 46 44 42 38 46 46 47 37 40 38 47 
20
0
41 43 33 41 33 39 40 35 39 40 42 38 33 33 38 35 38 40 41 41 
21
0
44 45 46 42 40 45 38 38 44 43 44 40 38 41 38 42 43 38 48 39 
22
0
95 100 92 97 98 96 92 90 95 91 95 91 99 92 92 99 97 97 92 93 
23
0
88 94 87 91 93 95 93 88 88 85 86 93 91 95 93 86 85 92 87 88 
24
0
53 48 49 45 50 50 50 48 43 52 52 50 47 49 45 44 46 49 46 53 
25
0
12 15 15 14 18 12 12 20 11 19 19 20 13 14 21 15 21 14 12 19 
26
0
82 80 77 73 77 79 73 72 76 80 72 79 73 75 76 80 80 74 81 81 
27
0
37 36 37 37 37 38 44 41 41 41 39 38 46 36 43 42 36 39 41 45 
28
0
60 54 60 56 61 52 53 56 58 53 55 55 54 59 51 61 60 59 52 54 
29
0
57 60 63 58 63 64 56 64 65 66 61 62 65 64 65 60 55 59 60 57 
30
0
95 91 92 95 88 85 86 91 86 92 88 86 94 86 88 93 91 85 95 91 
31
0
31 25 21 31 25 26 29 30 28 21 21 25 26 22 29 30 23 30 31 26 
32
0
82 77 80 88 87 81 77 81 87 81 77 85 87 77 81 78 87 79 79 77 
33
0
92 86 93 87 85 91 84 91 84 91 83 92 86 84 83 93 82 84 90 86 
34
0
43 37 39 35 39 36 33 34 36 39 37 33 42 35 34 42 43 35 38 35 
35
0
19 10 10 19 17 11 12 12 10 19 18 20 19 13 17 18 19 20 18 11 
36
0
63 66 66 61 69 69 61 59 69 60 63 65 63 63 59 60 66 63 65 62 
37
0
52 45 54 44 50 54 50 52 53 45 49 44 43 52 50 46 50 49 50 49 
38
0
35 32 40 31 40 37 31 31 33 31 35 40 37 39 30 32 31 37 35 35 
39
0
47 41 48 43 47 46 41 44 46 42 39 45 38 37 47 38 42 37 38 46 
40
0
48 42 49 40 48 46 41 41 47 47 40 51 40 45 44 49 48 42 48 46 
41
0
35 34 35 32 33 38 31 29 32 36 28 31 27 34 31 35 38 36 27 32 
42
0
77 73 74 81 82 76 75 77 77 75 74 78 74 73 78 83 83 75 79 81 
43
0
10 15 18 15 21 18 19 10 14 16 14 12 12 12 15 17 13 21 10 19 
44
0
33 32 32 36 37 34 40 34 42 38 34 32 43 39 39 39 34 34 37 34 
45
0
96 90 94 95 93 94 99 97 92 97 98 90 95 93 93 97 99 96 99 95 
46
0
54 62 57 60 55 56 54 63 54 53 60 59 56 58 56 55 55 60 55 56 
47
0
36 39 43 38 37 37 40 44 42 44 36 39 39 37 40 36 37 37 43 38 
48
0
82 81 76 82 82 86 78 78 79 76 76 84 84 78 83 84 83 84 75 76 
49
0
25 21 17 26 25 17 20 25 23 25 17 19 24 17 18 24 17 23 27 19 
50
0
48 54 53 45 45 45 48 45 54 44 45 51 44 51 45 54 52 48 48 44 
51
0
29 23 28 25 26 24 27 27 32 23 26 23 28 31 26 31 26 24 31 25 
52
0
37 26 36 27 26 30 29 28 36 35 27 32 35 33 27 35 29 30 28 36 
53
0
64 71 67 72 70 72 71 69 65 71 72 65 68 66 64 65 64 66 65 62 
54
0
20 14 19 21 12 12 17 17 20 15 23 17 22 16 22 20 17 13 20 21 
55
0
84 90 83 80 91 81 86 84 87 83 84 88 87 90 80 82 82 88 84 83 
56
0
34 43 33 32 35 34 42 35 35 40 42 35 40 39 34 38 35 34 33 40 
57
0
83 83 88 82 80 80 87 85 81 79 79 89 85 86 89 89 79 87 88 85 
58
0
11 8 5 11 9 11 2 7 12 3 5 12 3 6 10 11 8 2 10 12 
59
0
58 64 60 64 59 64 64 62 55 59 63 59 64 60 62 61 57 63 60 64 
60
0
36 33 33 36 27 26 28 36 30 31 32 30 35 28 26 28 32 26 30 29 
61
0
32 36 34 36 39 35 41 36 32 41 32 36 37 37 35 39 37 39 38 35 
62
0
73 76 71 72 71 69 76 76 73 72 76 76 74 68 67 74 71 66 75 74 
63
0
51 40 46 45 42 46 49 49 51 48 45 45 48 42 46 44 42 42 49 43 
64
0
44 42 35 38 43 39 42 44 42 37 36 35 43 40 35 43 42 42 42 41 
65
0
39 43 33 36 34 36 37 34 42 42 38 39 42 41 34 37 34 39 34 34 
66
0
29 28 28 29 31 34 30 35 35 25 33 32 28 33 31 28 26 33 26 32 
67
0
51 51 46 48 56 51 49 51 55 54 53 45 54 55 50 48 47 47 46 46 
68
0
8 10 13 12 14 5 4 10 8 10 9 5 9 9 5 13 5 12 6 10 
69
0
10 10 20 9 20 10 13 17 9 16 10 14 9 10 19 13 17 16 16 19 
70
0
84 81 84 80 81 76 79 79 79 80 80 76 78 84 81 85 80 85 79 75 
71
0
99 91 96 97 94 96 92 100 98 95 97 93 95 94 92 96 91 90 100 90 
72
0
72 66 73 69 73 67 67 66 73 69 68 72 74 72 70 70 68 72 75 70 
73
0
5 3 3 9 3 9 7 9 4 2 12 12 5 5 2 12 11 8 3 12 
74
0
35 40 40 31 35 41 30 30 31 36 39 32 38 33 39 40 33 34 41 41 
75
0
28 31 32 29 26 29 29 31 34 33 29 32 32 24 30 29 28 33 28 33 
76
0
79 88 84 88 86 83 78 87 81 82 81 79 84 78 84 85 79 87 78 89 
77
0
54 55 48 50 49 50 47 49 55 56 52 57 54 50 58 55 48 51 55 54 
78
0
37 43 39 40 44 43 35 38 43 43 43 40 44 39 41 38 43 37 36 35 
79
0
24 25 23 16 23 20 18 14 16 16 25 17 20 22 15 21 14 18 24 17 
80
0
26 30 26 31 29 31 35 32 27 27 26 30 28 26 28 32 24 32 27 29 
81
0
75 75 70 67 70 71 76 72 67 68 66 73 66 66 71 73 74 65 72 66 
82
0
22 28 27 21 22 28 19 27 25 27 24 24 25 23 22 21 25 23 25 28 
83
0
46 49 47 47 53 56 53 50 57 51 47 51 54 57 55 47 48 52 51 53 
84
0
48 53 47 55 46 55 47 45 52 54 53 47 45 49 54 45 48 53 48 54 
85
0
51 54 49 55 58 58 51 52 51 56 56 58 49 58 50 53 54 59 59 50 
86
0
9 9 6 11 10 3 9 9 10 10 9 10 10 8 4 2 12 8 3 5 
87
0
3 1 2 9 11 7 4 4 6 1 3 12 6 6 2 7 6 6 4 3 
88
0
86 84 85 85 79 80 79 81 84 83 77 83 81 85 76 81 81 78 85 81 
89
0
74 75 84 80 84 84 84 78 80 81 81 84 85 84 75 77 83 84 82 75 
90
0
29 33 30 26 27 33 26 24 27 34 23 27 31 31 33 24 30 28 26 26 
91
0
22 24 28 23 32 27 24 30 25 28 30 25 23 30 26 27 25 27 29 25 
92
0
35 26 35 27 27 25 27 33 31 30 29 34 28 26 26 33 28 26 28 32 
93
0
69 75 67 70 67 75 70 70 68 66 69 76 72 74 76 70 70 66 75 70 
94
0
26 29 32 27 24 33 28 23 30 31 29 28 24 23 24 24 23 30 28 29 
95
0
9 14 15 12 6 11 14 10 11 13 13 10 7 8 15 6 8 7 16 14 
96
0
43 49 42 47 49 43 40 48 45 51 47 43 44 49 42 45 47 46 47 46 
97
0
55 53 59 62 54 55 62 59 61 60 59 56 56 54 61 56 64 61 62 58 
98
0
70 69 75 71 65 65 71 69 72 70 74 66 68 70 72 65 73 65 74 66 
99
0
57 52 53 51 48 50 54 50 52 52 51 48 49 51 54 48 54 56 56 57 
100
0
20 18 24 15 16 21 23 16 20 17 17 25 19 16 19 24 22 20 19 22 
101
0
29 22 25 32 25 23 27 26 26 29 27 23 22 32 28 23 27 27 25 25 
102
0
14 7 5 13 8 5 7 11 10 8 14 11 15 9 7 11 11 13 9 10 
103
0
51 52 52 47 50 51 50 45 51 49 51 51 44 44 48 46 43 49 44 49 
104
0
79 79 81 80 76 77 78 77 79 76 80 74 73 79 79 71 78 79 77 77 
105
0
85 82 89 83 89 83 89 85 89 81 81 91 88 87 81 90 91 83 86 82 
106
0
91 88 84 88 82 81 86 81 81 89 86 83 87 89 80 84 85 86 89 91 
107
0
35 34 27 34 27 28 33 31 34 31 32 33 31 32 35 31 30 33 35 35 
108
0
62 55 56 56 60 60 62 52 54 56 57 57 59 54 54 53 55 62 60 62 
109
0
80 84 75 80 80 78 82 83 78 81 81 75 78 83 77 76 77 83 74 77 
110
0
75 72 83 77 73 82 72 77 73 76 81 72 77 79 73 73 72 77 77 78 
111
0
42 46 45 46 47 49 43 44 41 50 46 42 49 45 45 47 47 49 48 43 
112
0
44 42 48 45 42 47 42 46 44 45 43 42 44 44 52 43 49 47 50 47 
113
0
39 35 40 34 34 38 41 43 35 36 40 38 36 39 41 38 40 38 39 37 
114
0
87 86 87 91 86 85 83 83 90 88 92 83 83 92 87 89 83 83 90 86 
115
0
97 88 88 91 89 88 92 90 90 98 95 87 98 95 89 95 96 97 97 96 
116
0
79 76 77 73 76 75 76 72 78 79 74 79 71 72 76 74 78 71 69 71 
117
0
28 23 22 29 25 22 25 29 24 26 24 26 24 23 22 21 23 25 29 20 
118
0
11 8 13 9 7 10 13 6 13 7 11 11 4 8 13 8 9 13 12 11 
119
0
63 65 64 63 57 56 63 61 59 64 61 65 60 62 60 63 65 65 59 57 
120
0
18 10 16 18 15 11 10 8 14 15 9 9 8 11 11 16 12 9 12 16 
121
0
52 53 54 52 48 53 57 56 57 49 48 57 56 48 52 57 50 50 54 50 
122
0
80 81 87 79 79 88 87 88 78 85 83 85 81 84 84 78 84 82 83 82 
123
0
42 43 40 43 37 40 37 41 40 38 45 39 38 40 37 47 42 42 41 37 
124
0
12 9 12 6 9 7 5 8 14 6 6 8 6 9 15 6 10 12 14 9 
125
0
50 46 47 47 46 41 44 44 49 41 40 44 47 44 48 50 49 48 43 43 
126
0
82 81 84 86 86 76 81 81 76 81 78 79 81 79 83 76 81 77 82 85 
127
0
66 72 63 63 65 68 61 65 68 63 67 63 63 62 61 61 61 62 68 68 
128
0
31 35 37 40 41 33 35 37 37 35 37 39 37 35 40 40 34 41 37 31 
129
0
75 73 72 74 78 73 72 72 74 81 81 82 78 72 75 81 73 73 75 75 
130
0
74 70 74 73 65 74 73 73 66 73 68 64 71 74 73 69 66 64 68 68 
131
0
5 2 6 3 6 11 11 3 5 4 4 12 9 8 11 6 5 10 1 11 
132
0
88 92 94 95 94 86 86 86 86 89 93 86 93 88 86 93 87 93 93 92 
133
0
81 83 80 82 80 83 84 89 80 83 81 88 83 86 81 80 80 85 87 89 
134
0
34 36 41 42 35 35 36 38 34 33 32 38 40 33 34 32 40 32 35 37 
135
0
65 58 65 65 61 68 60 57 58 65 66 61 63 59 58 60 66 66 62 58 
136
0
37 37 32 39 35 37 35 32 33 39 40 38 39 39 32 39 39 30 34 31 
137
0
10 10 6 2 9 7 10 2 8 11 5 5 8 2 4 11 1 11 2 4 
138
0
34 32 35 25 26 26 31 31 28 35 27 34 33 25 30 27 26 33 33 25 
139
0
84 88 79 89 80 87 80 89 84 85 82 85 84 86 89 89 85 81 87 82 
140
0
88 90 82 88 81 89 85 81 84 80 84 86 88 87 89 82 82 82 81 81 
141
0
23 16 18 23 21 24 23 20 18 19 21 20 22 23 16 18 17 21 15 21 
142
0
58 62 65 61 64 68 69 63 64 68 61 61 59 67 64 60 62 63 63 68 
143
0
67 67 69 68 68 59 68 67 64 61 69 67 69 62 67 65 63 68 63 65 
144
0
66 62 63 57 62 67 67 67 67 62 64 62 66 59 59 67 57 61 63 64 
145
0
78 82 79 78 86 77 77 77 76 85 79 83 78 78 78 75 80 78 83 78 
146
0
96 96 91 97 90 97 92 87 95 92 91 95 88 97 96 87 95 94 88 91 
147
0
81 82 79 80 76 82 83 81 81 83 85 81 79 78 84 84 80 84 84 78 
148
0
29 31 35 34 32 28 36 34 34 36 31 31 31 32 33 30 35 28 38 27 
149
0
41 38 37 38 36 34 32 39 35 41 40 40 40 32 39 41 39 35 40 38 
150
0
51 52 53 47 53 45 45 45 50 47 44 55 55 44 48 45 49 51 53 54 
151
0
22 22 27 18 19 19 28 21 24 27 28 21 22 25 28 24 23 23 20 22 
152
0
37 39 40 41 33 38 40 37 41 33 35 32 39 40 36 38 33 35 40 36 
153
0
52 52 53 47 44 50 51 51 49 47 43 46 52 52 44 43 50 52 48 50 
154
0
28 33 36 28 34 36 31 33 35 30 28 35 28 28 31 29 27 28 37 31 
155
0
45 39 38 39 41 35 44 42 38 44 38 37 45 44 44 38 45 40 42 41 
156
0
4 12 2 5 6 5 11 3 11 2 4 7 4 7 7 11 7 9 9 6 
157
0
83 92 81 84 84 89 83 91 89 85 85 87 82 88 89 84 89 91 84 89 
158
0
79 82 78 87 82 78 82 87 81 77 83 79 78 78 83 86 86 84 79 87 
159
0
67 66 64 72 64 64 68 72 67 64 70 72 67 66 62 68 65 73 63 62 
160
0
70 71 75 71 76 70 75 72 70 75 70 74 73 76 73 72 69 73 76 74 
161
0
13 13 16 14 20 11 17 16 11 17 12 21 15 19 12 17 11 13 21 14 
162
0
91 96 97 89 96 88 90 91 98 98 92 98 98 97 94 89 92 95 96 90 
163
0
89 90 94 91 88 92 94 91 94 92 93 90 97 94 89 89 98 98 97 94 
164
0
45 49 49 50 44 49 46 45 41 41 48 44 50 41 41 47 43 47 45 47 
165
0
19 19 24 19 25 24 22 25 24 27 26 26 25 23 29 19 24 26 20 19 
166
0
56 46 49 49 55 47 55 53 56 54 50 48 49 46 51 49 53 53 53 53 
167
0
65 63 69 65 67 65 63 62 66 70 60 66 70 64 70 67 70 63 62 60 
168
0
25 33 33 29 29 31 24 31 28 29 30 29 24 32 22 28 24 32 23 31 
169
0
3 10 3 11 7 4 5 12 12 6 10 4 5 7 12 7 7 12 10 7 
170
0
94 92 89 86 90 93 93 90 86 90 94 92 87 94 91 87 85 93 88 89 
171
0
43 46 50 44 44 49 43 49 43 47 45 41 44 46 40 40 41 40 42 46 
172
0
64 62 59 54 60 58 58 59 54 61 63 64 55 60 57 58 57 63 62 56 
173
0
15 16 18 14 20 18 24 18 21 22 17 24 23 15 24 18 22 19 14 17 
174
0
28 32 33 30 35 34 26 36 28 30 33 35 35 27 33 33 27 31 34 26 
175
0
18 11 9 15 16 19 8 19 16 17 14 12 19 9 16 18 14 17 12 10 
176
0
12 5 4 9 12 8 8 11 13 6 7 14 6 7 12 13 5 8 10 11 
177
0
81 79 77 84 78 82 80 80 79 84 82 87 78 86 79 80 82 80 84 84 
178
0
10 8 5 4 13 12 14 5 6 12 13 11 14 8 11 10 10 9 10 5 
179
0
12 7 11 2 10 5 2 4 9 11 9 3 12 8 6 10 8 2 11 5 
180
0
88 84 84 89 88 84 92 88 84 85 91 87 82 84 83 85 84 81 82 84 
181
0
37 40 35 37 36 38 42 34 37 35 41 43 38 40 42 43 35 35 39 35 
182
0
91 94 88 85 88 89 87 94 85 90 94 87 85 87 87 94 86 84 88 93 
183
0
10 11 7 11 8 10 2 11 9 6 11 9 8 2 3 5 7 7 6 2 
184
0
39 37 42 43 38 43 39 37 38 43 40 40 41 37 38 39 41 39 41 39 
185
0
62 59 60 58 62 62 62 60 59 52 55 57 53 61 59 62 62 55 60 58 
186
0
72 75 73 71 72 71 68 74 69 72 69 67 73 73 70 74 70 70 74 74 
187
0
68 71 69 67 70 71 74 68 71 73 65 76 76 67 72 74 67 71 73 70 
188
0
29 26 36 27 27 31 29 26 32 27 32 25 35 26 33 34 28 36 26 32 
189
0
62 54 59 54 59 56 59 60 57 53 54 55 53 59 61 56 61 52 59 55 
190
0
25 26 27 28 26 29 36 27 34 31 28 30 35 28 25 25 34 36 29 32 
191
0
66 61 66 61 62 64 64 63 59 65 64 62 66 65 57 64 67 60 66 57 
192
0
6 7 14 16 5 13 12 6 13 15 15 12 9 12 7 13 6 15 16 12 
193
0
84 85 80 75 78 76 74 82 78 74 77 74 79 75 78 78 85 83 80 76 
194
0
85 95 84 93 86 86 94 90 84 86 91 94 85 94 85 84 85 89 94 84 
195
0
14 10 16 16 13 15 13 10 17 13 14 16 17 7 9 15 10 7 11 16 
196
0
37 27 28 31 28 29 31 33 36 34 37 34 36 30 29 29 37 37 28 33 
197
0
55 50 52 47 57 48 55 54 55 54 54 50 49 57 51 52 55 49 50 48 
198
0
61 67 63 61 68 58 63 68 65 61 60 60 66 60 68 68 63 60 68 68 
199
0
39 36 36 33 42 36 41 33 34 34 33 43 34 36 41 37 39 34 40 37 
