30
10
3010101
0
0
56 64 18 14 11 76 97 34 43 77 
1
0
3 9 87 65 6 44 19 35 36 34 
2
0
34 2 95 35 11 46 91 81 88 67 
3
0
22 98 38 68 57 35 5 23 72 56 
4
0
20 81 41 59 35 76 44 65 64 54 
5
0
27 18 71 94 66 71 38 71 43 15 
6
0
5 98 84 74 60 40 66 6 4 59 
7
0
36 96 18 2 75 54 67 14 99 43 
8
0
79 62 12 19 95 21 30 76 37 72 
9
0
3 30 17 75 8 82 6 7 85 71 
10
0
98 99 92 24 48 72 21 16 14 68 
11
0
74 60 66 54 50 84 29 12 87 98 
12
0
62 79 21 25 71 97 79 23 68 13 
13
0
54 16 79 40 92 4 64 15 78 6 
14
0
92 71 16 66 23 17 37 24 77 93 
15
0
9 85 84 72 43 30 8 29 57 34 
16
0
43 30 70 28 98 29 12 42 57 15 
17
0
32 81 85 14 24 65 39 73 31 72 
18
0
83 54 84 1 5 90 64 94 99 13 
19
0
88 41 48 50 14 68 43 60 32 77 
20
0
94 70 68 38 52 73 14 29 64 36 
21
0
23 86 44 46 7 5 93 12 63 78 
22
0
18 6 38 40 5 93 65 34 45 16 
23
0
82 36 99 78 17 3 26 1 46 63 
24
0
80 87 56 48 65 51 68 27 77 17 
25
0
84 49 27 28 4 38 99 5 81 77 
26
0
61 46 15 38 83 23 76 4 65 21 
27
0
13 9 38 55 9 84 30 56 44 60 
28
0
8 22 16 19 94 14 57 45 19 29 
29
0
51 74 11 23 14 91 55 94 22 41 
