200
10
20010025
0
0
59 59 61 63 63 65 65 55 57 56 
1
0
57 62 60 54 64 63 61 62 62 55 
2
0
37 38 32 40 40 37 35 38 41 42 
3
0
20 11 16 18 19 20 13 19 17 11 
4
0
90 92 95 90 88 94 93 91 95 89 
5
0
33 30 31 30 33 30 23 24 26 31 
6
0
28 26 31 27 33 30 32 29 28 27 
7
0
73 71 78 72 70 77 78 75 79 71 
8
0
16 17 19 23 20 20 15 19 24 17 
9
0
69 60 66 67 64 58 65 63 65 65 
10
0
69 69 65 72 70 63 63 66 70 72 
11
0
64 69 66 72 67 65 70 64 67 70 
12
0
36 37 35 33 28 27 28 28 33 29 
13
0
48 50 44 50 49 45 47 50 48 48 
14
0
92 91 93 90 94 94 89 89 89 87 
15
0
33 28 25 24 32 24 30 24 31 24 
16
0
25 21 17 25 23 20 16 25 22 19 
17
0
62 67 69 66 66 66 69 65 63 60 
18
0
66 66 69 64 63 66 68 68 68 68 
19
0
31 38 33 31 28 27 35 33 34 32 
20
0
73 78 73 77 82 81 83 78 74 82 
21
0
6 8 8 7 7 13 8 10 8 9 
22
0
57 67 64 59 62 57 59 66 66 59 
23
0
36 41 37 34 34 38 32 39 40 37 
24
0
22 24 29 26 28 28 24 31 28 26 
25
0
23 21 23 21 28 28 26 27 24 24 
26
0
67 68 71 71 74 66 67 72 70 70 
27
0
81 84 76 80 83 78 76 84 77 79 
28
0
58 60 68 68 67 65 66 60 59 68 
29
0
63 71 67 69 61 61 66 64 66 62 
30
0
5 6 12 9 9 15 13 14 7 12 
31
0
70 69 64 70 66 69 68 66 71 63 
32
0
50 45 49 52 54 44 48 46 46 50 
33
0
53 61 55 59 57 55 62 62 53 57 
34
0
68 76 69 67 74 74 68 76 70 73 
35
0
20 20 22 14 18 15 18 15 16 13 
36
0
45 48 50 56 52 51 54 54 49 45 
37
0
21 14 13 14 12 20 15 22 17 13 
38
0
41 33 35 42 38 38 37 34 35 40 
39
0
22 13 18 15 17 22 19 21 12 21 
40
0
39 35 37 41 43 40 37 42 32 40 
41
0
77 74 82 82 81 79 80 79 74 78 
42
0
37 40 40 44 44 42 47 47 38 40 
43
0
36 34 38 29 36 30 38 37 38 30 
44
0
32 31 33 31 36 37 36 33 33 32 
45
0
88 93 87 97 87 96 92 94 91 88 
46
0
24 25 26 28 21 20 26 28 22 23 
47
0
46 44 48 43 52 49 51 47 47 52 
48
0
75 78 79 80 79 77 76 74 71 74 
49
0
11 10 15 14 8 14 10 12 10 16 
50
0
56 61 60 53 56 51 61 57 61 53 
51
0
37 33 32 33 33 35 41 31 41 35 
52
0
78 74 75 70 76 74 80 69 70 75 
53
0
76 78 79 78 77 73 73 83 83 82 
54
0
36 41 35 32 41 41 32 34 33 36 
55
0
36 34 32 35 32 38 41 38 40 30 
56
0
6 12 12 6 8 9 8 12 5 5 
57
0
63 67 67 63 63 69 70 65 64 66 
58
0
62 62 56 64 64 58 62 63 63 59 
59
0
61 60 54 56 59 56 55 57 56 59 
60
0
18 11 18 16 19 19 11 12 14 10 
61
0
33 33 32 36 34 29 30 33 33 28 
62
0
61 65 69 69 61 65 59 65 64 69 
63
0
59 58 57 64 60 62 64 55 58 56 
64
0
44 47 49 42 43 46 50 43 46 41 
65
0
82 83 84 83 87 81 77 76 80 80 
66
0
49 49 44 42 46 39 45 44 46 44 
67
0
35 29 29 35 29 36 29 31 31 27 
68
0
77 80 81 81 83 82 86 85 82 83 
69
0
90 82 89 83 80 81 86 90 84 89 
70
0
23 26 21 21 19 25 24 26 25 23 
71
0
76 74 75 80 76 79 82 75 82 76 
72
0
98 98 95 97 88 90 91 89 90 91 
73
0
14 21 14 22 21 22 16 15 13 18 
74
0
38 28 28 29 32 34 28 28 35 28 
75
0
61 60 54 59 60 62 55 54 54 63 
76
0
39 46 49 46 42 46 49 38 48 46 
77
0
42 42 36 46 39 46 40 36 36 42 
78
0
49 50 43 49 45 44 53 52 53 48 
79
0
63 65 71 69 69 62 64 63 70 68 
80
0
69 73 65 66 66 65 67 75 69 67 
81
0
71 80 81 72 72 78 72 72 70 75 
82
0
77 79 79 75 75 71 74 80 80 77 
83
0
70 61 64 63 62 67 63 62 69 68 
84
0
51 55 57 54 48 52 55 56 50 54 
85
0
58 55 53 62 58 60 58 60 54 60 
86
0
23 20 20 23 19 22 18 16 22 24 
87
0
4 2 9 8 11 4 4 8 4 11 
88
0
31 37 42 37 32 38 40 38 41 41 
89
0
10 18 17 19 10 10 18 18 16 15 
90
0
44 54 53 44 50 44 44 45 48 46 
91
0
28 26 22 29 27 29 30 23 22 26 
92
0
88 91 95 96 93 93 89 93 86 89 
93
0
33 34 38 32 31 34 31 36 37 37 
94
0
57 52 54 50 57 51 60 57 60 55 
95
0
37 46 42 40 39 38 46 38 38 37 
96
0
14 8 6 11 7 14 14 12 3 13 
97
0
46 49 49 45 51 52 54 50 46 51 
98
0
77 70 68 67 71 74 74 75 71 74 
99
0
19 26 25 23 20 20 26 24 25 27 
100
0
82 81 75 76 82 82 75 79 78 83 
101
0
66 64 70 63 66 71 71 63 70 65 
102
0
24 28 33 31 27 27 33 34 35 25 
103
0
47 49 43 39 48 43 46 42 44 43 
104
0
13 19 18 17 15 21 18 18 15 19 
105
0
38 36 39 38 42 40 35 42 38 36 
106
0
18 21 28 24 19 20 19 18 27 25 
107
0
23 21 18 25 24 18 20 24 26 20 
108
0
84 91 89 82 86 83 92 82 83 82 
109
0
57 56 55 61 60 65 57 62 60 60 
110
0
51 50 52 52 49 56 56 54 49 55 
111
0
5 5 14 5 12 8 14 10 12 10 
112
0
46 38 44 37 43 43 42 38 46 47 
113
0
59 51 48 59 54 56 54 51 52 53 
114
0
49 44 49 42 48 49 45 50 44 50 
115
0
65 70 71 74 75 65 66 70 73 72 
116
0
6 5 9 13 12 14 9 15 15 15 
117
0
87 82 87 85 86 86 86 80 82 80 
118
0
69 75 76 67 70 66 76 71 76 71 
119
0
84 81 76 74 81 76 74 76 74 81 
120
0
12 10 9 12 7 6 8 13 7 6 
121
0
77 80 80 79 79 79 74 78 77 75 
122
0
76 82 76 83 76 84 76 81 84 77 
123
0
42 45 40 49 47 45 39 44 48 49 
124
0
38 39 34 38 31 39 38 36 35 31 
125
0
5 10 8 2 9 10 9 11 4 5 
126
0
12 7 15 13 14 9 12 12 14 11 
127
0
39 30 36 36 31 39 37 35 35 35 
128
0
71 72 77 78 77 74 69 72 75 74 
129
0
77 83 78 79 81 83 75 74 83 82 
130
0
56 59 59 58 62 57 60 60 60 58 
131
0
40 36 41 39 35 43 36 44 36 39 
132
0
65 68 67 75 64 65 64 75 68 74 
133
0
77 69 78 77 75 76 78 73 71 76 
134
0
70 65 73 65 72 68 72 68 72 70 
135
0
13 10 18 16 9 16 14 13 10 19 
136
0
42 49 46 47 48 45 39 43 49 42 
137
0
82 81 89 87 88 90 87 89 90 87 
138
0
49 46 51 50 46 53 46 52 50 49 
139
0
91 90 92 92 95 88 89 93 89 92 
140
0
76 73 71 73 74 68 71 72 71 76 
141
0
20 16 22 21 17 21 19 14 21 16 
142
0
91 88 95 85 91 85 96 86 94 95 
143
0
42 50 50 48 46 45 47 43 47 47 
144
0
72 74 68 66 69 70 66 66 66 65 
145
0
69 68 67 70 73 70 71 73 75 72 
146
0
12 14 14 19 17 18 12 23 21 17 
147
0
53 45 52 50 46 46 51 53 44 44 
148
0
44 52 49 46 54 50 53 51 53 46 
149
0
58 57 65 56 65 59 62 66 59 58 
150
0
79 82 84 83 80 80 80 82 84 84 
151
0
51 49 54 58 54 51 49 53 56 55 
152
0
39 39 36 43 40 35 41 39 36 45 
153
0
11 8 13 15 9 12 13 13 12 10 
154
0
37 39 33 32 32 33 41 36 37 41 
155
0
86 83 84 84 80 77 82 87 87 84 
156
0
28 23 25 23 22 20 22 19 22 28 
157
0
40 46 45 38 37 40 37 46 38 47 
158
0
56 62 60 56 64 63 55 57 60 57 
159
0
77 72 69 68 68 72 70 69 69 67 
160
0
45 46 43 48 48 46 43 49 50 45 
161
0
78 87 84 78 88 81 78 87 80 85 
162
0
92 89 96 87 95 87 95 91 89 92 
163
0
64 61 64 58 58 57 57 62 57 64 
164
0
53 44 46 53 49 48 48 50 46 44 
165
0
46 47 44 42 46 50 48 51 49 43 
166
0
23 23 28 20 20 22 22 20 19 24 
167
0
81 81 82 82 80 74 83 79 79 78 
168
0
47 57 51 56 51 55 55 51 48 51 
169
0
36 30 29 32 31 31 31 29 38 34 
170
0
66 71 69 71 68 63 62 66 61 70 
171
0
19 23 18 25 22 22 21 15 23 20 
172
0
28 35 28 35 33 25 35 28 29 31 
173
0
45 45 38 42 47 41 44 40 39 39 
174
0
85 88 91 95 94 92 91 92 87 88 
175
0
14 16 6 14 8 9 14 15 5 9 
176
0
35 27 27 35 36 25 31 29 32 34 
177
0
59 65 64 66 60 60 66 63 65 58 
178
0
13 21 17 18 14 18 22 20 17 20 
179
0
100 94 94 99 93 98 96 100 90 100 
180
0
15 18 21 12 19 19 15 14 12 14 
181
0
20 23 25 27 23 24 27 26 20 17 
182
0
48 49 47 48 46 50 55 56 48 52 
183
0
86 88 82 84 82 87 81 81 84 86 
184
0
92 91 88 88 90 91 88 86 88 83 
185
0
6 7 5 5 14 6 13 6 11 14 
186
0
29 28 27 28 24 29 23 26 25 31 
187
0
6 10 14 11 15 8 8 12 11 5 
188
0
91 92 99 88 88 98 99 95 95 91 
189
0
48 41 43 41 48 48 43 43 51 45 
190
0
85 78 86 77 82 83 82 77 75 81 
191
0
66 64 65 69 61 67 63 64 67 65 
192
0
67 67 64 62 67 70 71 69 68 62 
193
0
10 16 14 17 10 8 16 13 17 11 
194
0
94 90 95 85 93 92 90 90 87 86 
195
0
73 79 79 74 75 81 76 74 74 79 
196
0
66 70 68 65 67 68 67 65 60 61 
197
0
32 37 27 28 35 29 32 31 33 37 
198
0
31 28 33 36 30 36 28 28 30 31 
199
0
88 83 83 86 86 82 83 81 81 80 
