30
20
3020101
0
0
62 61 65 67 67 63 57 65 68 57 67 60 60 63 58 67 60 68 61 66 
1
0
96 88 91 87 88 89 86 90 95 86 92 92 93 91 90 86 97 93 90 87 
2
0
44 46 44 43 46 43 42 43 38 45 41 42 42 43 43 39 40 44 37 46 
3
0
72 68 66 69 72 70 74 64 63 74 70 67 69 71 74 69 73 64 64 69 
4
0
11 8 9 11 12 4 13 9 8 11 12 9 5 7 11 6 11 7 11 13 
5
0
28 32 30 28 35 28 27 26 35 32 25 25 27 30 24 34 25 30 25 34 
6
0
61 61 57 56 52 52 56 55 59 56 58 61 61 58 53 57 59 59 59 52 
7
0
9 10 7 11 15 17 10 11 12 8 13 13 8 9 8 13 17 7 10 16 
8
0
78 76 75 77 69 71 78 78 80 77 80 72 71 73 78 79 79 76 79 75 
9
0
68 68 66 61 67 64 67 67 69 63 69 58 60 63 63 60 59 66 68 68 
10
0
45 47 53 48 47 48 50 55 56 50 56 50 46 50 53 47 48 50 55 46 
11
0
37 38 36 35 31 36 36 34 33 34 30 30 30 34 30 28 30 31 29 35 
12
0
19 24 27 24 28 25 24 27 26 28 27 27 24 20 28 27 23 22 27 20 
13
0
66 69 67 65 67 67 68 65 68 68 69 70 71 66 66 70 74 65 70 67 
14
0
16 18 23 18 16 21 15 25 18 20 22 17 19 22 19 21 19 17 24 23 
15
0
4 5 3 8 9 6 7 4 13 4 11 4 11 12 6 11 12 6 10 8 
16
0
28 22 30 30 28 28 29 26 30 25 26 30 27 21 24 30 20 27 28 29 
17
0
72 69 75 70 68 69 75 76 69 76 68 77 74 77 74 68 78 70 78 70 
18
0
58 64 57 61 61 61 57 55 54 57 63 64 58 60 60 58 56 54 60 56 
19
0
96 96 96 95 94 98 95 98 91 95 94 92 89 99 94 95 94 94 95 97 
20
0
88 86 93 91 85 94 87 87 94 90 94 86 88 86 91 87 90 89 91 91 
21
0
98 98 94 91 93 99 90 90 89 98 94 93 94 95 94 89 97 91 90 96 
22
0
9 15 12 17 16 12 12 9 11 12 9 16 16 9 11 12 11 13 18 15 
23
0
46 45 42 40 49 40 45 44 42 44 42 48 42 46 38 39 47 39 42 48 
24
0
98 98 92 92 91 91 93 98 94 96 91 97 90 97 93 88 94 91 94 94 
25
0
84 90 85 87 88 92 86 89 85 86 87 91 87 86 83 92 90 92 83 85 
26
0
61 62 66 67 66 59 58 66 58 64 63 67 63 60 58 58 68 61 57 60 
27
0
30 34 36 35 37 36 39 41 39 32 38 33 38 34 31 36 36 38 35 32 
28
0
10 13 19 18 12 16 13 15 18 17 18 15 19 10 18 9 10 11 11 16 
29
0
80 79 78 81 76 76 83 80 82 84 75 79 84 81 81 78 84 76 75 80 
