50
20
5020003
0
0
27 84 93 70 29 29 50 24 24 38 83 17 71 95 28 2 82 12 70 46 
1
0
37 82 95 67 35 30 51 19 30 35 79 14 71 86 23 6 74 4 69 48 
2
0
27 83 96 71 32 31 48 25 31 39 86 13 65 96 26 4 83 4 72 49 
3
0
28 87 88 74 33 31 43 26 25 34 77 10 62 88 30 12 77 12 68 54 
4
0
35 88 97 74 29 34 45 24 30 36 81 9 70 90 32 4 76 11 70 53 
5
0
27 83 95 76 29 32 47 27 25 39 86 18 65 87 26 12 82 13 72 49 
6
0
36 84 94 70 32 31 41 20 32 38 84 10 70 92 27 6 83 5 70 53 
7
0
37 81 96 67 31 28 43 20 27 37 77 11 66 87 33 3 82 6 72 51 
8
0
28 83 90 70 32 35 51 24 30 44 75 12 64 91 32 10 84 4 74 47 
9
0
33 85 93 70 33 33 47 16 25 37 86 16 69 86 25 4 80 5 66 55 
10
0
34 82 96 72 34 34 49 18 34 35 79 16 66 95 30 5 75 5 68 55 
11
0
32 84 90 74 31 34 49 26 26 36 86 10 68 90 30 2 83 9 71 46 
12
0
27 84 91 70 28 33 46 26 25 38 82 19 70 96 22 3 80 14 74 49 
13
0
32 85 91 66 27 37 43 20 25 36 84 14 67 93 26 7 78 11 74 55 
14
0
32 82 89 72 36 32 43 18 32 39 81 19 66 93 27 9 74 9 70 48 
15
0
36 84 89 74 36 28 42 19 24 43 76 14 65 89 31 3 83 6 75 48 
16
0
36 84 89 75 30 30 49 16 28 34 82 17 71 93 29 5 74 6 68 52 
17
0
34 86 95 72 32 37 41 26 31 42 78 14 69 87 27 6 81 3 73 45 
18
0
29 81 90 76 31 32 50 18 33 40 80 19 66 93 28 8 78 10 75 48 
19
0
35 88 87 69 28 36 40 20 33 38 86 19 68 89 31 11 81 8 69 47 
20
0
27 85 91 70 28 36 48 24 26 44 84 15 63 97 25 2 79 7 74 49 
21
0
32 83 87 67 36 35 42 26 31 42 79 17 62 92 22 8 79 13 69 49 
22
0
37 86 92 74 33 34 42 25 27 36 79 12 64 88 26 12 75 13 71 53 
23
0
30 85 89 71 31 32 45 21 24 41 77 18 61 95 25 11 84 4 71 46 
24
0
27 82 97 69 36 31 40 25 30 39 79 17 61 88 27 12 79 10 73 53 
25
0
26 88 87 77 33 33 46 19 26 43 86 15 71 91 23 6 82 3 69 49 
26
0
28 90 91 69 31 30 44 24 26 41 78 17 64 95 29 3 75 10 76 48 
27
0
26 82 95 69 28 35 45 24 30 35 81 12 71 97 27 5 82 12 69 46 
28
0
36 84 93 69 30 28 50 24 30 37 86 13 70 87 30 5 82 7 76 45 
29
0
29 86 91 69 32 33 50 16 26 43 84 11 66 90 31 10 80 13 74 54 
30
0
31 90 87 68 34 30 46 20 24 36 77 11 68 90 31 7 80 10 68 48 
31
0
35 87 97 72 28 34 51 23 35 37 78 18 67 93 32 9 79 7 68 45 
32
0
26 82 90 74 37 34 47 19 24 38 76 17 65 87 30 4 75 8 67 46 
33
0
29 89 92 73 33 39 45 22 31 36 80 15 67 91 31 2 78 13 67 52 
34
0
35 83 88 69 26 30 44 18 33 39 79 15 66 93 32 11 82 5 67 54 
35
0
32 85 93 77 30 39 41 20 28 39 84 10 65 95 26 3 76 10 70 55 
36
0
36 86 90 70 33 36 42 22 35 39 81 18 63 96 25 12 79 5 76 55 
37
0
33 82 97 66 37 33 47 19 27 40 80 14 67 92 24 8 76 11 75 52 
38
0
29 91 88 70 26 35 40 17 25 44 75 14 62 94 28 11 76 8 68 52 
39
0
37 86 90 67 32 38 40 23 26 44 82 17 66 91 25 11 84 7 74 54 
40
0
30 87 90 75 35 29 48 26 34 35 80 12 62 94 24 2 74 9 73 47 
41
0
30 86 92 68 33 33 47 23 28 35 81 16 70 93 30 4 74 11 67 45 
42
0
32 91 87 71 37 36 50 24 25 40 82 16 65 89 24 4 77 11 73 47 
43
0
28 91 94 68 26 37 41 27 31 33 82 16 65 93 32 9 77 3 73 50 
44
0
30 88 87 72 34 28 46 24 34 35 85 17 64 92 27 6 84 13 68 48 
45
0
28 90 90 70 27 29 44 25 29 41 76 16 71 97 24 7 74 9 75 50 
46
0
31 86 92 69 33 35 41 19 32 38 84 14 68 87 24 6 79 12 72 55 
47
0
36 82 94 72 31 28 44 19 31 34 86 13 63 88 31 10 74 11 73 52 
48
0
32 86 92 70 35 31 49 26 24 43 85 18 62 89 29 4 83 12 70 54 
49
0
27 87 87 74 31 31 51 24 27 37 81 16 63 95 30 7 81 5 72 47 
