100
5
10005016
0
0
30 87 6 47 35 
1
0
67 76 75 87 5 
2
0
34 37 52 73 12 
3
0
90 53 37 35 41 
4
0
73 83 65 73 81 
5
0
17 53 24 2 16 
6
0
14 14 14 88 37 
7
0
36 34 7 79 37 
8
0
41 21 11 77 83 
9
0
38 57 60 42 19 
10
0
42 69 21 28 11 
11
0
12 94 5 80 49 
12
0
58 28 82 87 82 
13
0
52 75 22 49 11 
14
0
51 16 60 49 44 
15
0
91 79 1 32 19 
16
0
33 62 68 12 2 
17
0
48 31 72 12 13 
18
0
72 66 42 15 70 
19
0
65 84 80 84 96 
20
0
85 77 50 47 76 
21
0
97 81 39 91 84 
22
0
73 6 37 89 9 
23
0
2 73 74 47 13 
24
0
28 72 73 98 36 
25
0
85 38 14 87 30 
26
0
21 49 73 33 15 
27
0
68 44 36 23 10 
28
0
22 46 44 58 32 
29
0
12 15 79 6 9 
30
0
47 76 95 93 38 
31
0
58 59 13 81 73 
32
0
40 67 51 41 1 
33
0
22 77 19 90 10 
34
0
4 29 31 33 14 
35
0
68 20 64 55 47 
36
0
99 3 93 42 85 
37
0
2 6 52 65 5 
38
0
89 56 84 70 84 
39
0
25 1 11 49 13 
40
0
1 9 81 19 69 
41
0
34 59 29 22 89 
42
0
87 2 95 63 52 
43
0
19 75 33 34 60 
44
0
76 23 24 57 53 
45
0
42 31 55 11 43 
46
0
46 9 11 24 77 
47
0
97 34 28 6 36 
48
0
58 73 23 84 65 
49
0
10 88 27 27 65 
50
0
52 86 41 18 45 
51
0
95 26 41 33 85 
52
0
2 23 30 65 58 
53
0
34 97 22 92 36 
54
0
86 10 87 1 12 
55
0
21 97 46 27 31 
56
0
20 18 71 22 21 
57
0
51 11 54 18 14 
58
0
60 38 40 90 64 
59
0
7 18 28 54 22 
60
0
66 75 6 53 36 
61
0
63 81 32 68 31 
62
0
36 50 29 76 6 
63
0
68 85 10 5 20 
64
0
12 15 78 43 60 
65
0
64 78 30 12 78 
66
0
6 44 46 54 79 
67
0
7 70 15 69 71 
68
0
49 40 57 7 18 
69
0
68 49 71 7 23 
70
0
49 36 71 88 89 
71
0
34 13 50 3 99 
72
0
84 64 36 89 20 
73
0
13 11 80 77 27 
74
0
15 11 71 43 48 
75
0
91 83 9 57 28 
76
0
49 97 97 47 25 
77
0
6 39 89 67 95 
78
0
38 98 24 59 18 
79
0
81 66 15 51 1 
80
0
34 66 67 85 90 
81
0
59 43 3 5 34 
82
0
60 54 56 46 57 
83
0
31 28 89 84 86 
84
0
45 21 64 92 40 
85
0
96 53 68 57 29 
86
0
5 51 84 15 82 
87
0
65 1 99 71 50 
88
0
7 57 74 57 32 
89
0
22 43 91 79 45 
90
0
49 14 20 57 9 
91
0
82 62 97 81 40 
92
0
18 95 50 87 99 
93
0
60 72 52 71 4 
94
0
85 63 66 30 73 
95
0
5 41 59 91 61 
96
0
70 56 2 98 40 
97
0
41 81 14 94 6 
98
0
62 88 22 1 49 
99
0
77 55 69 50 75 
