200
10
20010017
0
0
60 78 91 51 69 72 52 29 86 85 
1
0
38 97 68 68 3 44 99 12 22 50 
2
0
34 23 34 97 40 78 62 46 91 40 
3
0
93 43 19 2 91 64 74 67 53 30 
4
0
48 54 56 96 16 17 24 13 61 7 
5
0
5 15 12 18 5 30 9 11 43 22 
6
0
57 22 51 9 7 41 91 66 45 85 
7
0
52 42 15 56 38 17 23 1 62 26 
8
0
63 66 37 50 61 16 55 67 25 62 
9
0
74 98 73 70 38 38 96 27 14 65 
10
0
9 76 7 59 94 54 24 95 17 7 
11
0
44 93 43 11 61 21 99 51 63 66 
12
0
70 6 83 1 11 82 29 20 25 36 
13
0
52 49 57 62 48 27 53 40 35 92 
14
0
23 18 56 25 59 17 37 8 81 2 
15
0
87 29 54 1 48 92 65 86 26 45 
16
0
58 36 96 45 18 90 1 97 60 41 
17
0
83 85 85 23 38 26 76 36 14 8 
18
0
69 72 56 17 16 64 74 31 70 52 
19
0
31 33 47 84 91 67 33 79 64 30 
20
0
45 72 77 24 95 9 78 87 79 79 
21
0
65 90 51 49 12 75 21 44 32 75 
22
0
63 79 32 80 24 49 15 78 56 44 
23
0
8 51 45 1 4 48 59 17 26 15 
24
0
86 76 2 43 87 40 68 22 41 97 
25
0
79 93 34 76 26 18 75 70 85 37 
26
0
3 45 1 98 98 23 65 51 45 84 
27
0
55 48 69 95 26 75 30 30 81 33 
28
0
21 88 20 54 54 26 98 26 53 44 
29
0
71 83 50 80 4 18 78 94 43 80 
30
0
30 92 54 61 58 63 51 62 7 8 
31
0
73 91 49 78 68 23 76 74 22 8 
32
0
86 87 16 66 10 99 75 43 99 19 
33
0
72 30 38 41 93 59 84 33 77 75 
34
0
3 85 14 83 9 62 89 97 82 90 
35
0
45 44 92 58 99 89 56 83 47 9 
36
0
50 62 87 43 52 91 4 6 15 40 
37
0
68 35 65 42 1 83 44 3 26 87 
38
0
93 94 2 11 65 14 69 28 98 13 
39
0
2 50 90 60 44 11 83 56 39 64 
40
0
30 40 75 77 71 93 99 18 13 69 
41
0
93 98 70 8 70 46 42 51 43 41 
42
0
90 89 84 22 56 17 97 62 55 78 
43
0
7 56 17 48 13 24 57 66 88 82 
44
0
75 99 52 84 34 63 38 85 60 2 
45
0
75 93 2 27 94 23 16 50 99 4 
46
0
45 24 94 49 59 47 34 88 55 25 
47
0
68 25 89 25 59 91 65 54 19 80 
48
0
8 99 4 18 49 82 70 11 8 45 
49
0
64 30 10 3 12 47 59 82 43 50 
50
0
54 81 79 21 74 21 89 80 48 53 
51
0
74 80 81 37 4 45 40 5 78 82 
52
0
46 98 87 79 39 98 60 33 21 48 
53
0
55 52 42 51 53 39 5 19 71 42 
54
0
34 96 87 64 97 4 71 84 82 83 
55
0
91 66 6 51 47 80 49 77 29 17 
56
0
11 19 81 2 5 62 78 34 15 5 
57
0
55 86 39 21 65 29 9 64 96 32 
58
0
57 71 51 77 86 34 71 34 7 68 
59
0
23 2 7 68 68 67 35 3 17 42 
60
0
75 48 51 97 81 58 8 34 7 33 
61
0
70 21 16 36 60 35 84 4 43 54 
62
0
96 17 44 18 25 37 75 78 11 46 
63
0
58 95 97 12 12 96 81 71 8 39 
64
0
44 11 77 32 33 60 43 21 68 12 
65
0
86 15 79 23 33 98 96 38 47 24 
66
0
12 70 64 48 11 65 58 93 21 30 
67
0
77 9 45 35 72 55 34 49 22 72 
68
0
75 93 60 60 64 90 21 2 29 21 
69
0
25 60 31 20 96 1 20 62 24 31 
70
0
48 15 8 63 58 16 93 23 5 81 
71
0
91 79 78 52 88 91 97 55 32 53 
72
0
53 87 30 53 89 40 40 47 26 12 
73
0
55 56 90 83 19 1 36 11 91 7 
74
0
35 5 96 11 11 85 92 32 8 80 
75
0
85 91 8 59 52 49 65 3 97 7 
76
0
87 30 27 13 83 32 38 99 56 96 
77
0
37 3 60 13 55 35 67 68 97 37 
78
0
33 14 71 58 44 14 86 3 32 95 
79
0
8 7 46 91 73 16 20 8 58 67 
80
0
25 43 95 83 66 13 91 26 60 26 
81
0
30 89 7 69 56 28 45 59 21 36 
82
0
97 25 70 22 36 50 44 36 90 69 
83
0
28 3 53 83 83 49 86 34 34 40 
84
0
86 63 38 52 72 41 46 17 94 54 
85
0
49 7 4 27 15 90 79 5 36 10 
86
0
5 63 64 59 43 42 22 42 65 30 
87
0
42 2 25 43 98 74 60 96 68 76 
88
0
15 47 25 81 20 82 53 22 46 63 
89
0
10 19 36 88 88 94 55 43 98 1 
90
0
48 97 67 63 85 72 17 53 17 75 
91
0
5 59 56 25 78 36 60 99 71 39 
92
0
8 18 91 12 1 86 33 21 11 10 
93
0
51 18 85 99 10 6 74 11 68 87 
94
0
83 82 11 38 88 90 70 71 92 36 
95
0
40 66 67 22 3 7 39 65 40 44 
96
0
23 74 34 72 97 9 60 19 70 37 
97
0
20 75 78 65 31 79 26 91 18 37 
98
0
20 99 55 82 16 12 50 41 33 2 
99
0
32 46 71 39 27 20 72 78 43 81 
100
0
68 50 15 10 91 16 93 64 47 74 
101
0
50 46 90 78 80 33 80 15 55 63 
102
0
44 43 74 46 22 76 92 8 42 11 
103
0
39 20 85 70 54 81 29 18 55 82 
104
0
36 62 18 72 56 4 23 7 86 65 
105
0
48 7 82 94 53 32 46 37 54 4 
106
0
24 37 25 54 72 41 77 25 1 34 
107
0
19 80 27 85 2 43 77 75 56 57 
108
0
41 5 25 39 98 46 9 43 51 60 
109
0
65 8 42 9 64 35 13 80 33 62 
110
0
5 11 83 27 92 82 91 22 56 83 
111
0
66 71 66 79 60 35 73 6 4 32 
112
0
23 45 30 78 67 13 28 44 17 57 
113
0
15 16 76 34 54 16 28 7 53 38 
114
0
94 4 51 24 6 21 33 35 16 78 
115
0
96 9 15 99 95 82 59 87 54 33 
116
0
84 9 70 49 95 31 28 45 31 30 
117
0
43 80 70 21 57 53 85 43 14 85 
118
0
60 2 29 99 17 12 8 86 59 59 
119
0
73 79 68 77 51 16 6 63 36 73 
120
0
19 74 91 50 80 2 44 54 32 31 
121
0
50 47 86 31 50 12 55 99 9 91 
122
0
7 71 60 2 71 20 52 18 49 27 
123
0
24 21 3 14 41 34 55 71 81 29 
124
0
4 93 16 22 48 18 75 21 11 28 
125
0
12 82 56 77 1 80 77 3 18 39 
126
0
90 98 59 17 60 4 67 99 23 96 
127
0
28 63 23 6 50 88 15 81 94 20 
128
0
21 39 22 10 8 20 91 28 14 96 
129
0
52 64 45 82 71 91 99 27 55 57 
130
0
23 97 9 99 6 32 15 29 45 98 
131
0
39 8 45 47 13 15 25 66 16 59 
132
0
10 93 87 18 63 82 66 78 48 68 
133
0
32 11 30 38 49 85 21 59 62 41 
134
0
78 53 91 82 83 81 8 35 67 85 
135
0
59 28 47 38 73 59 78 33 23 47 
136
0
56 64 72 99 82 82 51 7 64 63 
137
0
90 13 7 41 29 88 81 32 35 82 
138
0
31 85 14 52 65 86 94 33 27 20 
139
0
32 17 79 52 30 45 50 78 62 86 
140
0
32 30 20 5 88 52 6 38 79 80 
141
0
86 29 40 46 13 99 94 39 55 34 
142
0
69 55 93 80 81 71 15 51 47 91 
143
0
28 74 69 37 33 34 67 16 17 21 
144
0
71 34 63 8 43 42 76 73 53 85 
145
0
49 5 97 61 34 39 23 59 37 88 
146
0
4 57 49 30 70 38 40 24 74 12 
147
0
21 2 77 85 94 20 20 36 97 92 
148
0
68 87 26 83 14 6 78 34 42 23 
149
0
44 63 68 95 86 4 86 42 11 93 
150
0
76 60 87 41 93 89 61 46 38 38 
151
0
11 73 85 9 77 81 14 16 19 65 
152
0
57 27 76 28 69 45 7 81 97 75 
153
0
95 77 35 79 79 20 5 32 58 67 
154
0
40 22 35 38 92 82 45 52 79 63 
155
0
52 28 51 32 39 83 23 73 53 58 
156
0
45 39 72 87 42 50 60 77 97 50 
157
0
44 20 30 62 24 39 15 5 46 64 
158
0
43 69 32 34 26 85 79 28 95 70 
159
0
30 24 2 27 15 82 76 37 6 77 
160
0
79 63 53 50 67 52 6 88 38 92 
161
0
48 14 96 41 77 80 85 2 9 56 
162
0
16 42 76 77 56 16 26 76 21 70 
163
0
65 44 88 50 66 20 63 21 14 22 
164
0
86 66 34 58 63 27 45 22 88 32 
165
0
5 46 53 42 42 73 17 12 71 90 
166
0
49 9 80 23 46 37 33 70 10 25 
167
0
27 84 20 90 79 32 83 91 13 83 
168
0
58 44 60 74 97 8 72 59 95 43 
169
0
81 48 17 23 45 62 83 47 13 6 
170
0
74 35 97 74 79 59 4 27 3 17 
171
0
96 22 68 91 77 22 22 73 37 11 
172
0
90 54 66 92 25 3 71 98 28 33 
173
0
78 22 79 67 30 98 54 21 81 1 
174
0
15 45 81 39 90 4 16 87 45 46 
175
0
18 54 83 39 10 98 61 76 85 89 
176
0
15 31 25 76 92 92 76 1 25 79 
177
0
75 79 28 66 56 65 77 2 94 64 
178
0
22 45 48 80 6 85 79 54 62 98 
179
0
50 74 95 21 93 47 57 47 7 47 
180
0
8 84 87 17 39 28 15 32 72 69 
181
0
8 66 81 54 68 83 46 68 16 19 
182
0
93 72 15 77 48 64 17 80 56 39 
183
0
59 37 31 84 39 22 4 24 18 65 
184
0
64 27 69 42 25 81 32 54 57 89 
185
0
82 8 51 56 62 76 99 6 12 1 
186
0
83 86 25 17 58 40 7 54 91 21 
187
0
38 22 1 16 66 75 76 34 37 78 
188
0
39 69 13 49 15 21 60 59 4 77 
189
0
95 4 26 1 73 35 48 48 14 42 
190
0
21 39 58 34 15 25 41 42 48 1 
191
0
66 43 19 75 39 17 88 21 96 53 
192
0
91 21 63 46 27 35 55 68 80 15 
193
0
18 33 80 79 24 54 22 22 12 29 
194
0
92 82 74 57 91 88 45 55 36 23 
195
0
89 6 70 45 36 1 47 21 14 42 
196
0
85 96 9 69 57 57 66 11 80 95 
197
0
15 73 71 71 69 56 53 92 99 65 
198
0
19 16 59 61 88 67 18 68 36 21 
199
0
73 77 84 10 46 13 67 19 87 53 
