20
20
2020003
0
0
81 91 17 45 79 50 38 4 19 44 35 39 45 57 16 74 81 47 43 90 
1
0
73 90 22 49 81 47 35 13 15 45 36 40 43 60 9 72 82 47 44 94 
2
0
80 91 24 53 77 42 41 4 17 42 37 38 37 56 8 68 80 52 47 93 
3
0
77 92 17 53 83 43 41 4 13 48 35 39 40 53 16 70 71 47 43 87 
4
0
75 88 17 52 79 46 38 10 19 43 38 39 38 54 11 67 78 50 36 90 
5
0
75 87 27 49 77 43 35 5 20 43 36 44 42 61 13 75 71 48 47 90 
6
0
81 95 20 54 73 39 37 6 23 42 40 41 43 62 17 69 72 51 47 90 
7
0
81 85 25 48 82 43 42 10 20 41 35 43 44 62 15 73 73 47 41 93 
8
0
78 93 23 46 77 44 36 13 16 47 39 47 41 61 10 70 77 53 40 89 
9
0
76 88 17 56 75 45 37 9 21 43 37 47 45 56 10 66 71 56 39 87 
10
0
79 93 23 48 76 49 34 10 14 46 32 43 38 56 11 70 75 53 37 85 
11
0
78 89 20 55 77 47 41 13 22 47 34 39 36 55 10 69 75 54 39 94 
12
0
81 91 17 48 73 42 36 4 20 50 40 41 46 57 10 69 76 55 38 95 
13
0
80 85 23 54 80 44 34 11 18 51 34 47 36 58 14 74 72 52 38 92 
14
0
83 93 21 46 77 47 40 12 14 44 38 43 37 55 17 66 72 47 39 92 
15
0
81 89 17 50 80 49 42 6 24 47 39 42 36 62 8 67 79 47 46 89 
16
0
76 90 18 50 78 41 39 14 17 47 34 39 37 53 13 73 72 48 47 92 
17
0
81 86 27 50 82 46 35 5 20 47 33 43 40 58 13 71 75 45 44 94 
18
0
78 87 25 54 78 41 43 4 23 50 33 47 45 60 11 73 72 48 42 95 
19
0
83 90 20 53 82 47 36 13 18 49 37 43 40 58 8 67 80 56 43 91 
