200
5
20005024
0
0
58 58 61 55 59 
1
0
71 71 70 64 72 
2
0
72 65 63 68 67 
3
0
33 37 33 36 31 
4
0
95 95 91 87 93 
5
0
7 11 14 14 12 
6
0
76 73 75 75 66 
7
0
66 67 69 67 63 
8
0
46 43 43 42 49 
9
0
54 58 54 58 57 
10
0
81 75 81 75 79 
11
0
31 29 23 28 33 
12
0
16 10 16 12 10 
13
0
14 19 12 17 18 
14
0
66 64 68 73 69 
15
0
19 18 21 17 17 
16
0
69 69 66 73 65 
17
0
46 44 37 44 36 
18
0
89 91 85 83 88 
19
0
14 8 8 7 12 
20
0
83 79 85 87 89 
21
0
93 99 89 93 95 
22
0
47 47 50 47 46 
23
0
48 54 50 53 50 
24
0
12 17 14 15 10 
25
0
81 81 84 82 84 
26
0
78 76 76 73 77 
27
0
37 30 39 39 30 
28
0
71 77 80 77 80 
29
0
30 36 31 40 31 
30
0
89 91 89 92 82 
31
0
57 62 63 58 61 
32
0
14 14 23 21 23 
33
0
55 62 64 59 55 
34
0
20 23 23 16 22 
35
0
23 31 30 31 21 
36
0
34 36 43 41 39 
37
0
49 45 45 46 38 
38
0
46 52 46 56 49 
39
0
31 30 29 30 34 
40
0
10 11 16 14 14 
41
0
61 68 67 67 62 
42
0
68 61 68 63 67 
43
0
84 84 80 76 84 
44
0
46 49 48 41 41 
45
0
10 6 6 2 10 
46
0
39 46 40 47 41 
47
0
51 43 44 46 43 
48
0
57 67 57 61 58 
49
0
44 44 48 51 44 
50
0
15 21 20 24 17 
51
0
84 91 90 89 91 
52
0
72 69 69 78 74 
53
0
78 72 72 80 75 
54
0
29 25 22 27 25 
55
0
58 58 62 56 61 
56
0
16 21 16 13 22 
57
0
50 47 51 45 50 
58
0
36 34 35 39 38 
59
0
59 61 61 65 64 
60
0
27 25 22 30 29 
61
0
82 85 85 80 86 
62
0
78 77 76 69 75 
63
0
43 39 39 39 42 
64
0
61 61 54 57 61 
65
0
85 83 89 93 85 
66
0
21 19 18 25 25 
67
0
68 62 69 68 64 
68
0
60 64 61 67 66 
69
0
67 64 67 70 66 
70
0
20 19 12 18 20 
71
0
28 36 34 32 37 
72
0
26 27 24 26 17 
73
0
82 91 82 92 88 
74
0
78 85 84 84 83 
75
0
89 93 99 97 93 
76
0
35 40 37 44 43 
77
0
23 24 28 24 27 
78
0
61 56 59 61 54 
79
0
39 36 37 42 36 
80
0
59 65 61 64 60 
81
0
5 8 4 7 9 
82
0
12 15 10 10 9 
83
0
45 47 45 46 43 
84
0
66 72 68 66 63 
85
0
94 97 98 97 95 
86
0
16 21 19 21 19 
87
0
33 29 31 27 28 
88
0
65 71 70 72 65 
89
0
42 43 45 39 43 
90
0
28 37 31 28 27 
91
0
78 78 76 75 76 
92
0
25 23 24 28 18 
93
0
65 67 60 62 61 
94
0
22 24 28 22 21 
95
0
92 85 87 87 86 
96
0
50 51 58 51 49 
97
0
21 16 18 21 20 
98
0
54 49 51 53 50 
99
0
40 41 40 39 36 
100
0
21 16 12 19 14 
101
0
81 77 79 76 84 
102
0
35 33 37 35 37 
103
0
73 70 68 70 67 
104
0
30 26 23 31 24 
105
0
85 82 79 77 84 
106
0
76 69 73 74 76 
107
0
16 20 22 18 14 
108
0
23 22 23 27 28 
109
0
34 37 32 31 32 
110
0
10 10 13 10 12 
111
0
24 27 27 25 29 
112
0
65 63 56 59 64 
113
0
19 20 17 12 16 
114
0
29 29 25 27 29 
115
0
91 92 90 89 97 
116
0
74 77 80 81 80 
117
0
36 32 33 33 27 
118
0
62 68 64 71 65 
119
0
31 26 32 26 28 
120
0
77 80 72 72 78 
121
0
32 36 36 38 32 
122
0
74 74 72 68 65 
123
0
88 90 91 85 87 
124
0
72 72 69 68 73 
125
0
44 38 44 41 42 
126
0
37 39 38 30 34 
127
0
34 28 34 35 25 
128
0
59 52 51 61 58 
129
0
78 82 83 78 76 
130
0
34 32 33 28 28 
131
0
79 76 75 84 79 
132
0
17 14 15 17 18 
133
0
41 48 44 41 47 
134
0
78 79 76 79 76 
135
0
66 69 70 68 63 
136
0
76 73 68 71 78 
137
0
81 86 78 82 82 
138
0
44 47 41 44 45 
139
0
16 26 18 18 20 
140
0
79 78 80 81 83 
141
0
45 45 54 52 51 
142
0
38 37 35 35 38 
143
0
41 33 41 39 33 
144
0
4 7 9 4 11 
145
0
14 9 4 14 6 
146
0
54 52 55 60 52 
147
0
11 5 2 12 2 
148
0
78 73 69 68 73 
149
0
7 7 15 17 11 
150
0
20 14 14 24 23 
151
0
87 82 86 79 89 
152
0
57 53 53 62 53 
153
0
18 16 14 11 10 
154
0
53 45 52 49 50 
155
0
19 18 24 21 25 
156
0
5 13 10 5 6 
157
0
7 8 3 12 10 
158
0
21 15 19 22 13 
159
0
78 78 83 85 78 
160
0
49 50 49 46 43 
161
0
19 16 20 26 16 
162
0
24 28 26 24 29 
163
0
86 85 83 87 88 
164
0
45 37 38 36 39 
165
0
7 6 13 10 6 
166
0
77 69 69 70 80 
167
0
51 53 54 53 45 
168
0
37 32 39 40 42 
169
0
17 17 17 13 11 
170
0
41 45 35 43 42 
171
0
15 12 18 17 15 
172
0
64 62 60 58 57 
173
0
48 50 55 44 53 
174
0
46 42 38 38 37 
175
0
70 61 69 60 69 
176
0
10 12 9 2 2 
177
0
3 9 3 2 5 
178
0
86 86 85 92 88 
179
0
51 59 55 54 56 
180
0
47 55 47 51 55 
181
0
35 29 27 28 35 
182
0
95 94 92 88 95 
183
0
97 94 98 91 95 
184
0
59 57 52 60 60 
185
0
58 58 58 61 54 
186
0
19 22 21 16 23 
187
0
37 43 38 44 42 
188
0
25 21 31 31 29 
189
0
12 17 15 10 14 
190
0
91 94 97 94 89 
191
0
61 54 58 53 62 
192
0
56 56 56 56 61 
193
0
18 24 21 15 17 
194
0
19 12 19 12 14 
195
0
25 24 23 19 30 
196
0
89 89 88 86 83 
197
0
25 16 19 16 19 
198
0
72 66 68 69 69 
199
0
24 20 15 17 16 
