200
10
20010022
0
0
55 46 65 80 56 28 23 96 15 37 
1
0
56 46 60 85 45 29 23 90 12 31 
2
0
57 53 63 85 50 27 18 90 19 41 
3
0
56 51 64 84 48 31 21 99 16 37 
4
0
56 54 57 82 46 33 20 98 10 36 
5
0
63 55 66 78 46 31 27 98 15 39 
6
0
65 46 60 78 51 34 22 97 16 33 
7
0
55 45 58 84 55 32 26 97 17 36 
8
0
59 51 67 82 55 31 18 94 15 40 
9
0
55 48 62 87 48 31 20 100 19 38 
10
0
55 47 62 85 50 35 28 91 18 40 
11
0
64 46 64 86 55 32 21 98 17 34 
12
0
62 50 66 81 56 34 21 98 10 41 
13
0
60 54 61 81 51 36 28 93 14 34 
14
0
60 48 64 80 48 36 22 98 21 39 
15
0
65 48 59 79 51 35 20 95 14 33 
16
0
64 49 68 83 51 28 27 96 17 36 
17
0
61 49 57 81 46 33 26 93 18 32 
18
0
61 46 67 77 50 28 22 91 19 39 
19
0
60 50 64 78 53 30 26 96 18 39 
20
0
55 45 58 77 49 26 27 99 20 41 
21
0
61 53 60 87 50 26 27 94 11 41 
22
0
62 48 58 85 52 36 19 100 16 32 
23
0
55 48 62 87 49 31 23 100 10 31 
24
0
59 53 66 84 46 34 27 91 12 31 
25
0
60 54 64 82 56 26 22 96 16 34 
26
0
63 54 61 85 51 30 29 97 21 38 
27
0
58 49 67 82 48 26 20 92 16 37 
28
0
57 47 59 86 50 32 26 93 10 34 
29
0
64 48 62 81 50 35 21 90 20 31 
30
0
60 51 61 85 50 26 24 91 20 37 
31
0
56 55 66 81 46 28 25 96 13 34 
32
0
65 45 67 84 55 31 27 100 13 35 
33
0
62 48 59 85 51 36 20 90 19 39 
34
0
55 52 66 84 55 30 20 94 20 42 
35
0
62 50 67 80 49 32 27 95 15 35 
36
0
60 50 61 85 46 32 20 97 21 35 
37
0
64 45 64 80 48 28 25 97 17 31 
38
0
64 53 61 83 51 26 27 90 12 38 
39
0
60 46 60 78 55 32 21 97 17 33 
40
0
64 47 66 80 47 27 22 95 21 38 
41
0
60 51 65 80 51 27 19 92 12 37 
42
0
64 53 64 79 50 32 18 94 12 36 
43
0
55 55 66 78 52 34 21 98 21 34 
44
0
56 47 66 87 51 34 20 92 17 31 
45
0
61 44 66 85 48 28 19 96 12 34 
46
0
56 46 59 80 55 28 24 99 13 34 
47
0
59 48 66 78 53 30 28 94 12 36 
48
0
64 53 62 88 51 26 18 92 18 32 
49
0
58 53 64 79 47 33 28 94 18 39 
50
0
56 54 59 79 54 35 28 97 17 37 
51
0
62 46 64 87 51 26 26 98 10 34 
52
0
65 50 60 83 46 31 22 100 15 37 
53
0
56 52 65 80 46 31 21 99 16 39 
54
0
63 51 65 83 47 28 19 93 10 38 
55
0
60 47 65 87 51 36 28 96 14 42 
56
0
55 52 59 83 48 31 21 93 13 34 
57
0
56 46 63 85 53 30 23 92 21 40 
58
0
60 44 64 86 55 35 21 100 16 34 
59
0
57 48 64 83 55 31 24 89 20 34 
60
0
57 51 66 81 53 28 22 93 11 35 
61
0
60 48 60 79 56 27 27 90 19 35 
62
0
56 54 58 86 54 30 24 94 14 37 
63
0
58 47 68 77 54 29 27 98 16 32 
64
0
58 53 66 87 54 31 24 91 20 39 
65
0
59 46 59 86 53 34 24 93 12 33 
66
0
57 48 61 79 55 29 27 94 12 36 
67
0
60 50 64 83 51 27 27 96 12 33 
68
0
61 54 63 81 47 26 22 90 14 31 
69
0
65 50 61 85 54 26 25 93 17 39 
70
0
64 53 66 87 50 36 19 97 15 35 
71
0
65 54 68 85 46 32 21 95 11 42 
72
0
56 50 60 83 51 27 21 92 17 42 
73
0
54 48 65 87 52 30 25 95 16 36 
74
0
56 46 58 78 52 28 25 97 15 36 
75
0
61 55 64 80 52 34 28 99 11 32 
76
0
61 47 64 85 51 30 27 90 11 38 
77
0
56 49 63 80 51 28 24 98 17 38 
78
0
65 48 67 86 52 28 20 95 11 34 
79
0
59 55 66 87 46 31 27 92 12 31 
80
0
65 46 67 77 47 33 25 99 12 41 
81
0
55 55 66 81 55 32 23 92 12 31 
82
0
62 53 67 79 56 31 20 94 17 37 
83
0
57 46 60 81 50 33 18 92 17 34 
84
0
61 48 63 81 56 27 26 99 16 31 
85
0
62 44 58 82 54 27 21 100 17 38 
86
0
55 49 59 78 52 36 26 93 11 38 
87
0
56 45 59 77 46 30 27 97 13 39 
88
0
60 45 60 77 51 35 19 93 17 34 
89
0
62 48 60 86 46 31 28 98 21 37 
90
0
61 45 60 85 48 36 26 92 19 34 
91
0
64 49 67 86 47 31 19 97 16 38 
92
0
55 55 66 79 49 28 21 93 15 37 
93
0
63 46 62 87 46 33 20 98 14 33 
94
0
61 53 67 80 46 29 23 96 15 31 
95
0
58 54 61 78 55 28 28 100 12 31 
96
0
59 49 68 78 50 25 20 99 14 35 
97
0
60 49 60 78 53 28 23 100 13 33 
98
0
59 55 65 87 48 29 26 91 19 37 
99
0
59 47 67 83 45 27 18 100 21 35 
100
0
64 53 57 84 55 26 25 94 13 35 
101
0
64 48 62 78 56 34 24 100 14 31 
102
0
57 54 64 80 52 30 28 99 13 37 
103
0
56 45 68 81 53 26 28 94 16 36 
104
0
58 50 58 77 52 30 26 91 13 40 
105
0
57 48 62 79 56 27 29 95 18 37 
106
0
58 50 65 82 47 28 18 98 11 32 
107
0
55 51 62 81 52 25 21 91 18 41 
108
0
56 54 62 81 47 28 24 97 20 38 
109
0
63 48 65 82 54 36 21 97 20 32 
110
0
59 46 67 82 48 30 24 95 15 38 
111
0
54 45 58 82 50 27 22 96 15 32 
112
0
61 52 60 81 53 32 19 94 17 37 
113
0
55 51 64 87 54 31 21 95 13 35 
114
0
56 53 60 87 53 30 19 98 17 36 
115
0
61 51 66 86 46 26 21 95 11 38 
116
0
60 49 67 78 54 30 24 100 12 36 
117
0
56 45 58 78 52 30 26 99 12 40 
118
0
59 53 62 83 47 32 26 100 21 31 
119
0
61 47 62 83 48 33 23 94 12 38 
120
0
64 49 61 82 49 26 28 95 18 38 
121
0
55 53 61 79 52 31 23 90 12 32 
122
0
58 51 62 79 50 25 25 92 19 41 
123
0
56 49 67 82 55 36 22 98 14 37 
124
0
62 50 67 82 47 27 19 93 15 42 
125
0
61 50 62 81 47 35 22 99 11 38 
126
0
60 55 59 84 53 29 24 95 13 34 
127
0
56 53 58 86 47 34 23 95 15 42 
128
0
56 47 60 79 46 29 18 95 15 32 
129
0
62 54 65 85 46 31 28 90 18 37 
130
0
62 54 68 80 55 29 23 98 12 38 
131
0
64 48 65 77 47 36 25 90 17 39 
132
0
62 54 65 84 47 32 20 98 15 39 
133
0
62 47 58 83 55 25 22 91 14 36 
134
0
60 45 65 83 53 36 28 93 19 39 
135
0
55 50 65 82 55 28 19 97 11 33 
136
0
61 52 64 87 56 30 23 89 19 34 
137
0
57 49 66 77 56 28 20 94 19 38 
138
0
60 51 67 79 50 31 21 94 14 32 
139
0
57 52 59 82 52 26 18 93 14 33 
140
0
61 45 63 84 54 30 21 97 11 34 
141
0
60 48 65 85 52 34 19 93 14 31 
142
0
55 54 64 77 53 36 19 100 10 40 
143
0
61 53 58 80 54 25 26 99 14 33 
144
0
60 54 64 77 54 31 27 98 16 32 
145
0
63 52 64 79 54 36 20 91 18 41 
146
0
55 49 62 81 46 34 28 97 20 37 
147
0
65 54 58 85 54 34 23 100 20 37 
148
0
64 46 61 84 51 31 22 90 20 36 
149
0
55 45 65 77 56 31 23 96 18 36 
150
0
64 47 57 85 52 29 27 91 13 38 
151
0
57 53 61 77 52 27 25 97 12 33 
152
0
65 46 61 81 48 28 24 94 17 37 
153
0
65 44 62 79 56 33 28 97 12 35 
154
0
62 52 63 81 50 30 21 92 15 31 
155
0
55 54 61 85 49 25 20 97 16 32 
156
0
62 48 59 84 49 32 26 93 18 34 
157
0
60 53 67 87 55 28 29 100 10 41 
158
0
58 53 58 83 54 30 27 94 11 36 
159
0
55 46 58 77 51 35 26 90 18 35 
160
0
64 53 61 85 53 27 25 99 13 33 
161
0
56 51 67 78 49 26 19 94 20 34 
162
0
62 48 64 84 55 30 23 91 19 32 
163
0
54 45 66 84 52 28 28 96 15 36 
164
0
60 49 66 81 50 33 24 93 20 35 
165
0
61 52 67 86 52 36 19 93 13 38 
166
0
65 51 62 77 49 34 19 95 19 36 
167
0
58 52 59 85 52 35 19 96 12 36 
168
0
64 53 60 80 55 28 22 99 10 35 
169
0
59 50 68 84 55 26 21 100 17 31 
170
0
59 51 65 87 48 27 22 97 15 32 
171
0
58 48 60 79 46 28 20 94 12 41 
172
0
61 47 59 77 55 35 27 98 12 40 
173
0
60 45 62 78 53 26 22 94 13 33 
174
0
54 53 60 84 47 27 18 92 17 31 
175
0
59 55 67 79 47 31 22 91 16 41 
176
0
59 48 68 87 49 36 22 94 15 41 
177
0
56 50 59 80 54 34 21 96 14 41 
178
0
63 53 59 77 45 34 26 98 16 38 
179
0
63 46 60 83 52 31 25 98 14 36 
180
0
58 45 60 85 54 33 29 100 15 32 
181
0
65 46 63 82 47 26 24 94 15 36 
182
0
57 46 59 83 46 25 27 98 13 35 
183
0
64 45 60 80 55 31 26 97 13 31 
184
0
64 48 65 83 49 28 26 91 20 37 
185
0
57 51 68 79 48 32 27 100 18 41 
186
0
65 50 60 86 51 33 18 92 15 40 
187
0
61 50 67 77 46 34 19 97 16 36 
188
0
57 47 67 82 55 32 28 97 13 34 
189
0
61 46 58 80 51 32 24 98 13 39 
190
0
57 48 61 78 46 32 24 98 13 42 
191
0
64 48 67 87 53 28 23 96 18 40 
192
0
57 52 67 82 49 35 29 92 16 38 
193
0
62 51 65 83 47 30 28 98 19 41 
194
0
57 47 61 82 53 33 27 94 17 33 
195
0
61 49 64 79 50 33 27 95 18 33 
196
0
58 45 57 84 50 32 19 94 13 33 
197
0
59 53 65 84 50 35 23 100 18 32 
198
0
64 53 67 84 55 28 21 95 16 37 
199
0
57 53 65 80 52 26 29 93 11 39 
