200
20
20020015
0
0
68 22 83 82 76 13 9 67 67 98 19 98 27 77 6 61 87 31 51 34 
1
0
49 64 4 80 13 48 50 16 92 31 66 15 59 70 93 26 13 62 35 5 
2
0
88 71 55 81 89 87 70 21 34 35 23 20 8 91 59 98 47 98 12 57 
3
0
52 67 96 14 35 88 18 42 81 16 45 14 5 34 41 88 69 30 38 96 
4
0
9 53 10 16 36 64 58 71 63 90 69 19 92 46 15 36 31 45 47 16 
5
0
20 72 45 18 49 68 83 48 56 39 79 60 27 41 92 9 90 56 83 11 
6
0
92 40 20 72 1 66 67 32 67 85 6 36 92 77 21 97 94 11 76 87 
7
0
81 73 50 28 71 46 39 91 18 37 89 68 72 25 66 77 31 74 13 73 
8
0
24 79 2 72 27 1 21 56 27 96 4 73 39 41 51 69 25 34 1 69 
9
0
79 44 80 45 22 56 39 71 14 79 13 27 82 3 20 34 51 41 21 33 
10
0
35 78 52 11 49 65 20 57 56 5 42 17 70 53 18 46 51 59 97 14 
11
0
56 84 20 30 8 35 32 55 49 62 2 56 21 80 12 14 24 30 42 89 
12
0
69 56 40 33 6 59 55 61 6 27 54 92 43 40 78 34 42 81 26 38 
13
0
17 51 82 88 55 37 26 68 73 69 83 36 9 74 11 22 45 82 43 63 
14
0
73 8 96 54 76 32 82 32 8 9 87 30 94 61 67 88 5 66 31 27 
15
0
81 28 22 90 58 76 10 35 18 50 83 63 9 56 85 44 39 66 98 79 
16
0
73 95 18 49 95 31 4 2 10 96 94 68 23 94 19 30 7 1 10 37 
17
0
80 79 27 83 14 56 46 87 85 80 28 37 62 5 27 96 22 33 83 71 
18
0
8 40 74 26 2 91 69 62 32 65 29 26 44 82 14 87 93 43 51 87 
19
0
60 21 10 89 46 24 23 97 6 57 11 96 49 6 63 78 37 34 58 48 
20
0
47 26 70 39 67 40 73 59 20 90 37 20 41 73 16 51 79 51 91 82 
21
0
1 73 60 91 95 38 38 60 21 63 66 27 42 44 75 89 70 36 54 66 
22
0
23 9 2 11 31 71 87 90 62 35 50 54 68 31 55 53 20 23 33 29 
23
0
58 32 30 37 38 59 84 56 61 14 53 19 33 22 64 6 83 2 24 41 
24
0
84 56 2 10 84 3 52 40 69 12 57 40 24 81 75 75 98 34 16 22 
25
0
4 39 16 9 39 11 94 49 33 44 10 59 2 68 18 94 13 46 47 30 
26
0
49 90 85 22 8 38 22 91 83 37 60 21 9 4 69 51 33 70 45 30 
27
0
43 61 84 65 83 23 27 4 50 8 18 80 88 56 28 21 17 72 24 58 
28
0
37 3 18 81 53 46 25 86 30 81 44 91 40 25 38 65 78 1 50 50 
29
0
22 34 11 93 87 55 18 20 82 89 89 93 61 26 26 5 67 18 3 96 
30
0
68 3 82 92 74 98 64 26 83 5 36 73 76 67 58 56 87 14 29 29 
31
0
19 32 57 99 75 8 23 6 66 71 54 67 65 17 64 73 59 43 13 20 
32
0
87 27 79 98 88 82 12 88 67 79 69 83 35 23 19 81 94 12 83 95 
33
0
28 96 24 41 39 24 65 49 15 63 48 77 22 97 41 91 79 24 8 54 
34
0
37 43 98 11 46 82 32 90 62 80 42 15 48 75 44 98 49 99 9 57 
35
0
13 9 50 75 73 30 17 57 50 3 1 90 81 57 33 50 78 39 26 51 
36
0
62 51 9 4 1 88 71 1 78 7 58 16 75 11 16 45 90 37 48 85 
37
0
28 69 15 82 10 77 40 74 27 41 16 98 78 8 24 2 2 24 19 67 
38
0
33 64 76 53 9 28 14 40 25 39 38 95 93 90 39 22 77 58 47 49 
39
0
67 7 44 21 84 37 91 27 62 45 51 50 2 82 96 81 10 98 57 37 
40
0
20 68 33 76 86 39 95 97 64 34 92 15 14 70 50 43 39 92 33 38 
41
0
47 36 80 3 76 61 54 13 88 13 41 67 3 39 20 57 97 15 34 92 
42
0
7 28 81 3 30 73 56 82 95 51 23 81 94 90 66 55 77 11 47 34 
43
0
12 44 76 76 58 42 24 87 65 32 28 45 68 2 8 26 40 38 91 99 
44
0
64 84 33 20 79 87 55 31 78 56 22 5 78 80 97 23 43 92 87 57 
45
0
47 70 84 71 66 11 4 95 78 44 20 59 90 91 51 29 7 66 1 74 
46
0
53 40 55 75 48 77 17 45 31 72 69 69 98 57 34 71 48 31 97 12 
47
0
98 98 28 17 45 43 57 88 5 28 47 50 31 91 52 88 67 48 25 17 
48
0
62 62 52 2 89 54 74 5 90 60 56 98 47 27 85 99 96 90 11 52 
49
0
88 56 12 64 74 3 81 57 48 71 85 36 14 1 73 89 5 72 71 53 
50
0
95 76 69 89 83 83 68 21 54 20 29 62 99 96 38 51 56 27 38 52 
51
0
11 59 89 20 31 88 61 95 2 56 85 17 27 2 34 96 44 89 27 51 
52
0
73 96 39 46 80 83 49 75 27 47 50 5 64 44 69 40 23 14 72 25 
53
0
7 41 79 95 72 6 56 69 75 45 97 24 48 64 70 41 14 48 40 46 
54
0
28 11 41 61 85 10 70 40 16 26 32 3 85 7 72 3 17 87 73 18 
55
0
65 6 39 69 43 98 68 98 83 56 8 67 35 17 1 48 75 58 97 80 
56
0
31 77 39 71 35 46 40 80 6 99 8 74 84 16 94 60 15 36 64 1 
57
0
32 13 2 21 41 91 14 61 93 86 10 83 3 85 48 82 80 59 60 29 
58
0
83 92 28 49 31 79 88 93 96 50 20 84 63 6 11 20 64 89 21 93 
59
0
74 54 58 72 26 52 47 88 7 99 59 39 82 12 32 15 83 51 63 22 
60
0
48 27 37 3 92 25 36 79 25 16 87 41 60 11 48 11 11 75 80 34 
61
0
92 63 50 26 17 52 16 28 84 15 16 24 73 70 19 23 37 63 53 45 
62
0
85 46 81 46 87 98 42 40 17 14 98 25 47 1 98 63 93 96 71 80 
63
0
27 17 63 32 78 50 69 21 13 78 27 38 2 92 17 65 9 20 58 68 
64
0
88 62 95 27 30 17 39 20 14 83 6 75 98 55 83 45 91 12 98 18 
65
0
64 60 40 68 39 57 13 82 24 77 21 71 73 53 67 18 86 45 65 8 
66
0
3 80 32 5 92 15 53 70 19 30 62 10 6 3 54 67 77 22 54 73 
67
0
91 13 16 37 68 29 9 78 53 46 92 76 83 88 40 99 76 85 96 29 
68
0
50 38 8 37 27 66 86 77 68 80 89 24 31 91 36 78 33 51 38 82 
69
0
59 6 51 2 64 71 36 37 12 57 87 36 22 94 14 71 91 16 71 16 
70
0
55 84 60 96 65 46 62 86 39 64 46 44 83 61 88 49 49 73 42 20 
71
0
56 35 43 64 29 22 89 61 80 38 52 94 12 59 29 59 56 76 95 20 
72
0
80 63 9 91 45 55 51 11 7 68 96 9 31 96 77 71 68 88 33 93 
73
0
89 18 29 82 86 31 24 98 24 92 5 7 8 4 13 40 26 67 67 50 
74
0
77 35 36 89 62 38 43 8 73 92 63 45 83 63 15 4 51 10 47 33 
75
0
38 70 30 93 17 68 32 40 22 22 18 48 73 51 16 56 99 37 2 94 
76
0
79 40 17 2 63 92 27 92 15 23 63 19 48 18 11 37 53 77 98 9 
77
0
11 12 37 4 13 81 63 63 38 80 81 8 39 40 43 97 2 59 56 80 
78
0
95 88 7 11 35 89 46 58 84 96 57 91 57 4 48 80 99 19 88 47 
79
0
58 6 85 1 3 41 16 23 37 24 99 7 17 2 43 35 76 52 15 73 
80
0
77 71 9 74 7 64 75 33 97 3 66 9 38 26 40 78 8 79 48 79 
81
0
70 3 59 86 68 69 93 34 77 55 33 96 5 74 83 71 77 2 25 21 
82
0
62 11 99 33 23 91 16 72 79 2 85 1 32 91 65 23 62 11 56 45 
83
0
46 42 90 43 42 44 94 32 36 57 13 64 79 86 31 45 64 25 75 72 
84
0
60 68 83 21 35 43 73 48 97 41 45 57 38 13 53 77 60 47 43 87 
85
0
67 69 87 17 16 51 92 79 92 48 88 71 79 29 87 91 58 38 51 48 
86
0
82 90 8 12 70 73 39 90 72 15 92 26 20 29 79 62 75 20 42 78 
87
0
9 66 30 60 58 28 5 14 38 9 10 49 54 31 14 41 90 36 41 71 
88
0
73 37 11 73 28 84 69 70 16 13 15 6 66 21 63 98 37 77 36 77 
89
0
5 63 95 22 52 17 4 45 61 2 50 33 14 33 7 48 55 70 12 33 
90
0
96 86 23 82 9 5 60 71 85 12 19 29 53 88 81 84 46 71 85 84 
91
0
65 58 58 12 53 12 72 9 43 90 67 7 49 79 5 17 34 21 77 98 
92
0
53 57 60 33 7 38 68 94 68 26 83 72 37 16 83 5 59 21 96 36 
93
0
22 35 15 45 92 23 50 6 90 84 34 12 73 72 75 38 63 14 85 74 
94
0
79 35 30 35 19 75 39 55 4 1 70 38 38 81 72 29 97 77 22 69 
95
0
52 83 28 43 68 40 2 41 55 30 95 22 34 13 68 71 8 28 14 99 
96
0
21 41 59 90 66 55 22 99 14 7 58 86 60 89 38 77 67 37 30 91 
97
0
62 66 2 81 7 59 35 44 53 45 38 17 75 1 60 82 36 1 87 34 
98
0
83 68 44 95 5 65 64 89 28 79 34 66 68 70 68 21 77 6 85 88 
99
0
44 57 63 65 28 20 57 12 24 45 59 96 18 46 89 53 67 42 54 97 
100
0
65 54 3 25 15 32 47 94 66 82 31 47 64 56 67 16 73 66 7 8 
101
0
73 36 81 10 20 56 55 18 48 23 44 47 78 24 99 36 3 53 18 68 
102
0
98 30 31 72 72 74 54 64 83 39 4 68 24 95 67 14 5 43 63 13 
103
0
31 23 30 38 22 44 64 72 2 80 1 43 42 97 60 29 29 69 52 85 
104
0
25 91 98 42 24 12 90 42 97 35 71 39 42 19 80 43 99 90 87 42 
105
0
88 4 76 20 76 58 70 23 6 27 78 70 15 23 13 84 87 59 49 22 
106
0
69 99 80 41 67 67 64 32 32 30 65 61 95 19 64 59 48 55 8 11 
107
0
66 94 52 60 38 12 56 23 34 10 1 61 75 81 30 12 41 23 29 54 
108
0
83 99 54 57 12 81 45 33 37 26 73 40 27 80 16 22 25 13 22 50 
109
0
46 21 3 58 93 56 41 56 31 85 79 1 52 92 76 1 25 81 35 66 
110
0
74 29 4 33 79 79 91 58 59 1 64 59 43 22 37 11 77 32 33 42 
111
0
10 89 33 38 6 2 65 4 98 61 56 93 13 5 47 14 9 25 1 46 
112
0
96 45 14 56 46 34 96 64 41 47 47 86 42 75 64 46 5 91 98 88 
113
0
74 86 97 86 82 63 41 31 57 42 70 4 82 2 92 35 49 79 15 69 
114
0
19 4 93 17 92 46 58 48 70 32 13 87 53 30 41 38 72 64 52 14 
115
0
67 57 56 58 75 24 20 55 41 25 64 29 75 30 10 37 17 52 34 28 
116
0
20 26 97 41 37 2 42 77 18 5 87 75 55 82 69 33 94 47 89 89 
117
0
52 36 97 39 39 88 2 26 13 66 53 77 97 21 57 95 21 87 37 88 
118
0
28 30 12 48 82 34 50 99 64 73 85 18 37 86 2 37 47 38 74 39 
119
0
74 33 52 66 43 49 82 27 64 21 16 54 66 16 3 54 59 9 47 95 
120
0
90 77 36 15 68 54 53 55 31 47 1 22 4 78 33 49 86 44 49 49 
121
0
83 72 57 7 5 33 11 49 13 70 64 59 62 84 39 56 77 57 26 33 
122
0
6 20 49 48 13 92 4 31 72 9 18 86 24 16 69 7 87 43 75 89 
123
0
35 65 46 97 82 7 54 95 1 19 82 93 69 25 60 73 61 5 67 14 
124
0
74 98 18 19 53 26 13 20 92 92 56 52 43 89 26 21 85 87 65 39 
125
0
89 25 41 33 40 32 68 75 61 79 82 50 35 40 15 52 69 69 28 98 
126
0
1 75 7 73 88 85 34 92 65 95 27 41 36 28 12 8 96 26 52 52 
127
0
91 64 13 57 71 30 57 1 88 9 83 10 47 78 15 62 40 26 81 19 
128
0
80 19 62 96 10 30 80 5 57 11 70 94 27 11 48 37 95 86 83 37 
129
0
29 26 70 90 68 31 79 90 54 11 29 59 73 32 43 24 70 62 7 60 
130
0
36 89 9 91 83 70 66 52 71 65 36 99 94 47 67 62 18 40 32 78 
131
0
67 59 90 39 60 77 37 13 89 95 60 55 77 78 57 51 53 70 3 37 
132
0
15 32 33 34 50 49 64 19 33 94 20 94 59 23 54 26 94 7 43 48 
133
0
42 87 67 85 60 46 94 71 88 27 16 52 46 56 3 57 5 74 28 36 
134
0
16 54 50 11 59 65 60 58 67 80 58 5 60 58 39 80 56 20 47 35 
135
0
7 81 54 21 22 41 50 95 90 76 82 84 23 23 23 7 94 31 58 49 
136
0
96 2 92 66 96 5 38 44 14 97 19 19 78 27 67 58 45 83 74 59 
137
0
93 60 31 96 13 36 87 50 52 98 65 17 26 56 73 77 37 17 52 99 
138
0
1 54 46 63 97 6 65 58 41 13 97 77 48 8 14 70 1 58 89 75 
139
0
39 88 31 10 66 52 76 57 62 18 94 7 21 2 57 44 27 31 27 75 
140
0
23 79 24 50 97 37 64 72 68 77 48 63 91 5 92 79 95 16 53 83 
141
0
4 31 4 15 82 97 97 38 80 59 71 48 68 2 24 26 98 45 16 77 
142
0
4 88 2 36 39 92 26 32 35 59 24 68 60 28 98 95 53 35 26 83 
143
0
50 37 57 50 1 71 9 32 19 75 79 72 96 55 3 93 24 96 41 97 
144
0
79 57 68 15 24 48 93 82 22 43 25 93 66 26 57 11 16 73 51 39 
145
0
34 69 59 84 19 64 1 5 15 24 74 9 47 39 55 31 5 61 9 88 
146
0
95 62 53 85 30 20 84 27 53 25 35 51 80 7 47 32 4 60 17 83 
147
0
7 76 38 27 48 5 23 27 17 77 85 48 29 92 62 26 83 71 82 15 
148
0
44 82 35 55 37 19 11 64 87 98 35 63 14 55 18 78 66 81 14 15 
149
0
60 5 62 79 87 76 42 8 23 21 20 58 33 32 85 61 54 13 39 37 
150
0
15 2 18 56 60 27 51 88 1 92 44 36 23 63 72 86 32 38 58 99 
151
0
14 96 37 57 43 66 35 88 23 72 11 14 78 45 4 19 35 93 77 40 
152
0
63 79 59 26 74 66 68 18 29 10 17 68 11 89 72 80 18 91 68 37 
153
0
13 95 89 73 43 4 64 92 83 58 95 65 37 72 84 82 9 80 86 58 
154
0
26 28 17 11 97 38 46 76 75 75 90 46 84 67 84 12 44 14 61 67 
155
0
95 92 63 72 11 64 83 10 6 60 52 4 37 69 50 54 54 74 29 8 
156
0
32 3 68 7 3 69 83 86 40 82 34 20 13 67 63 59 32 11 7 88 
157
0
67 68 12 87 32 29 42 52 73 9 79 38 31 85 70 92 51 83 94 34 
158
0
52 70 44 26 86 25 77 71 71 3 26 98 55 21 6 50 23 10 99 45 
159
0
42 27 94 57 14 59 47 25 81 3 80 60 61 57 71 94 50 33 37 84 
160
0
72 36 22 54 64 90 8 45 26 90 8 71 65 94 91 3 4 71 23 42 
161
0
84 61 90 59 36 13 74 90 75 3 71 88 36 40 2 99 96 62 8 40 
162
0
52 96 62 99 31 13 24 33 36 66 99 26 66 76 10 49 33 17 61 81 
163
0
75 94 96 96 77 73 45 29 32 3 17 78 26 21 51 22 76 23 11 58 
164
0
56 93 81 35 33 32 29 37 17 52 49 97 48 19 66 80 48 2 80 10 
165
0
97 11 96 49 4 62 14 17 54 89 53 85 12 80 89 53 88 8 55 5 
166
0
61 68 39 28 82 80 61 10 64 25 71 29 95 32 29 79 99 79 90 17 
167
0
20 77 53 60 91 20 54 94 44 19 25 96 59 67 27 21 7 34 1 55 
168
0
55 27 46 17 86 95 69 58 58 78 31 94 14 15 8 38 8 45 50 98 
169
0
13 54 87 15 84 97 37 31 47 21 43 88 24 19 84 58 80 13 23 70 
170
0
37 20 98 69 9 86 47 26 85 66 13 22 10 7 64 97 92 92 90 29 
171
0
67 82 90 60 45 53 51 30 31 62 24 58 44 1 73 78 11 98 54 99 
172
0
45 92 76 81 65 12 21 3 8 14 46 14 32 1 56 96 27 20 33 39 
173
0
44 1 24 9 80 61 64 53 54 15 15 90 75 90 6 32 13 45 99 33 
174
0
64 61 71 90 31 9 96 21 85 52 17 31 11 43 1 24 85 2 13 21 
175
0
83 62 54 92 24 34 66 38 61 71 58 27 43 73 56 8 30 40 47 84 
176
0
22 16 46 13 17 25 41 74 65 18 22 24 60 27 39 23 4 44 88 7 
177
0
58 31 22 9 12 10 89 11 61 74 59 97 58 15 40 47 33 9 67 37 
178
0
19 49 93 2 8 8 68 79 2 2 95 64 60 67 46 42 53 74 42 84 
179
0
66 34 24 72 92 44 92 75 70 13 81 26 1 63 48 33 47 79 2 53 
180
0
62 19 53 88 98 15 33 57 7 18 46 42 88 97 95 28 36 93 6 85 
181
0
18 7 38 2 37 50 40 36 75 60 43 54 12 18 3 98 20 11 83 93 
182
0
76 29 21 88 62 74 40 37 64 32 75 33 88 95 58 82 67 13 31 75 
183
0
47 49 18 6 4 27 43 53 51 90 79 68 85 59 73 34 69 41 82 90 
184
0
80 72 52 50 39 58 10 90 26 53 80 92 67 18 37 83 8 84 53 67 
185
0
88 61 63 88 44 51 91 62 37 96 22 92 28 64 55 30 7 49 10 53 
186
0
39 78 21 45 42 76 66 79 51 28 97 45 92 77 63 86 26 19 4 71 
187
0
77 23 56 64 78 97 32 22 92 43 92 83 3 23 21 53 96 60 66 51 
188
0
15 18 33 15 77 71 79 81 71 72 12 8 29 46 75 88 76 84 94 17 
189
0
82 25 7 64 87 64 61 11 53 43 38 86 7 85 61 53 36 40 97 79 
190
0
88 74 49 99 39 4 82 6 86 73 90 46 27 82 87 71 23 4 32 66 
191
0
21 72 41 6 47 26 87 94 29 53 34 50 23 61 61 5 71 65 39 80 
192
0
65 59 72 99 69 45 80 49 3 34 67 78 47 17 74 58 11 46 98 8 
193
0
16 73 37 57 85 20 37 7 6 56 50 81 46 18 47 3 25 58 22 27 
194
0
85 53 46 65 67 21 3 14 42 72 92 26 28 48 37 72 28 80 8 28 
195
0
42 80 42 83 84 53 23 90 3 6 61 21 58 33 98 64 98 22 1 88 
196
0
63 33 6 61 2 19 36 2 95 86 43 89 66 13 27 83 36 75 38 54 
197
0
27 86 40 33 73 60 89 85 34 1 98 29 73 28 21 80 90 82 28 41 
198
0
61 69 83 89 49 78 55 37 28 13 21 96 32 30 52 71 60 45 3 19 
199
0
6 60 22 8 26 63 40 89 23 18 56 93 84 98 1 38 49 11 48 46 
