100
20
10020014
0
0
42 36 40 72 12 13 61 97 78 11 47 91 16 6 58 48 74 37 27 98 
1
0
48 58 45 48 71 98 38 5 11 34 35 26 96 69 19 95 91 63 50 31 
2
0
90 98 73 21 59 13 55 83 27 26 59 7 73 79 81 52 7 11 37 85 
3
0
74 9 68 53 79 9 21 73 46 53 78 25 95 47 85 93 9 16 43 50 
4
0
18 32 99 23 66 36 29 42 77 27 34 40 53 32 85 45 27 35 17 84 
5
0
12 21 41 8 93 24 49 60 18 78 89 1 25 7 78 22 58 45 68 59 
6
0
71 62 45 55 72 78 90 36 75 54 97 62 16 9 18 95 84 75 7 94 
7
0
96 9 56 82 27 38 73 81 9 23 14 87 31 8 55 5 30 4 45 79 
8
0
50 89 41 88 98 47 32 67 25 42 96 26 65 8 93 69 82 15 75 96 
9
0
90 77 20 73 11 25 73 7 43 37 75 86 53 17 75 35 31 36 82 31 
10
0
19 19 80 31 30 78 51 17 36 81 56 89 9 46 82 99 54 53 2 75 
11
0
32 83 77 60 25 90 85 22 43 81 52 8 25 24 54 17 12 9 79 88 
12
0
40 92 53 44 19 2 69 29 84 76 40 1 47 47 35 64 43 86 29 30 
13
0
4 4 97 15 75 97 43 75 84 58 19 37 14 80 93 56 11 99 46 58 
14
0
33 65 82 82 27 16 11 60 43 26 97 30 74 81 56 33 24 1 21 37 
15
0
35 70 22 75 26 34 57 29 51 93 70 72 71 40 60 60 37 46 92 18 
16
0
23 81 88 51 40 80 99 88 7 8 6 50 13 95 90 94 69 60 43 73 
17
0
93 16 35 11 91 89 51 58 93 10 33 20 95 28 28 55 31 4 45 49 
18
0
19 88 68 6 71 60 43 81 84 63 58 29 39 81 53 40 46 17 44 58 
19
0
16 99 16 51 70 55 48 41 89 54 5 35 53 39 69 79 90 11 9 87 
20
0
31 45 20 83 70 87 17 17 9 14 39 89 71 25 50 6 70 81 83 15 
21
0
20 9 16 34 94 41 69 35 29 95 59 13 79 48 97 60 9 39 51 73 
22
0
21 5 29 37 60 21 63 6 78 18 56 88 68 88 76 98 61 75 72 79 
23
0
70 30 52 95 91 71 34 96 31 65 18 8 47 42 86 84 99 52 66 28 
24
0
9 81 64 69 80 37 17 10 26 24 30 11 58 35 11 6 36 27 35 50 
25
0
73 26 30 5 67 36 14 16 37 76 61 91 59 53 93 52 9 63 56 69 
26
0
49 7 58 78 71 98 74 89 45 82 24 51 38 5 11 26 15 25 51 40 
27
0
16 62 73 83 66 76 6 94 73 33 10 96 46 95 72 18 89 24 4 60 
28
0
38 54 36 79 48 51 66 92 4 34 25 75 58 70 76 15 49 69 2 34 
29
0
57 60 47 91 57 42 89 57 69 76 3 79 78 15 64 26 77 13 90 60 
30
0
47 85 47 6 48 79 75 91 99 22 61 12 21 93 17 18 50 75 5 8 
31
0
3 17 63 47 69 36 76 46 97 99 38 5 75 17 14 89 90 28 55 72 
32
0
67 40 65 89 3 28 48 98 62 1 2 62 26 65 15 37 97 89 60 68 
33
0
10 60 83 1 37 69 14 29 76 53 90 3 93 97 94 14 31 44 6 19 
34
0
79 73 62 82 94 4 72 82 7 71 6 63 14 42 39 74 53 12 85 9 
35
0
54 31 10 24 33 50 26 94 24 57 11 75 67 65 3 66 34 39 36 24 
36
0
31 15 48 26 4 77 35 47 94 8 20 69 74 50 8 98 87 36 70 14 
37
0
66 76 97 44 32 45 69 54 35 58 20 31 37 82 83 60 75 49 55 3 
38
0
48 19 20 10 34 53 35 94 72 25 43 58 40 77 77 55 1 33 51 69 
39
0
59 94 97 81 92 53 97 20 17 31 78 79 80 96 49 32 71 91 84 4 
40
0
10 53 61 60 14 55 85 36 12 30 75 64 90 53 21 90 52 5 95 89 
41
0
62 81 30 42 79 55 40 58 10 91 16 53 16 94 11 92 67 3 32 72 
42
0
33 10 99 64 15 73 31 52 60 34 78 12 56 70 19 91 85 3 50 96 
43
0
2 72 46 1 53 80 58 36 30 77 12 47 81 18 42 49 57 44 35 84 
44
0
24 84 87 65 27 50 31 63 39 56 77 63 26 35 32 76 96 73 26 85 
45
0
56 99 91 51 78 70 22 12 8 43 26 39 7 51 2 43 45 6 27 48 
46
0
72 10 86 78 16 37 74 20 94 29 74 7 39 23 49 66 2 41 95 38 
47
0
81 69 4 62 12 20 37 19 38 32 31 65 81 37 54 52 50 8 27 11 
48
0
68 13 29 60 73 19 70 13 70 85 9 89 53 56 99 35 62 94 34 38 
49
0
40 62 29 86 31 20 96 77 78 96 63 94 67 60 56 38 23 47 60 14 
50
0
41 39 34 33 41 1 13 47 23 60 62 22 32 93 28 42 47 33 92 21 
51
0
97 76 59 34 59 64 25 23 51 81 55 74 9 30 5 2 86 5 56 31 
52
0
16 44 3 34 41 92 74 45 12 75 5 50 99 66 26 88 42 84 2 32 
53
0
39 93 78 31 88 94 84 61 80 87 54 95 83 37 99 58 18 35 47 68 
54
0
13 20 90 58 28 5 22 15 45 49 67 18 50 43 68 27 51 9 65 14 
55
0
48 75 48 87 16 1 85 36 80 69 32 64 79 13 67 37 78 46 71 72 
56
0
98 60 76 36 5 40 46 3 23 41 49 61 85 49 82 95 41 83 80 25 
57
0
56 61 60 75 83 74 80 24 58 80 74 4 37 68 93 11 69 41 43 4 
58
0
90 64 91 48 6 25 73 59 93 41 80 20 53 55 7 84 38 97 36 6 
59
0
41 66 90 61 41 93 69 7 45 90 99 42 64 55 71 35 87 27 39 27 
60
0
65 88 45 46 45 1 45 2 36 90 94 93 10 25 68 8 32 47 27 92 
61
0
47 34 28 90 23 98 26 38 58 65 3 7 69 99 35 26 42 44 29 64 
62
0
70 43 33 36 36 68 77 23 11 56 62 72 83 7 17 36 5 16 25 5 
63
0
54 20 99 44 93 4 31 78 30 58 55 35 12 10 84 69 91 71 67 81 
64
0
77 71 33 39 6 28 78 69 55 79 23 68 59 93 63 19 85 69 49 16 
65
0
30 9 61 99 65 25 92 25 93 73 16 39 70 80 58 42 20 18 80 95 
66
0
69 5 81 21 57 10 30 21 55 62 4 83 36 41 17 8 29 49 63 44 
67
0
87 73 92 6 93 9 65 44 77 74 39 93 20 28 75 56 86 43 3 44 
68
0
6 80 33 57 51 28 52 87 29 15 76 26 50 22 50 74 73 53 31 15 
69
0
76 36 29 2 24 48 3 31 68 97 25 15 80 74 50 11 81 7 98 13 
70
0
10 92 21 84 80 58 15 77 48 56 89 53 71 45 24 90 55 86 8 45 
71
0
70 8 78 39 52 72 82 85 73 35 69 90 27 56 99 22 26 92 12 66 
72
0
52 7 39 78 38 23 57 92 88 10 26 98 79 63 93 44 60 49 24 78 
73
0
56 76 48 98 53 82 38 18 28 53 3 3 14 36 2 36 8 34 5 86 
74
0
30 91 86 34 67 44 66 94 70 8 78 24 60 72 90 84 6 86 38 63 
75
0
67 19 5 41 4 39 4 28 61 88 59 23 99 6 10 1 37 44 26 69 
76
0
31 33 41 44 68 41 76 28 36 43 76 21 42 29 35 84 66 70 3 67 
77
0
22 76 31 38 80 31 41 15 62 72 37 67 64 15 24 78 71 55 5 87 
78
0
57 71 29 74 8 59 15 34 26 27 92 93 69 28 31 10 43 21 94 50 
79
0
34 36 92 65 43 43 74 22 93 41 18 76 3 81 5 23 70 5 22 85 
80
0
93 82 79 86 22 69 80 53 69 6 53 13 50 13 17 65 70 25 73 83 
81
0
82 3 75 84 58 40 48 84 57 92 16 55 22 44 6 4 64 39 62 98 
82
0
59 9 54 58 5 78 68 55 14 10 96 70 38 66 97 96 90 59 23 4 
83
0
75 53 46 28 1 55 97 2 5 90 74 27 69 90 75 16 4 60 98 42 
84
0
42 59 97 26 8 78 59 80 99 72 37 29 54 79 62 86 74 31 61 10 
85
0
86 82 93 37 31 8 54 50 6 80 97 38 93 6 58 90 52 47 26 97 
86
0
94 4 39 52 41 83 89 2 55 35 34 34 97 48 71 59 87 49 10 74 
87
0
38 2 36 31 33 87 59 91 31 86 61 11 94 91 22 50 48 66 27 42 
88
0
94 95 69 46 47 83 44 23 94 11 93 6 68 71 61 73 25 24 83 15 
89
0
3 61 77 51 62 48 35 1 85 58 15 60 15 8 6 63 67 61 56 1 
90
0
94 13 86 88 42 20 27 77 52 97 33 48 64 41 11 95 92 33 24 36 
91
0
4 95 63 51 68 38 80 35 20 92 75 4 36 20 49 95 28 57 8 22 
92
0
70 66 58 39 21 44 66 46 18 46 61 52 49 4 74 88 98 51 91 31 
93
0
68 50 53 82 66 58 7 69 37 37 49 51 1 68 86 75 8 25 65 37 
94
0
37 77 19 93 77 46 96 22 33 8 65 72 23 27 98 68 32 55 93 94 
95
0
8 17 95 6 6 2 94 45 99 97 7 81 7 78 94 51 65 9 52 78 
96
0
9 18 74 59 51 19 57 28 1 89 16 10 74 14 57 66 81 96 7 73 
97
0
39 63 63 20 62 18 24 74 57 81 50 37 94 90 66 81 37 7 9 49 
98
0
83 96 93 20 40 47 44 9 12 48 7 39 95 89 24 80 79 90 37 76 
99
0
86 36 65 46 77 84 26 28 18 99 53 83 35 97 28 56 63 35 60 52 
