200
20
20020027
0
0
62 72 62 67 70 67 72 66 62 72 70 69 68 66 63 70 71 69 66 67 
1
0
25 30 33 26 29 25 26 29 29 26 22 32 24 23 25 26 25 23 24 25 
2
0
68 71 70 67 73 76 67 68 75 72 70 72 73 68 67 74 71 70 77 67 
3
0
17 15 11 9 19 14 15 11 10 19 10 20 10 17 10 18 17 11 18 17 
4
0
5 10 11 10 10 11 6 10 6 12 10 4 10 3 7 3 6 7 7 3 
5
0
71 68 70 72 69 68 74 72 75 76 68 68 76 70 78 68 68 71 68 72 
6
0
32 34 24 23 29 34 30 32 31 34 31 24 29 27 29 31 26 30 26 31 
7
0
80 80 83 83 77 81 76 81 84 81 86 76 83 81 77 77 85 84 83 85 
8
0
83 93 86 89 87 88 85 85 85 89 84 91 89 88 89 89 87 88 90 84 
9
0
21 18 24 25 25 25 15 24 24 25 20 15 21 16 23 17 24 25 15 19 
10
0
67 72 66 68 72 69 66 66 68 73 63 70 64 64 66 73 72 68 67 67 
11
0
98 96 98 100 90 90 94 92 92 96 99 91 92 92 93 98 91 100 98 96 
12
0
24 32 23 33 25 26 29 31 28 29 24 31 24 26 30 26 30 25 30 26 
13
0
44 38 44 42 47 41 37 38 41 39 43 42 42 41 43 45 45 42 41 41 
14
0
15 15 17 14 15 24 18 18 23 20 16 22 22 18 21 19 16 15 24 25 
15
0
12 4 2 8 7 5 2 6 8 8 6 9 5 6 12 1 1 4 4 6 
16
0
39 44 44 43 38 34 35 36 34 35 34 41 40 36 43 40 36 35 41 34 
17
0
75 78 76 81 75 80 78 74 82 77 75 80 78 76 81 76 79 74 80 79 
18
0
47 44 48 51 49 52 51 52 46 45 44 45 51 53 52 50 44 45 48 48 
19
0
22 23 22 23 23 26 28 28 20 23 24 22 24 19 24 27 17 19 22 25 
20
0
31 33 34 32 38 31 37 34 28 39 34 33 29 33 33 32 33 31 31 30 
21
0
71 63 69 64 63 67 69 66 71 65 61 63 68 66 61 62 64 68 62 64 
22
0
76 70 76 72 69 72 67 78 78 69 72 73 72 69 74 73 77 73 70 71 
23
0
86 79 81 81 82 80 80 84 85 81 82 85 81 85 80 83 82 81 78 79 
24
0
82 82 79 75 84 80 82 84 78 84 82 75 81 75 76 81 83 82 76 79 
25
0
20 13 23 19 18 23 21 23 13 19 21 21 21 15 17 15 13 23 21 18 
26
0
12 17 16 11 17 11 10 13 19 10 15 11 18 11 19 12 13 9 15 9 
27
0
83 80 87 82 88 87 85 78 80 86 86 80 85 81 81 82 78 80 86 87 
28
0
39 38 41 37 40 39 40 43 39 40 44 39 38 42 39 45 39 45 45 37 
29
0
52 55 50 47 48 52 57 54 52 53 55 54 52 55 51 52 50 55 54 57 
30
0
69 65 67 74 68 66 66 67 75 72 71 71 74 69 69 66 64 74 75 72 
31
0
17 7 17 16 17 12 9 6 9 10 10 14 12 17 7 12 8 14 7 10 
32
0
52 53 46 46 45 50 53 52 54 48 49 46 44 44 52 47 48 51 43 43 
33
0
38 40 34 40 32 34 37 32 38 34 36 36 34 38 35 42 42 38 36 34 
34
0
20 11 11 18 22 15 14 18 20 21 18 17 15 18 15 14 18 17 13 17 
35
0
62 60 58 55 62 54 58 56 57 58 58 52 58 58 58 61 58 52 57 53 
36
0
17 16 13 22 23 15 15 20 20 22 21 16 15 17 18 20 19 16 20 19 
37
0
93 93 97 99 95 98 90 93 89 96 89 93 96 97 97 92 96 95 98 93 
38
0
73 72 72 71 75 77 74 75 73 74 73 74 68 69 69 77 77 78 76 74 
39
0
33 36 37 36 39 35 33 41 34 37 34 41 36 32 30 37 34 37 38 31 
40
0
37 29 33 32 35 31 31 34 39 37 36 30 32 40 33 33 32 37 32 38 
41
0
38 39 40 37 39 39 34 35 40 40 33 35 40 34 43 34 39 38 40 43 
42
0
37 39 36 35 39 40 38 41 35 37 42 44 39 39 42 41 41 43 37 35 
43
0
94 94 96 88 95 88 95 87 86 86 87 96 95 90 90 87 89 92 93 94 
44
0
58 54 56 63 55 63 59 61 56 61 54 60 60 60 60 58 60 58 54 57 
45
0
68 71 69 73 63 74 66 71 72 71 67 68 72 68 65 70 66 71 66 73 
46
0
56 64 56 62 62 65 59 58 57 56 55 63 61 56 63 61 64 63 62 59 
47
0
12 13 14 16 13 19 21 13 19 20 15 12 15 17 14 19 13 10 17 16 
48
0
22 29 26 24 30 25 23 25 29 26 29 24 30 31 31 26 22 24 32 26 
49
0
84 83 91 81 89 85 84 81 82 83 82 90 92 90 88 85 82 85 91 89 
50
0
37 33 39 34 36 33 37 37 36 42 33 42 38 32 39 37 40 37 40 41 
51
0
79 80 80 78 84 83 80 83 86 87 78 85 85 78 84 79 77 77 83 78 
52
0
9 13 7 12 14 16 13 10 7 16 15 9 13 7 17 15 12 9 17 11 
53
0
82 87 86 82 89 89 85 91 82 89 89 92 86 87 87 90 89 82 86 91 
54
0
12 7 8 2 12 3 11 3 5 3 9 7 2 9 7 2 9 4 8 8 
55
0
86 91 88 90 88 88 86 91 86 94 86 89 89 85 89 90 85 95 86 93 
56
0
55 49 55 52 46 55 54 45 51 52 50 48 50 50 50 50 50 45 56 55 
57
0
87 87 84 86 87 93 87 84 89 84 84 85 85 91 93 94 86 85 84 87 
58
0
30 31 28 37 29 32 28 32 31 35 32 29 33 28 28 29 37 36 35 38 
59
0
44 39 37 44 47 44 39 37 43 42 44 47 44 38 45 44 40 45 44 37 
60
0
45 41 39 41 47 49 49 40 50 41 40 42 40 42 50 48 49 48 40 46 
61
0
37 31 33 31 28 39 29 36 34 32 31 34 38 30 38 31 39 33 37 30 
62
0
33 31 34 32 39 41 41 40 37 40 37 32 37 37 36 36 33 35 33 30 
63
0
75 78 86 78 76 76 81 77 82 76 79 82 84 84 79 82 81 84 78 83 
64
0
82 88 84 80 88 88 83 88 85 86 88 85 80 81 87 84 86 80 83 85 
65
0
13 7 6 12 6 7 14 15 14 7 13 9 8 11 11 9 11 12 5 10 
66
0
20 15 21 22 20 18 17 22 21 15 15 23 16 23 20 23 23 17 22 22 
67
0
29 36 31 34 30 37 28 31 30 37 34 27 35 35 30 33 32 35 36 34 
68
0
67 72 68 71 67 66 66 74 66 69 69 74 69 66 71 74 74 72 67 71 
69
0
21 25 28 25 21 21 28 21 25 29 27 23 25 27 20 24 27 23 21 19 
70
0
95 98 89 90 98 97 98 98 92 90 96 98 88 96 98 92 98 95 91 98 
71
0
53 49 56 52 53 54 56 59 56 51 53 60 53 50 58 59 55 49 55 60 
72
0
18 26 22 16 17 26 19 18 23 17 20 20 24 24 20 22 20 26 24 20 
73
0
77 78 77 69 70 77 77 69 73 70 69 70 69 71 77 75 74 77 69 70 
74
0
90 86 89 91 88 86 82 82 90 91 91 88 91 84 87 92 86 86 91 86 
75
0
84 84 85 89 83 90 84 89 81 81 84 88 87 80 83 90 87 80 85 81 
76
0
96 87 89 91 95 94 92 93 90 88 94 94 89 88 89 96 94 89 92 90 
77
0
83 86 84 84 79 83 79 81 80 81 79 79 81 83 83 82 85 78 77 84 
78
0
58 63 59 60 59 61 57 58 56 64 62 54 63 63 57 63 59 64 60 56 
79
0
44 51 47 49 42 41 50 49 42 41 48 46 43 47 49 52 46 44 46 51 
80
0
23 19 26 18 17 22 16 19 25 20 17 18 24 22 18 17 21 15 18 18 
81
0
55 56 52 50 56 53 51 59 52 61 59 52 53 56 50 54 60 56 56 51 
82
0
31 32 26 30 28 27 22 25 27 24 27 31 26 32 27 32 25 26 29 26 
83
0
22 18 19 21 17 24 21 19 24 19 20 23 26 26 24 25 21 27 18 25 
84
0
22 15 18 15 18 17 21 17 16 16 19 22 22 22 19 19 20 18 15 18 
85
0
9 7 15 7 16 8 8 15 13 7 16 8 7 13 10 10 11 16 6 17 
86
0
26 25 28 28 24 23 29 30 27 32 21 24 24 25 29 22 23 28 22 25 
87
0
87 84 80 87 78 78 86 84 86 80 80 85 84 80 87 85 82 81 86 81 
88
0
19 23 29 19 30 21 24 24 26 26 22 26 26 19 21 30 27 22 24 23 
89
0
48 46 47 42 44 39 38 42 46 40 47 41 44 44 44 46 40 48 49 39 
90
0
61 56 67 66 58 61 63 66 58 59 61 64 64 66 64 66 66 64 60 63 
91
0
54 45 51 48 47 48 53 50 51 53 52 52 50 48 48 53 48 45 46 47 
92
0
62 58 64 67 63 64 64 67 62 65 60 64 66 60 66 61 61 61 57 66 
93
0
8 3 11 5 10 6 3 10 6 11 4 10 12 3 9 9 12 3 4 2 
94
0
35 34 32 30 33 27 28 33 33 33 25 31 28 30 35 25 30 24 29 30 
95
0
75 72 74 73 70 72 73 75 69 72 70 72 72 72 73 77 75 74 69 68 
96
0
66 59 58 60 66 66 59 66 67 62 58 60 64 65 65 57 59 68 58 61 
97
0
85 85 88 86 79 82 81 79 80 82 87 80 84 88 83 81 80 88 83 78 
98
0
13 17 11 8 17 14 17 16 11 15 8 13 17 17 12 13 17 17 10 17 
99
0
74 81 82 78 78 77 78 77 77 72 79 81 79 82 81 75 80 74 81 79 
100
0
66 67 67 65 73 65 64 74 74 74 68 69 67 66 67 74 72 71 68 71 
101
0
85 85 91 88 90 90 96 91 95 87 91 95 91 93 85 90 94 94 93 88 
102
0
33 29 37 28 31 36 33 30 33 29 31 26 28 26 32 35 32 35 35 32 
103
0
23 19 18 15 22 14 20 15 24 18 21 18 18 23 22 24 22 16 14 20 
104
0
51 56 50 59 58 53 51 52 57 58 57 58 52 56 53 51 58 52 58 53 
105
0
8 14 8 14 6 7 9 13 10 12 8 4 5 7 13 9 11 9 8 4 
106
0
56 53 56 52 58 50 50 50 56 49 58 53 56 52 50 54 49 59 53 58 
107
0
22 27 28 23 29 27 28 19 28 26 21 20 29 25 26 24 20 29 28 25 
108
0
71 69 69 69 74 67 67 68 64 70 67 64 73 73 69 70 72 64 70 69 
109
0
51 55 51 56 51 53 50 53 55 51 52 54 54 56 60 52 55 58 60 52 
110
0
7 4 8 3 13 9 12 7 13 9 4 12 12 10 8 7 2 11 6 5 
111
0
6 10 14 13 11 14 9 14 12 9 7 16 16 13 11 12 15 10 15 9 
112
0
78 84 82 87 88 87 84 86 88 87 84 80 78 78 86 83 78 77 85 82 
113
0
10 5 5 4 12 5 6 4 3 10 3 10 9 3 13 11 3 4 12 4 
114
0
81 79 78 73 72 76 71 78 78 75 80 80 73 76 73 79 80 82 73 72 
115
0
67 71 67 63 62 64 66 67 71 68 61 70 69 71 61 67 69 69 68 67 
116
0
83 87 87 92 87 92 93 86 83 90 87 83 93 89 87 87 82 88 93 90 
117
0
34 30 35 31 35 26 31 32 32 32 27 35 33 29 27 29 26 25 30 35 
118
0
52 59 54 58 54 55 50 51 59 57 51 51 53 58 51 59 49 58 60 58 
119
0
42 40 33 34 35 40 38 36 42 33 37 33 41 38 41 32 36 41 38 38 
120
0
38 38 31 38 31 30 28 35 36 28 39 34 31 30 37 28 38 35 29 33 
121
0
57 56 55 58 64 61 65 59 55 62 56 62 64 57 59 64 57 60 60 63 
122
0
93 94 89 84 85 89 85 88 88 91 94 85 93 93 84 90 89 89 87 88 
123
0
83 84 76 82 74 81 80 76 84 78 75 80 74 80 79 74 77 78 83 81 
124
0
13 14 12 10 16 9 14 11 9 8 11 16 8 10 18 16 12 14 17 18 
125
0
75 79 82 85 75 85 76 77 79 86 82 84 83 85 82 81 77 81 76 79 
126
0
76 74 81 76 81 82 77 84 78 83 79 79 77 84 81 84 77 85 78 74 
127
0
58 59 62 64 60 59 61 58 60 62 66 59 65 57 56 57 64 57 59 63 
128
0
11 12 11 13 19 18 10 12 9 16 16 18 17 12 20 13 15 18 14 14 
129
0
66 64 60 63 63 65 59 64 62 64 69 63 66 67 65 62 66 58 60 64 
130
0
18 17 24 18 18 24 18 15 19 22 18 21 23 21 16 23 24 22 16 17 
131
0
18 28 24 18 28 25 22 18 19 20 26 29 20 19 24 18 18 23 22 22 
132
0
94 94 95 86 90 86 94 90 95 90 95 90 94 91 87 94 88 89 92 89 
133
0
64 63 63 57 64 57 57 57 64 56 54 56 62 56 61 60 58 63 58 62 
134
0
42 49 50 44 43 48 43 48 44 42 45 50 48 47 41 43 47 49 43 44 
135
0
24 18 17 21 23 15 23 23 20 19 14 15 17 20 23 14 19 22 15 15 
136
0
49 46 47 45 43 43 46 42 41 44 49 48 51 41 47 50 41 50 45 44 
137
0
13 12 16 13 16 16 17 13 13 15 19 21 20 12 21 19 13 14 14 14 
138
0
70 70 71 79 78 79 70 75 70 77 77 76 76 76 69 75 75 73 70 76 
139
0
11 16 16 15 12 15 19 15 21 12 15 15 15 13 17 22 17 20 21 18 
140
0
39 39 37 41 42 41 36 41 39 40 42 38 32 34 41 38 38 33 32 42 
141
0
37 42 43 41 34 37 41 42 39 43 33 37 41 37 43 41 39 37 43 42 
142
0
47 44 44 42 48 41 42 41 37 39 44 41 47 45 47 45 47 41 42 46 
143
0
60 62 59 60 63 60 58 64 60 64 57 58 54 61 55 55 55 61 58 60 
144
0
40 39 37 46 37 45 41 39 40 42 42 47 48 46 43 37 41 42 40 38 
145
0
81 89 86 81 83 85 82 88 86 83 88 83 82 81 88 81 83 87 85 81 
146
0
13 14 20 16 16 19 9 17 14 17 19 12 19 14 10 17 14 15 12 14 
147
0
68 72 74 72 71 71 76 72 71 75 73 73 68 69 67 70 73 72 68 73 
148
0
89 97 94 91 94 99 91 94 91 91 95 99 96 92 89 91 90 90 91 92 
149
0
67 67 61 67 61 63 57 61 65 63 67 62 60 59 62 63 63 63 67 68 
150
0
7 13 14 12 15 6 10 13 6 15 16 13 12 14 16 8 9 7 13 15 
151
0
23 33 29 27 23 32 26 31 26 27 32 28 33 28 27 32 27 24 28 24 
152
0
48 49 46 50 46 42 45 40 45 42 43 48 49 42 49 47 42 42 45 49 
153
0
61 66 62 62 58 65 67 65 61 57 57 63 58 57 61 64 57 61 61 62 
154
0
56 56 54 51 56 56 58 53 49 58 52 59 53 53 59 53 51 52 53 59 
155
0
76 79 77 73 78 74 73 74 81 72 74 73 72 73 76 72 72 74 82 82 
156
0
56 57 59 64 56 62 58 61 57 56 63 60 55 58 55 56 63 62 55 53 
157
0
47 53 49 51 51 45 45 53 48 54 45 53 44 48 46 46 44 46 47 52 
158
0
10 11 9 15 9 13 9 15 7 8 6 16 7 12 13 9 6 6 6 13 
159
0
35 27 30 30 28 29 30 26 31 26 34 26 28 34 35 30 33 33 36 30 
160
0
76 72 77 71 70 74 71 70 72 75 74 79 75 76 80 71 72 78 74 74 
161
0
67 64 68 65 61 63 62 69 59 69 69 61 63 61 68 68 68 59 62 64 
162
0
44 34 38 37 36 43 34 34 34 34 35 34 34 35 42 37 35 42 35 38 
163
0
7 8 13 11 10 12 8 10 11 15 16 10 12 6 13 10 16 11 12 16 
164
0
61 57 62 61 65 60 59 63 63 65 58 62 68 64 64 58 59 62 65 61 
165
0
10 10 14 13 17 10 17 8 17 6 15 12 7 11 16 14 16 10 14 16 
166
0
10 14 19 12 16 19 15 14 14 16 10 9 14 11 19 19 12 17 16 15 
167
0
53 50 60 60 60 56 50 53 54 58 53 59 51 56 59 52 50 56 54 59 
168
0
89 85 82 86 91 84 89 90 85 91 83 90 89 88 87 82 89 83 89 89 
169
0
14 16 13 16 11 12 17 15 18 15 13 15 11 20 20 16 15 18 16 16 
170
0
58 60 55 50 61 56 55 56 54 52 57 58 50 55 57 55 50 56 59 51 
171
0
82 76 80 85 78 76 83 80 80 76 78 85 82 81 78 81 75 78 80 75 
172
0
79 81 78 80 80 82 81 78 73 80 76 73 81 81 77 79 74 81 76 82 
173
0
45 43 46 46 52 43 45 52 44 47 51 51 50 51 46 47 43 48 42 44 
174
0
11 8 8 5 9 11 12 2 8 8 1 11 11 9 5 7 4 6 9 2 
175
0
62 59 66 57 60 59 59 62 62 65 66 59 66 66 57 57 59 58 60 66 
176
0
27 30 25 30 27 29 29 22 26 20 26 23 26 29 20 24 26 23 28 21 
177
0
92 90 93 91 87 94 90 96 97 95 90 89 88 93 94 92 90 88 97 95 
178
0
92 90 85 92 87 90 90 88 90 87 91 90 90 93 94 92 92 86 96 92 
179
0
42 43 41 42 44 45 42 42 42 40 42 48 41 41 47 47 43 44 41 49 
180
0
57 56 62 65 64 61 61 64 55 64 58 55 55 59 62 56 60 60 63 55 
181
0
90 86 92 91 87 90 87 85 85 90 96 93 87 86 95 95 93 87 86 89 
182
0
28 22 21 21 25 29 22 22 26 23 24 22 25 21 20 25 26 28 21 21 
183
0
28 23 30 26 26 24 32 26 25 27 23 23 23 23 27 27 31 23 25 26 
184
0
37 44 40 36 45 37 37 37 36 37 36 44 36 40 44 43 37 45 40 37 
185
0
11 15 12 12 11 12 16 20 21 16 18 11 18 20 13 18 14 18 21 13 
186
0
41 48 43 47 45 48 45 39 47 41 48 39 46 42 40 47 46 47 46 42 
187
0
40 40 40 41 39 42 41 40 42 45 40 42 36 37 34 41 35 35 36 40 
188
0
25 19 28 28 21 21 24 25 19 20 21 23 24 25 27 24 19 19 21 18 
189
0
53 58 56 55 58 54 61 58 59 55 53 54 63 56 57 59 62 56 53 56 
190
0
38 42 40 35 36 42 42 39 42 36 43 36 41 37 44 35 39 41 37 40 
191
0
18 19 20 20 25 19 23 24 17 24 23 23 22 19 28 23 20 24 22 21 
192
0
83 81 81 86 86 80 82 82 79 81 84 83 76 78 86 76 82 85 86 76 
193
0
31 26 28 27 36 29 34 30 32 28 26 30 26 33 28 27 32 26 28 29 
194
0
71 69 68 68 69 71 68 78 72 76 74 69 75 75 74 72 69 77 69 74 
195
0
93 89 94 100 96 90 96 89 100 90 98 97 91 92 100 94 97 99 100 91 
196
0
20 17 14 24 14 23 23 14 14 14 14 13 18 20 15 13 18 18 19 13 
197
0
86 95 89 91 88 93 92 87 84 94 94 89 91 87 92 94 89 93 86 85 
198
0
16 13 14 11 14 14 8 16 8 9 8 10 8 7 8 15 17 16 14 7 
199
0
51 59 51 59 59 53 49 50 54 56 55 53 55 57 57 52 55 52 58 54 
