50
5
5005101
0
0
26 67 85 95 69 
1
0
26 71 83 93 61 
2
0
18 71 84 87 65 
3
0
25 70 91 94 63 
4
0
25 73 87 87 64 
5
0
16 70 88 91 60 
6
0
21 70 87 86 71 
7
0
17 72 84 89 70 
8
0
20 67 86 94 69 
9
0
23 66 85 91 69 
10
0
20 71 84 93 62 
11
0
21 67 92 96 61 
12
0
26 71 86 93 64 
13
0
26 68 90 92 71 
14
0
26 67 92 86 64 
15
0
21 69 89 88 63 
16
0
18 75 90 95 71 
17
0
16 72 92 92 61 
18
0
17 72 88 89 70 
19
0
21 69 86 87 68 
20
0
24 70 90 89 70 
21
0
22 72 89 94 62 
22
0
23 68 91 93 68 
23
0
24 69 91 86 67 
24
0
24 74 92 94 62 
25
0
22 70 86 96 62 
26
0
21 75 88 93 64 
27
0
25 72 92 86 62 
28
0
24 68 89 90 60 
29
0
23 70 85 91 64 
30
0
18 71 90 89 63 
31
0
24 69 89 96 64 
32
0
23 72 88 91 63 
33
0
18 70 87 95 67 
34
0
21 66 89 95 66 
35
0
26 69 87 90 62 
36
0
25 73 89 92 69 
37
0
18 73 85 89 69 
38
0
26 76 90 89 63 
39
0
22 74 90 95 71 
40
0
20 74 89 88 68 
41
0
19 74 87 95 68 
42
0
16 68 90 88 70 
43
0
19 68 86 87 65 
44
0
18 76 94 93 69 
45
0
22 74 84 94 63 
46
0
22 68 90 86 65 
47
0
26 66 90 88 70 
48
0
18 73 86 96 61 
49
0
24 73 93 97 61 
