50
5
5005101
0
0
18 78 66 66 6 
1
0
91 73 69 25 20 
2
0
95 6 92 91 92 
3
0
24 50 17 95 98 
4
0
83 51 2 86 67 
5
0
84 36 7 68 81 
6
0
6 64 70 16 12 
7
0
47 38 38 75 46 
8
0
12 38 44 9 26 
9
0
35 58 34 46 38 
10
0
63 10 10 4 4 
11
0
40 5 30 30 95 
12
0
48 42 18 74 93 
13
0
90 10 6 45 84 
14
0
88 42 81 65 80 
15
0
96 20 31 93 17 
16
0
45 14 59 63 11 
17
0
20 30 82 61 41 
18
0
6 79 57 4 98 
19
0
15 57 62 19 41 
20
0
47 58 82 85 23 
21
0
79 25 41 55 98 
22
0
58 40 31 33 8 
23
0
63 59 63 14 91 
24
0
75 21 55 32 77 
25
0
75 27 75 74 89 
26
0
57 71 71 66 16 
27
0
45 40 81 4 73 
28
0
79 79 30 71 66 
29
0
74 55 45 94 23 
30
0
70 20 85 64 22 
31
0
17 37 58 3 38 
32
0
74 45 16 36 22 
33
0
68 32 61 47 3 
34
0
18 59 56 32 40 
35
0
45 39 47 90 24 
36
0
92 6 34 44 34 
37
0
88 32 58 83 30 
38
0
21 63 36 86 61 
39
0
94 67 58 43 57 
40
0
57 92 20 55 15 
41
0
42 70 67 26 85 
42
0
30 77 59 30 78 
43
0
5 72 53 79 31 
44
0
27 19 33 22 97 
45
0
19 16 59 81 74 
46
0
56 87 28 18 76 
47
0
53 74 95 10 93 
48
0
92 15 13 63 47 
49
0
17 1 66 71 83 
