10
20
1020004
0
0
98 65 37 88 65 74 77 24 95 71 21 79 51 3 15 99 58 82 3 46 
1
0
7 77 91 5 22 31 37 53 19 49 59 50 1 47 82 88 35 88 98 2 
2
0
45 97 53 11 50 87 86 54 12 95 77 74 60 36 29 92 2 47 71 2 
3
0
96 69 94 99 96 8 87 45 16 23 97 79 78 86 19 15 16 18 61 98 
4
0
71 9 61 47 55 71 90 46 55 22 99 77 92 54 14 94 80 12 58 43 
5
0
25 32 46 23 89 2 20 60 80 57 20 77 82 40 66 6 57 27 22 73 
6
0
69 6 56 87 93 67 46 32 94 4 6 51 99 85 73 90 7 52 93 60 
7
0
72 18 95 72 81 1 91 86 14 22 96 40 98 26 91 42 3 10 95 1 
8
0
6 50 1 10 26 90 33 59 4 69 97 3 55 70 94 20 31 37 11 68 
9
0
49 35 21 90 38 85 35 72 22 17 71 33 60 55 79 67 93 25 48 63 
