200
5
20005025
0
0
59 55 55 61 62 
1
0
72 71 73 72 70 
2
0
57 51 54 49 52 
3
0
68 65 64 66 65 
4
0
76 82 74 77 76 
5
0
96 95 96 93 97 
6
0
41 41 36 34 34 
7
0
38 39 45 38 37 
8
0
64 65 73 68 65 
9
0
88 84 85 89 90 
10
0
67 72 76 67 76 
11
0
56 52 48 57 50 
12
0
39 40 35 36 35 
13
0
79 85 82 85 82 
14
0
61 61 54 61 56 
15
0
43 43 36 45 37 
16
0
15 19 18 16 18 
17
0
62 71 69 67 62 
18
0
42 49 41 47 45 
19
0
68 65 66 71 69 
20
0
94 87 87 95 94 
21
0
90 84 87 87 86 
22
0
57 65 57 65 61 
23
0
10 13 12 12 15 
24
0
15 6 7 6 13 
25
0
33 34 38 37 32 
26
0
85 84 85 87 83 
27
0
63 65 72 67 66 
28
0
71 74 74 73 66 
29
0
40 46 39 44 42 
30
0
25 31 30 30 26 
31
0
28 36 33 35 38 
32
0
77 75 71 74 73 
33
0
14 9 11 9 15 
34
0
99 94 93 93 91 
35
0
73 76 78 80 80 
36
0
24 16 15 22 17 
37
0
80 83 80 83 87 
38
0
74 68 73 68 68 
39
0
71 72 74 74 68 
40
0
93 94 92 85 84 
41
0
63 64 63 67 62 
42
0
45 44 42 40 43 
43
0
11 10 8 6 15 
44
0
21 19 18 21 24 
45
0
94 95 94 95 87 
46
0
28 19 23 19 21 
47
0
67 63 71 64 65 
48
0
23 30 23 25 25 
49
0
66 67 65 68 73 
50
0
86 79 78 86 85 
51
0
19 19 23 17 17 
52
0
39 33 37 29 36 
53
0
31 35 33 32 32 
54
0
36 41 40 34 42 
55
0
85 86 79 84 77 
56
0
42 39 44 46 43 
57
0
93 90 97 96 95 
58
0
59 58 60 61 62 
59
0
59 57 63 59 58 
60
0
12 13 14 10 13 
61
0
16 22 18 23 15 
62
0
62 62 56 61 52 
63
0
3 2 10 5 2 
64
0
76 71 70 74 75 
65
0
62 69 70 69 71 
66
0
33 29 27 24 27 
67
0
34 37 41 35 38 
68
0
36 36 34 34 36 
69
0
87 84 89 86 89 
70
0
19 17 23 17 26 
71
0
63 59 55 54 55 
72
0
31 27 29 30 23 
73
0
32 31 35 33 27 
74
0
83 88 78 80 82 
75
0
55 64 63 55 56 
76
0
35 41 40 39 39 
77
0
53 43 44 49 45 
78
0
63 68 64 72 66 
79
0
97 90 87 88 87 
80
0
69 76 73 69 68 
81
0
91 95 96 96 89 
82
0
80 72 70 72 71 
83
0
13 4 10 10 7 
84
0
37 39 39 36 39 
85
0
16 14 16 18 17 
86
0
66 69 72 68 66 
87
0
14 13 10 12 11 
88
0
13 13 23 15 15 
89
0
42 41 43 41 41 
90
0
76 81 81 78 77 
91
0
47 51 47 48 47 
92
0
59 54 63 57 58 
93
0
15 15 12 14 11 
94
0
34 31 32 39 39 
95
0
22 21 24 20 23 
96
0
80 78 79 74 78 
97
0
61 54 58 57 57 
98
0
65 65 70 71 71 
99
0
23 23 17 22 16 
100
0
25 22 24 24 24 
101
0
77 73 74 77 74 
102
0
81 73 75 82 73 
103
0
17 18 17 25 17 
104
0
77 70 76 75 74 
105
0
12 7 15 8 16 
106
0
61 59 62 61 59 
107
0
57 59 61 55 62 
108
0
37 34 39 41 35 
109
0
44 41 42 47 40 
110
0
52 53 55 57 60 
111
0
88 87 88 84 80 
112
0
94 99 90 90 95 
113
0
83 79 79 75 74 
114
0
72 73 65 69 69 
115
0
48 47 51 46 46 
116
0
55 52 48 50 50 
117
0
75 82 81 79 77 
118
0
39 45 45 40 42 
119
0
54 52 49 54 45 
120
0
68 69 72 73 69 
121
0
74 67 69 69 71 
122
0
31 36 31 32 32 
123
0
42 35 38 41 32 
124
0
22 21 25 29 27 
125
0
43 42 43 44 42 
126
0
84 78 80 80 81 
127
0
14 12 6 6 13 
128
0
82 83 87 85 91 
129
0
88 90 88 92 84 
130
0
50 47 49 48 46 
131
0
74 70 72 66 70 
132
0
88 85 87 87 81 
133
0
92 97 90 90 90 
134
0
62 61 62 63 63 
135
0
21 15 17 20 14 
136
0
50 48 46 45 54 
137
0
25 20 26 26 21 
138
0
92 95 89 90 94 
139
0
11 6 12 12 5 
140
0
90 90 96 89 96 
141
0
90 87 86 86 90 
142
0
23 18 24 28 20 
143
0
75 81 80 71 74 
144
0
15 17 12 17 21 
145
0
79 84 81 81 86 
146
0
11 7 9 3 9 
147
0
40 40 40 46 44 
148
0
63 57 60 54 54 
149
0
71 70 69 67 72 
150
0
58 57 50 51 54 
151
0
66 71 68 66 75 
152
0
85 91 89 88 85 
153
0
25 27 30 26 23 
154
0
28 23 28 34 31 
155
0
59 61 57 56 54 
156
0
51 55 53 48 54 
157
0
86 80 81 77 77 
158
0
11 13 7 12 6 
159
0
26 30 26 29 24 
160
0
62 58 59 64 62 
161
0
18 25 21 24 21 
162
0
46 49 49 47 50 
163
0
69 65 65 59 68 
164
0
27 24 29 34 29 
165
0
42 43 43 42 49 
166
0
60 60 55 54 59 
167
0
64 63 67 66 66 
168
0
87 95 89 87 94 
169
0
78 77 73 79 75 
170
0
93 89 95 87 89 
171
0
67 72 72 63 68 
172
0
71 70 75 67 73 
173
0
98 93 92 95 88 
174
0
81 84 83 81 85 
175
0
81 71 71 71 78 
176
0
14 13 9 8 8 
177
0
82 79 82 81 80 
178
0
85 81 81 77 78 
179
0
74 78 73 78 76 
180
0
50 48 53 51 54 
181
0
90 92 88 90 85 
182
0
22 19 22 25 18 
183
0
44 42 46 40 48 
184
0
85 76 76 84 81 
185
0
70 74 66 64 70 
186
0
21 26 27 24 24 
187
0
62 59 65 58 65 
188
0
89 96 92 98 99 
189
0
20 24 26 17 25 
190
0
78 78 81 87 84 
191
0
61 65 64 63 62 
192
0
46 49 44 49 54 
193
0
31 29 27 28 22 
194
0
70 73 69 72 70 
195
0
78 81 76 78 81 
196
0
68 72 76 77 71 
197
0
39 42 40 40 48 
198
0
72 65 72 66 64 
199
0
27 31 28 31 30 
