30
5
3005003
0
0
52 49 47 48 47 
1
0
25 28 30 29 28 
2
0
36 36 40 42 33 
3
0
18 23 17 23 22 
4
0
11 13 9 8 14 
5
0
78 74 74 77 83 
6
0
80 75 80 78 77 
7
0
66 63 64 63 67 
8
0
31 26 29 34 34 
9
0
38 33 40 32 42 
10
0
32 33 34 29 28 
11
0
11 9 6 8 8 
12
0
59 63 59 64 63 
13
0
68 63 61 63 60 
14
0
31 31 24 32 23 
15
0
28 38 28 29 29 
16
0
96 88 86 86 86 
17
0
7 15 9 11 11 
18
0
37 44 41 35 43 
19
0
95 99 99 96 93 
20
0
24 30 27 25 21 
21
0
26 26 21 25 22 
22
0
32 31 36 31 29 
23
0
55 52 55 60 60 
24
0
70 78 71 75 76 
25
0
21 23 23 15 20 
26
0
43 39 46 40 49 
27
0
32 28 29 23 29 
28
0
65 66 56 56 57 
29
0
30 22 21 27 29 
