30
20
3020005
0
0
63 46 86 70 27 52 66 14 84 95 77 42 5 78 9 67 49 27 38 18 
1
0
78 89 66 46 58 13 77 85 40 82 81 21 79 76 43 74 40 33 73 19 
2
0
85 35 31 80 81 66 70 95 32 78 68 13 76 72 22 44 73 42 86 36 
3
0
69 7 8 15 72 74 35 64 78 86 49 38 45 93 83 82 71 93 51 85 
4
0
72 97 12 97 53 61 35 83 17 78 9 97 27 27 75 22 25 3 36 8 
5
0
83 1 6 54 72 99 20 43 31 23 24 22 70 43 58 14 73 54 85 86 
6
0
97 64 74 98 53 35 35 39 29 66 45 40 56 63 44 92 70 85 14 45 
7
0
84 45 79 34 83 56 64 66 30 83 79 28 61 31 22 16 18 94 98 86 
8
0
54 86 77 51 55 86 54 72 72 76 51 71 33 81 43 60 44 13 73 57 
9
0
22 61 58 81 98 46 1 16 19 19 14 56 83 28 40 46 30 33 1 93 
10
0
19 67 93 69 24 35 59 41 4 74 39 50 94 62 10 6 60 67 64 19 
11
0
5 77 21 79 49 43 28 59 58 7 92 88 11 47 3 49 62 68 63 59 
12
0
50 3 42 79 63 74 10 97 95 94 4 41 11 35 61 61 84 20 83 25 
13
0
94 39 25 56 97 3 76 82 31 3 46 90 88 48 56 3 7 26 32 66 
14
0
41 35 77 10 34 19 25 97 91 5 14 42 52 78 3 86 72 3 73 7 
15
0
24 73 71 39 46 48 15 78 71 90 54 25 39 95 41 97 39 12 36 87 
16
0
50 1 17 31 42 32 46 12 99 59 40 27 96 22 99 47 25 25 81 7 
17
0
56 95 88 50 41 23 4 75 59 93 69 33 30 12 69 76 41 8 90 35 
18
0
19 46 88 20 54 81 76 34 90 53 46 8 68 37 11 14 99 43 39 66 
19
0
89 63 58 45 72 42 23 94 22 60 90 50 24 74 59 21 46 6 44 94 
20
0
73 7 39 27 95 3 80 99 79 39 52 45 71 56 23 9 58 78 27 26 
21
0
3 32 7 55 43 51 59 86 16 95 84 90 52 32 6 74 41 46 63 57 
22
0
41 97 54 99 12 82 35 61 86 68 45 38 86 2 64 73 73 56 80 82 
23
0
86 4 45 65 46 44 78 59 98 63 74 93 27 47 33 14 49 42 17 40 
24
0
24 4 68 98 31 32 65 51 48 73 96 99 22 25 4 11 29 60 34 41 
25
0
54 58 27 84 46 69 38 69 10 39 41 30 87 23 43 18 98 86 26 31 
26
0
43 92 71 71 42 50 43 66 64 25 92 52 53 66 90 17 49 68 33 84 
27
0
54 47 86 64 84 96 27 97 40 84 69 74 39 4 84 20 5 91 69 20 
28
0
14 2 79 67 1 49 98 47 2 54 3 42 60 9 36 27 81 91 80 76 
29
0
11 57 53 98 38 28 9 14 13 81 49 90 9 26 14 98 71 95 43 25 
