20
20
2020003
0
0
81 73 80 77 75 75 81 81 78 76 79 78 81 80 83 81 76 81 78 83 
1
0
91 90 91 92 88 87 95 85 93 88 93 89 91 85 93 89 90 86 87 90 
2
0
17 22 24 17 17 27 20 25 23 17 23 20 17 23 21 17 18 27 25 20 
3
0
45 49 53 53 52 49 54 48 46 56 48 55 48 54 46 50 50 50 54 53 
4
0
79 81 77 83 79 77 73 82 77 75 76 77 73 80 77 80 78 82 78 82 
5
0
50 47 42 43 46 43 39 43 44 45 49 47 42 44 47 49 41 46 41 47 
6
0
38 35 41 41 38 35 37 42 36 37 34 41 36 34 40 42 39 35 43 36 
7
0
4 13 4 4 10 5 6 10 13 9 10 13 4 11 12 6 14 5 4 13 
8
0
19 15 17 13 19 20 23 20 16 21 14 22 20 18 14 24 17 20 23 18 
9
0
44 45 42 48 43 43 42 41 47 43 46 47 50 51 44 47 47 47 50 49 
10
0
35 36 37 35 38 36 40 35 39 37 32 34 40 34 38 39 34 33 33 37 
11
0
39 40 38 39 39 44 41 43 47 47 43 39 41 47 43 42 39 43 47 43 
12
0
45 43 37 40 38 42 43 44 41 45 38 36 46 36 37 36 37 40 45 40 
13
0
57 60 56 53 54 61 62 62 61 56 56 55 57 58 55 62 53 58 60 58 
14
0
16 9 8 16 11 13 17 15 10 10 11 10 10 14 17 8 13 13 11 8 
15
0
74 72 68 70 67 75 69 73 70 66 70 69 69 74 66 67 73 71 73 67 
16
0
81 82 80 71 78 71 72 73 77 71 75 75 76 72 72 79 72 75 72 80 
17
0
47 47 52 47 50 48 51 47 53 56 53 54 55 52 47 47 48 45 48 56 
18
0
43 44 47 43 36 47 47 41 40 39 37 39 38 38 39 46 47 44 42 43 
19
0
90 94 93 87 90 90 90 93 89 87 85 94 95 92 92 89 92 94 95 91 
