30
5
3005004
0
0
52 73 16 54 33 
1
0
58 16 32 33 48 
2
0
2 30 42 23 81 
3
0
48 6 27 53 91 
4
0
68 1 49 68 36 
5
0
23 17 91 97 71 
6
0
26 43 31 37 14 
7
0
19 54 71 83 92 
8
0
42 31 36 48 93 
9
0
89 17 27 48 58 
10
0
28 84 82 59 49 
11
0
28 54 69 56 95 
12
0
19 40 91 33 46 
13
0
33 30 7 46 10 
14
0
43 92 4 15 73 
15
0
20 37 56 99 19 
16
0
58 85 52 42 80 
17
0
8 46 57 66 27 
18
0
56 54 40 91 15 
19
0
19 2 74 75 24 
20
0
3 87 30 90 73 
21
0
75 86 46 41 35 
22
0
17 13 51 68 37 
23
0
39 16 93 69 4 
24
0
89 70 11 62 75 
25
0
9 80 49 40 55 
26
0
86 68 61 5 98 
27
0
10 73 95 16 79 
28
0
73 98 92 31 86 
29
0
54 5 6 44 18 
