10
20
1020003
0
0
98 25 85 93 90 78 27 82 7 75 84 72 21 6 61 68 35 14 31 34 
1
0
96 31 93 95 84 77 22 83 9 69 77 70 21 7 65 70 31 12 29 34 
2
0
94 24 95 87 91 87 21 74 6 73 85 76 19 10 65 64 33 16 32 35 
3
0
90 32 90 95 91 84 26 74 10 76 77 67 23 8 62 66 32 11 26 36 
4
0
88 28 88 86 91 85 20 74 11 77 86 67 21 11 66 68 30 9 23 34 
5
0
95 25 91 91 91 85 21 78 11 74 79 74 21 7 60 71 34 7 29 30 
6
0
89 25 90 89 90 79 24 80 12 70 77 70 27 10 66 65 32 12 27 28 
7
0
92 27 95 87 88 82 28 75 10 78 79 69 25 14 63 61 35 8 32 30 
8
0
94 34 88 93 89 86 19 75 8 72 78 67 29 13 67 61 36 12 32 32 
9
0
91 26 94 87 85 83 22 77 8 70 80 75 27 14 65 70 27 9 32 30 
