200
10
20010016
0
0
60 10 53 46 88 78 69 37 38 7 
1
0
25 28 6 64 50 84 85 17 31 50 
2
0
59 25 68 81 53 66 82 99 21 31 
3
0
48 47 48 25 64 39 52 39 14 24 
4
0
94 68 2 90 29 28 83 67 44 14 
5
0
82 85 83 66 46 10 49 67 53 1 
6
0
52 68 69 16 67 25 27 79 24 8 
7
0
84 90 78 34 57 33 17 80 7 1 
8
0
95 55 68 30 9 55 56 29 87 34 
9
0
80 57 42 61 44 75 15 50 87 91 
10
0
70 19 6 89 52 70 82 14 36 77 
11
0
91 7 32 40 4 54 96 83 39 19 
12
0
87 61 32 51 35 43 18 48 59 45 
13
0
48 76 79 36 59 40 56 71 2 99 
14
0
18 30 34 53 25 50 50 76 29 12 
15
0
35 57 49 62 29 81 97 69 80 21 
16
0
91 55 89 25 43 90 18 29 99 65 
17
0
83 15 69 99 65 58 53 44 47 40 
18
0
31 98 83 73 28 2 3 14 68 6 
19
0
24 31 18 38 84 22 73 79 82 82 
20
0
3 83 72 38 24 52 56 70 42 58 
21
0
96 38 4 51 24 72 97 26 78 24 
22
0
5 33 85 36 87 14 14 58 59 54 
23
0
15 44 93 96 94 62 15 50 52 31 
24
0
2 6 57 90 71 3 27 55 62 2 
25
0
27 44 19 73 84 52 82 19 10 40 
26
0
93 78 72 23 89 65 63 19 1 92 
27
0
89 79 85 37 58 69 78 82 41 19 
28
0
78 68 50 72 98 52 61 94 29 18 
29
0
2 91 92 47 22 89 92 85 72 41 
30
0
38 7 85 38 70 20 71 75 85 31 
31
0
96 2 16 25 91 5 16 30 55 31 
32
0
60 33 10 23 46 90 42 28 59 41 
33
0
68 16 40 1 5 69 23 68 49 30 
34
0
29 41 59 85 21 62 24 3 48 49 
35
0
12 45 92 62 51 30 91 94 17 45 
36
0
86 41 2 58 41 88 77 40 46 75 
37
0
92 90 62 55 63 15 42 81 31 13 
38
0
94 63 64 79 27 65 70 11 21 30 
39
0
65 98 41 45 75 54 63 54 49 37 
40
0
6 52 18 77 59 5 35 1 11 91 
41
0
94 54 95 43 62 3 85 40 46 23 
42
0
19 43 17 75 42 48 60 26 49 66 
43
0
31 75 63 54 65 4 45 11 48 4 
44
0
11 63 49 16 62 15 93 88 44 3 
45
0
68 72 89 46 70 95 2 26 21 96 
46
0
81 24 97 94 20 52 75 86 54 82 
47
0
80 10 71 67 61 67 12 51 58 96 
48
0
80 37 68 2 86 87 22 22 15 81 
49
0
21 68 48 9 43 98 70 93 32 55 
50
0
77 81 19 38 83 8 81 89 93 10 
51
0
26 80 69 22 67 49 4 49 70 88 
52
0
23 22 32 75 53 13 50 16 65 68 
53
0
28 79 46 17 73 17 74 70 33 4 
54
0
98 64 52 53 54 3 86 3 34 58 
55
0
74 24 22 41 40 2 57 83 89 34 
56
0
62 51 83 50 54 57 95 75 74 1 
57
0
65 19 13 18 17 33 12 10 41 9 
58
0
66 51 26 22 41 69 89 87 13 59 
59
0
17 18 64 82 19 10 55 27 47 56 
60
0
85 76 70 46 8 45 24 1 47 29 
61
0
20 38 26 68 67 22 40 86 42 59 
62
0
45 7 20 44 95 54 11 28 82 64 
63
0
26 87 22 42 97 46 13 33 68 52 
64
0
45 34 9 30 22 94 61 38 93 60 
65
0
37 52 34 4 25 48 50 41 90 48 
66
0
84 49 38 80 14 13 39 93 65 30 
67
0
68 87 78 99 32 43 93 20 94 30 
68
0
80 85 49 53 40 1 28 56 17 99 
69
0
18 21 10 6 1 34 73 73 8 90 
70
0
97 20 96 71 74 88 55 38 69 70 
71
0
53 84 24 30 68 53 46 30 51 17 
72
0
26 49 30 15 76 2 18 73 98 2 
73
0
63 30 72 25 98 18 46 27 72 86 
74
0
82 35 37 93 76 61 94 89 66 42 
75
0
39 63 64 57 94 37 52 32 33 25 
76
0
93 52 18 44 39 59 91 59 3 7 
77
0
32 25 91 36 96 70 98 16 90 40 
78
0
57 71 34 87 2 93 58 50 85 14 
79
0
31 78 62 83 37 31 79 98 20 26 
80
0
42 24 83 24 28 10 17 85 50 44 
81
0
17 88 10 76 95 18 42 81 71 64 
82
0
95 6 67 29 93 32 14 10 77 24 
83
0
59 5 45 40 69 13 67 4 12 98 
84
0
99 38 88 2 6 62 65 98 50 94 
85
0
86 25 27 44 15 19 51 29 2 49 
86
0
31 49 70 67 73 75 50 79 66 63 
87
0
69 62 99 82 58 17 20 32 78 77 
88
0
15 87 89 9 35 47 74 89 11 89 
89
0
22 1 58 37 7 78 83 28 55 1 
90
0
25 15 18 15 6 43 59 35 36 13 
91
0
74 43 81 9 41 20 97 54 73 26 
92
0
73 19 24 15 99 63 53 67 80 20 
93
0
99 91 17 42 61 38 74 94 10 20 
94
0
25 59 35 11 25 50 8 78 37 4 
95
0
55 56 64 69 38 18 5 25 25 20 
96
0
81 53 11 3 33 50 13 15 20 92 
97
0
36 13 57 98 51 46 77 75 67 69 
98
0
92 30 98 73 77 68 97 84 60 75 
99
0
90 67 7 83 91 50 40 79 35 67 
100
0
15 80 53 48 53 32 8 50 26 4 
101
0
4 71 53 12 47 53 66 81 38 4 
102
0
15 76 52 96 53 91 52 77 3 42 
103
0
21 57 62 13 39 53 89 81 18 75 
104
0
20 56 52 14 28 76 38 89 60 77 
105
0
91 47 66 51 86 15 41 6 38 83 
106
0
44 15 51 39 87 88 31 87 15 13 
107
0
16 49 11 36 70 35 1 12 31 84 
108
0
87 35 20 66 84 46 79 82 61 81 
109
0
16 95 75 5 4 60 17 77 53 66 
110
0
10 35 71 22 91 70 91 88 59 12 
111
0
91 19 71 27 68 19 73 97 78 58 
112
0
67 89 81 46 29 70 54 89 88 37 
113
0
26 56 14 31 3 39 93 57 98 17 
114
0
32 70 60 99 71 99 53 6 44 75 
115
0
12 38 13 88 68 39 39 62 3 49 
116
0
68 94 11 11 66 28 67 1 81 53 
117
0
22 64 98 65 74 60 31 77 78 63 
118
0
89 53 79 40 5 2 82 54 73 18 
119
0
60 93 63 17 87 89 85 63 95 47 
120
0
10 92 47 56 76 53 86 57 30 63 
121
0
23 91 34 53 5 33 4 89 18 9 
122
0
7 97 82 51 34 94 77 86 53 22 
123
0
82 89 96 64 26 12 94 75 25 67 
124
0
1 80 71 56 72 89 76 85 11 64 
125
0
41 30 58 8 34 43 97 85 78 92 
126
0
96 68 12 76 59 83 12 2 64 85 
127
0
5 5 89 57 70 95 1 70 15 47 
128
0
3 86 77 61 52 43 80 24 72 94 
129
0
21 22 71 12 42 30 47 31 51 16 
130
0
34 72 87 46 64 74 90 50 90 45 
131
0
74 70 28 20 80 79 67 44 4 49 
132
0
94 54 50 57 12 91 33 68 90 5 
133
0
64 66 35 10 77 65 53 34 65 97 
134
0
40 5 94 12 99 69 1 91 99 82 
135
0
20 89 22 84 50 80 94 9 3 23 
136
0
6 37 65 6 36 13 64 78 9 31 
137
0
75 5 94 17 91 86 48 76 52 19 
138
0
72 49 61 11 60 12 79 44 97 81 
139
0
48 91 64 92 23 34 75 93 32 32 
140
0
73 62 68 26 68 63 39 71 81 4 
141
0
90 61 30 54 56 35 54 83 56 26 
142
0
14 4 10 13 97 37 56 75 88 15 
143
0
13 2 32 54 90 96 12 26 83 16 
144
0
72 61 21 54 59 21 27 88 1 67 
145
0
8 11 65 38 5 6 61 83 29 41 
146
0
89 11 77 16 52 37 47 1 93 28 
147
0
64 8 20 95 58 28 58 37 29 58 
148
0
43 55 38 58 20 27 53 8 83 85 
149
0
94 17 92 30 28 64 83 5 90 8 
150
0
30 9 4 41 57 17 99 16 19 59 
151
0
15 7 16 15 31 98 79 41 3 37 
152
0
45 86 38 1 7 57 4 82 69 93 
153
0
75 17 42 93 84 8 87 56 38 96 
154
0
9 24 74 10 52 48 84 10 1 73 
155
0
88 14 16 36 34 89 80 9 66 71 
156
0
33 71 18 37 97 14 3 31 19 9 
157
0
79 85 84 50 64 4 42 94 37 46 
158
0
80 15 91 92 51 77 42 10 79 15 
159
0
50 71 78 56 29 25 40 51 80 25 
160
0
55 79 45 7 54 74 68 38 62 58 
161
0
1 12 54 31 67 95 77 9 57 84 
162
0
76 14 30 1 89 67 67 86 82 73 
163
0
45 79 59 40 82 39 22 91 27 98 
164
0
83 12 23 14 6 62 34 59 55 18 
165
0
15 54 32 8 75 30 83 14 11 67 
166
0
6 82 1 93 48 2 64 16 32 45 
167
0
13 87 67 15 77 97 27 9 14 1 
168
0
63 19 92 41 6 79 85 54 1 3 
169
0
41 63 31 89 25 70 30 28 31 19 
170
0
61 66 72 69 82 96 7 30 25 56 
171
0
8 76 97 34 25 48 16 97 69 7 
172
0
81 72 40 43 97 87 24 12 43 58 
173
0
62 20 41 47 58 21 43 18 18 52 
174
0
8 29 73 28 31 78 17 36 68 48 
175
0
81 83 38 42 26 37 7 39 46 54 
176
0
89 60 2 89 9 7 7 4 66 6 
177
0
62 36 48 17 90 34 65 82 52 47 
178
0
44 86 99 43 32 24 32 31 82 11 
179
0
4 98 95 40 30 34 51 87 59 16 
180
0
73 84 61 1 5 90 70 42 4 2 
181
0
62 96 16 38 15 69 54 13 34 4 
182
0
13 45 72 71 81 38 73 72 1 11 
183
0
66 62 12 69 7 9 18 46 88 74 
184
0
98 11 73 95 38 61 33 77 98 86 
185
0
61 8 37 18 18 2 44 35 64 42 
186
0
15 37 45 28 66 33 94 49 2 27 
187
0
47 14 7 73 39 30 91 46 93 95 
188
0
14 53 95 8 20 24 41 52 77 21 
189
0
9 14 65 35 61 12 81 49 67 22 
190
0
73 61 52 3 73 6 75 15 48 97 
191
0
16 68 84 69 55 48 91 71 31 94 
192
0
31 76 34 65 30 27 10 99 71 51 
193
0
36 32 30 90 90 68 7 47 56 13 
194
0
18 24 91 65 39 73 31 61 68 16 
195
0
43 53 87 55 82 88 19 52 46 12 
196
0
90 89 36 91 75 76 69 20 7 38 
197
0
51 19 38 54 76 62 93 75 35 29 
198
0
74 77 78 5 23 62 32 87 37 1 
199
0
90 55 22 7 21 8 60 90 59 50 
