200
10
20010018
0
0
60 64 99 71 10 51 55 19 60 39 
1
0
55 65 90 78 8 44 57 19 66 37 
2
0
59 65 94 71 5 53 60 27 65 38 
3
0
55 66 93 79 4 44 59 21 65 44 
4
0
57 69 95 78 6 48 52 29 63 45 
5
0
61 71 90 79 7 54 56 20 59 43 
6
0
57 70 90 74 5 47 57 23 63 37 
7
0
58 66 90 79 12 46 54 19 58 43 
8
0
62 65 95 76 7 54 55 26 64 46 
9
0
60 70 93 80 13 45 61 22 63 44 
10
0
65 67 93 81 10 54 52 24 60 35 
11
0
60 64 98 75 13 55 57 27 57 38 
12
0
61 62 96 78 4 47 62 19 65 39 
13
0
57 61 90 76 3 46 52 26 61 46 
14
0
59 63 90 77 14 52 56 29 55 45 
15
0
57 67 93 74 10 53 53 28 58 39 
16
0
64 66 98 72 14 54 52 29 62 43 
17
0
55 65 99 76 9 48 53 21 65 40 
18
0
59 68 100 73 4 53 59 28 58 43 
19
0
64 66 98 71 3 54 59 27 64 37 
20
0
58 64 100 81 10 53 61 25 57 44 
21
0
57 67 95 79 4 53 56 19 58 44 
22
0
54 66 95 79 13 44 59 24 65 46 
23
0
62 66 93 76 4 49 55 21 60 37 
24
0
58 62 95 75 12 45 56 25 56 39 
25
0
56 63 99 72 8 49 52 30 57 43 
26
0
57 62 90 80 8 45 57 29 64 36 
27
0
61 69 92 74 11 50 58 27 64 42 
28
0
59 70 98 71 12 51 54 27 58 46 
29
0
57 70 92 79 13 50 55 21 64 45 
30
0
60 66 94 80 8 55 57 24 58 40 
31
0
56 66 97 77 10 50 59 25 57 42 
32
0
63 65 100 74 7 51 52 22 60 45 
33
0
63 66 97 74 3 52 59 26 62 42 
34
0
63 70 97 75 4 53 62 30 59 35 
35
0
56 70 94 79 12 54 56 21 64 36 
36
0
59 64 94 79 11 54 59 28 64 42 
37
0
65 61 93 78 10 49 61 27 61 42 
38
0
59 64 94 78 9 46 55 29 64 36 
39
0
60 66 95 75 3 50 62 25 66 40 
40
0
64 65 97 76 5 49 54 30 61 46 
41
0
61 65 96 71 13 46 54 27 56 44 
42
0
63 65 91 71 9 53 57 27 65 38 
43
0
59 63 100 79 4 55 62 25 64 44 
44
0
64 64 90 74 11 48 60 24 56 36 
45
0
55 66 94 81 10 49 59 26 59 35 
46
0
61 68 97 71 7 54 55 26 63 36 
47
0
58 71 94 76 5 51 58 27 61 41 
48
0
55 70 100 80 6 45 56 29 61 44 
49
0
58 70 94 80 7 51 58 21 55 38 
50
0
57 70 93 79 9 52 52 28 65 39 
51
0
62 64 92 77 9 47 57 27 62 40 
52
0
63 64 99 76 4 55 53 26 60 38 
53
0
62 62 98 73 6 47 62 21 60 38 
54
0
55 71 97 74 5 52 55 22 60 42 
55
0
61 67 98 76 9 50 56 20 60 46 
56
0
59 71 95 76 9 46 57 19 56 38 
57
0
60 70 93 71 9 49 54 23 64 37 
58
0
58 63 90 81 6 47 56 29 61 40 
59
0
62 62 97 79 8 50 60 27 60 43 
60
0
57 64 98 74 7 46 60 24 60 45 
61
0
60 62 95 75 4 52 53 24 60 45 
62
0
64 71 92 72 4 53 59 19 57 37 
63
0
59 70 99 78 12 52 55 28 61 38 
64
0
58 71 91 78 13 49 57 21 56 37 
65
0
59 64 97 74 7 48 59 29 61 45 
66
0
64 61 95 77 4 53 54 27 62 44 
67
0
62 72 92 79 3 54 62 27 56 39 
68
0
58 62 93 80 7 45 60 23 56 43 
69
0
65 69 93 75 8 51 61 21 64 36 
70
0
58 64 90 73 4 45 56 25 66 36 
71
0
63 70 96 77 6 44 53 21 63 36 
72
0
60 69 95 80 4 48 58 26 63 37 
73
0
64 63 93 80 12 44 59 23 56 44 
74
0
58 62 93 74 4 46 57 26 61 36 
75
0
63 70 90 81 3 49 60 26 59 43 
76
0
59 67 93 75 4 52 52 23 63 46 
77
0
55 65 90 77 11 54 55 27 62 43 
78
0
64 68 90 72 14 46 52 19 62 39 
79
0
55 71 97 73 7 51 62 25 64 35 
80
0
59 66 96 71 4 45 52 25 60 39 
81
0
65 61 99 72 4 48 55 25 66 41 
82
0
65 71 98 76 7 46 55 27 63 46 
83
0
62 71 96 71 3 45 60 24 60 41 
84
0
56 70 95 76 10 44 54 27 58 43 
85
0
63 66 96 75 10 50 53 22 60 42 
86
0
56 62 91 72 4 45 60 26 61 44 
87
0
56 65 91 75 3 52 55 19 58 36 
88
0
65 70 93 72 9 48 60 21 63 38 
89
0
62 69 96 77 8 55 52 20 56 46 
90
0
58 63 95 78 10 52 60 29 61 40 
91
0
59 66 99 79 10 46 52 27 63 38 
92
0
55 62 97 75 4 50 52 27 63 44 
93
0
59 70 96 74 9 54 60 24 64 45 
94
0
57 72 90 81 10 55 62 23 65 41 
95
0
61 65 91 81 6 46 55 25 57 38 
96
0
55 69 93 78 4 51 59 21 63 41 
97
0
60 64 98 75 13 45 52 26 65 38 
98
0
62 63 92 81 10 48 57 26 64 39 
99
0
57 64 100 73 12 50 54 23 60 41 
100
0
65 62 90 74 5 55 58 19 57 41 
101
0
62 70 99 75 9 50 56 28 61 36 
102
0
61 69 100 78 6 49 53 25 58 43 
103
0
60 68 100 74 4 45 62 20 60 42 
104
0
55 68 94 72 5 55 60 30 56 44 
105
0
55 62 93 72 13 50 52 25 65 37 
106
0
57 69 90 74 8 50 59 26 56 36 
107
0
65 63 100 74 3 55 53 20 64 36 
108
0
56 71 96 72 3 49 60 28 61 35 
109
0
54 64 98 75 7 47 61 20 60 35 
110
0
59 72 94 76 5 48 56 21 64 46 
111
0
63 69 94 72 5 49 55 26 59 43 
112
0
55 65 91 80 7 47 54 24 55 38 
113
0
61 70 93 79 6 49 52 20 60 45 
114
0
63 64 94 77 4 50 52 24 60 45 
115
0
54 72 98 75 12 54 55 26 56 44 
116
0
61 67 98 75 13 49 53 25 62 36 
117
0
58 68 93 71 4 50 60 21 64 45 
118
0
64 67 94 76 9 49 58 30 64 46 
119
0
57 61 93 77 5 46 54 29 61 46 
120
0
63 66 90 80 10 47 55 22 62 41 
121
0
55 67 96 76 9 53 52 21 66 43 
122
0
62 62 95 77 6 55 57 19 58 39 
123
0
55 65 90 76 10 50 56 28 56 44 
124
0
64 64 96 77 3 54 61 28 62 45 
125
0
64 64 97 76 8 50 63 28 59 43 
126
0
60 71 92 76 8 52 61 27 60 46 
127
0
59 62 93 79 4 45 53 25 58 40 
128
0
64 64 96 79 5 54 59 23 57 41 
129
0
56 66 92 78 10 49 56 28 61 39 
130
0
55 65 92 76 13 50 53 21 65 41 
131
0
57 67 99 80 6 54 53 26 64 40 
132
0
54 61 97 81 10 51 54 19 61 42 
133
0
56 68 98 78 10 51 59 29 56 38 
134
0
65 71 92 81 7 49 55 22 61 35 
135
0
55 63 97 72 4 51 60 19 56 39 
136
0
55 64 100 80 10 45 54 25 60 46 
137
0
64 66 97 75 10 52 54 23 61 38 
138
0
56 72 95 76 11 51 61 24 62 42 
139
0
64 72 98 73 6 52 55 23 55 44 
140
0
63 62 90 77 10 49 61 25 59 37 
141
0
57 66 90 80 12 45 52 27 62 45 
142
0
59 62 93 75 6 54 62 27 59 41 
143
0
62 72 92 79 3 49 54 29 58 39 
144
0
64 61 93 71 8 51 57 28 64 41 
145
0
56 72 91 77 6 51 53 20 62 40 
146
0
63 63 94 75 5 48 54 29 60 45 
147
0
65 62 97 71 6 48 52 23 64 44 
148
0
65 62 96 77 11 46 59 21 61 38 
149
0
57 65 91 78 6 53 53 20 57 38 
150
0
55 68 93 78 7 54 61 24 59 38 
151
0
62 65 100 73 12 52 53 21 57 38 
152
0
56 63 99 75 12 55 53 23 62 42 
153
0
62 66 92 79 3 49 56 29 62 40 
154
0
56 62 98 79 3 48 62 26 55 40 
155
0
61 67 97 81 11 51 61 24 58 37 
156
0
55 64 92 81 12 51 52 28 59 36 
157
0
55 69 96 76 5 45 58 20 65 42 
158
0
56 66 94 76 8 54 57 21 56 44 
159
0
55 63 92 77 5 46 52 27 65 45 
160
0
65 69 91 71 3 52 56 26 66 43 
161
0
60 62 94 79 8 52 58 26 64 37 
162
0
64 63 98 76 12 48 56 21 56 36 
163
0
64 65 96 78 13 50 52 24 57 40 
164
0
65 65 97 71 10 47 55 28 60 40 
165
0
64 70 92 77 11 55 54 21 58 38 
166
0
59 69 90 79 6 46 59 23 58 41 
167
0
60 65 92 76 8 53 53 20 64 44 
168
0
57 62 94 75 3 48 53 29 59 45 
169
0
64 69 100 80 8 51 57 21 60 44 
170
0
64 65 91 76 13 53 62 27 61 39 
171
0
65 64 99 75 11 55 55 19 60 39 
172
0
65 68 93 77 5 49 59 21 66 42 
173
0
57 64 95 72 11 51 58 21 56 41 
174
0
60 61 90 72 9 51 56 29 60 45 
175
0
59 64 100 71 11 55 58 19 57 42 
176
0
64 61 100 74 5 54 61 22 62 37 
177
0
54 67 91 78 4 48 55 27 64 42 
178
0
65 70 95 80 11 45 58 25 64 39 
179
0
59 65 96 81 4 50 54 21 59 42 
180
0
60 61 95 80 3 49 58 26 62 35 
181
0
63 63 97 81 8 47 60 24 61 36 
182
0
60 66 96 71 13 46 53 26 62 44 
183
0
58 62 90 77 4 51 52 27 65 40 
184
0
55 65 100 80 12 49 61 23 63 38 
185
0
60 64 93 78 9 54 52 29 56 43 
186
0
58 71 99 78 5 49 56 24 64 41 
187
0
61 71 97 79 5 49 58 29 61 35 
188
0
63 63 95 74 9 45 60 19 62 40 
189
0
62 63 100 78 7 46 59 20 59 41 
190
0
56 68 93 76 12 48 53 24 57 46 
191
0
60 65 96 74 7 50 52 24 62 41 
192
0
65 66 95 76 9 52 60 22 61 41 
193
0
62 67 98 80 9 46 54 20 61 44 
194
0
58 61 90 73 10 48 52 25 59 43 
195
0
63 64 94 72 10 46 62 29 66 46 
196
0
63 67 95 76 3 49 62 27 60 44 
197
0
61 72 95 76 13 55 58 22 62 38 
198
0
61 64 97 73 12 51 57 26 61 36 
199
0
60 64 91 73 3 52 57 21 65 46 
