50
10
5010004
0
0
21 90 7 80 13 17 28 11 40 88 
1
0
84 6 88 50 12 79 48 68 97 91 
2
0
68 86 13 84 90 69 10 46 82 54 
3
0
99 37 51 37 48 21 37 34 27 58 
4
0
99 98 70 15 44 99 94 33 22 57 
5
0
40 74 89 99 34 49 74 98 63 56 
6
0
71 4 90 42 12 83 59 67 41 11 
7
0
94 59 44 85 73 26 46 35 2 14 
8
0
71 23 84 95 39 84 35 12 93 27 
9
0
15 52 39 92 36 94 52 73 62 43 
10
0
94 61 23 20 67 10 37 24 12 78 
11
0
11 72 18 24 76 16 72 41 81 92 
12
0
71 80 30 55 44 88 6 85 3 94 
13
0
41 31 35 98 79 75 80 79 55 68 
14
0
1 92 45 77 80 37 92 55 47 44 
15
0
9 17 82 83 96 42 76 74 96 47 
16
0
10 5 92 74 5 27 33 80 98 50 
17
0
94 17 94 93 55 32 7 12 97 97 
18
0
94 68 79 56 61 92 8 5 19 41 
19
0
87 17 11 94 2 97 18 97 95 99 
20
0
40 55 95 7 44 74 47 34 20 56 
21
0
4 70 72 88 1 55 50 33 54 12 
22
0
34 92 2 26 75 3 96 94 92 67 
23
0
56 4 90 40 56 93 3 43 40 74 
24
0
51 56 33 74 68 36 94 69 56 54 
25
0
29 44 99 99 19 67 93 9 38 23 
26
0
47 33 22 40 78 87 96 60 50 10 
27
0
62 95 10 48 81 80 16 38 83 34 
28
0
44 50 23 51 9 38 84 13 16 91 
29
0
68 86 35 32 48 12 17 57 6 21 
30
0
1 98 76 36 63 81 25 46 70 74 
31
0
23 4 62 66 15 34 13 34 85 37 
32
0
55 25 25 62 20 20 76 95 34 93 
33
0
40 81 26 47 50 28 16 38 72 26 
34
0
19 60 21 34 46 75 98 12 84 56 
35
0
78 5 49 27 8 1 95 18 66 35 
36
0
75 76 57 48 10 78 29 28 45 41 
37
0
56 2 93 28 16 48 98 91 8 91 
38
0
27 97 33 23 65 5 93 74 4 16 
39
0
20 35 44 22 94 36 64 54 99 50 
40
0
80 28 50 15 16 45 29 10 84 21 
41
0
86 60 5 95 82 84 68 51 18 59 
42
0
50 79 38 4 10 33 28 39 4 9 
43
0
74 30 91 30 31 99 81 89 66 29 
44
0
66 41 47 12 34 89 66 22 53 61 
45
0
56 1 77 20 82 67 42 97 3 91 
46
0
46 31 62 73 43 21 51 60 66 7 
47
0
26 67 65 42 6 91 99 96 50 15 
48
0
3 61 31 66 75 38 34 92 31 51 
49
0
88 68 84 21 79 94 5 58 31 43 
