50
10
5010005
0
0
30 49 45 56 34 87 82 69 66 83 
1
0
24 55 47 58 34 91 74 65 57 86 
2
0
24 52 43 57 29 82 80 63 66 79 
3
0
25 58 45 57 32 90 75 66 62 81 
4
0
26 54 43 57 35 90 76 63 59 78 
5
0
28 53 42 59 29 92 80 67 63 87 
6
0
26 49 47 56 34 92 78 63 56 85 
7
0
23 54 40 59 36 90 76 69 56 84 
8
0
20 53 48 61 33 83 79 63 57 82 
9
0
23 50 47 53 34 82 79 63 66 79 
10
0
26 51 40 60 34 86 76 65 58 84 
11
0
25 55 38 59 36 87 80 71 58 84 
12
0
24 58 45 53 30 81 74 62 56 84 
13
0
20 55 39 52 31 85 77 70 60 87 
14
0
26 51 39 57 27 89 74 70 66 78 
15
0
28 51 43 55 30 87 81 67 56 84 
16
0
30 55 40 53 33 86 77 71 61 78 
17
0
23 50 38 59 29 83 74 70 64 77 
18
0
30 48 49 55 34 82 79 65 63 80 
19
0
28 49 38 57 31 92 77 71 65 77 
20
0
27 50 41 60 34 88 82 70 62 86 
21
0
29 58 41 55 32 88 78 65 60 80 
22
0
25 49 45 58 32 90 80 67 58 87 
23
0
23 58 39 58 30 85 79 62 60 80 
24
0
28 51 41 54 31 81 79 64 63 77 
25
0
25 48 42 59 32 85 75 63 60 78 
26
0
22 51 45 59 27 85 80 65 63 80 
27
0
29 55 45 52 35 84 79 64 59 78 
28
0
23 57 41 56 34 92 77 70 57 82 
29
0
29 50 42 55 37 90 80 73 60 80 
30
0
30 51 48 62 28 91 74 72 61 84 
31
0
28 53 44 56 30 91 77 67 60 80 
32
0
24 53 47 53 33 88 83 71 66 85 
33
0
29 55 38 53 37 87 84 65 63 87 
34
0
20 53 39 56 32 84 77 71 58 81 
35
0
23 56 48 52 27 92 82 72 62 87 
36
0
23 58 41 58 30 85 80 71 57 80 
37
0
22 50 39 56 33 84 78 67 63 81 
38
0
25 53 49 58 28 82 78 69 63 77 
39
0
20 58 48 52 35 90 84 67 63 77 
40
0
29 49 38 61 27 86 84 65 66 80 
41
0
22 57 43 58 31 87 81 71 61 79 
42
0
25 48 40 59 29 82 79 70 56 78 
43
0
23 57 46 52 31 89 80 68 57 83 
44
0
26 56 40 52 31 92 77 67 61 81 
45
0
20 53 44 51 29 84 83 73 66 85 
46
0
21 57 41 60 35 90 84 70 60 86 
47
0
22 49 41 60 32 92 77 72 56 86 
48
0
23 54 43 61 37 81 75 64 60 84 
49
0
27 52 48 56 30 85 77 66 61 85 
