100
10
10010015
0
0
34 85 28 99 81 63 25 21 90 49 
1
0
24 87 9 82 72 69 22 6 48 61 
2
0
61 15 26 67 72 34 56 8 90 7 
3
0
70 99 49 86 31 40 32 48 75 70 
4
0
4 28 15 88 58 89 4 13 70 31 
5
0
74 23 53 50 33 13 98 91 15 88 
6
0
32 36 73 70 22 48 33 34 42 74 
7
0
99 58 72 36 54 95 79 57 94 55 
8
0
21 92 17 25 65 13 89 77 8 15 
9
0
90 47 33 48 72 97 89 53 66 48 
10
0
55 54 22 37 83 46 30 6 39 93 
11
0
67 66 99 89 38 29 94 11 39 43 
12
0
58 64 58 88 11 70 87 19 15 59 
13
0
35 55 23 84 73 15 90 20 88 78 
14
0
77 78 6 49 64 82 11 43 91 5 
15
0
88 16 51 56 52 91 29 59 22 86 
16
0
40 30 48 20 12 93 75 58 55 37 
17
0
95 85 69 39 34 90 66 83 46 45 
18
0
42 50 26 29 80 28 90 72 11 84 
19
0
80 84 25 12 77 66 96 91 28 97 
20
0
86 63 77 98 73 99 16 58 66 21 
21
0
16 48 80 54 39 18 29 82 57 95 
22
0
3 6 52 14 44 54 88 9 35 39 
23
0
27 78 64 20 55 22 93 63 86 9 
24
0
27 8 13 51 36 90 97 47 13 43 
25
0
96 77 36 9 70 53 78 89 82 69 
26
0
93 4 46 71 57 5 75 92 27 53 
27
0
62 75 91 24 67 53 76 93 48 32 
28
0
80 76 2 48 80 66 58 58 49 75 
29
0
37 52 5 86 39 43 44 78 4 50 
30
0
17 83 51 88 52 58 21 46 95 4 
31
0
81 23 33 57 27 73 3 27 15 21 
32
0
40 20 71 11 33 46 72 22 21 61 
33
0
49 82 3 78 52 38 73 53 42 69 
34
0
70 97 59 34 56 48 46 83 81 11 
35
0
53 44 46 32 76 18 13 58 2 84 
36
0
55 23 38 60 96 49 89 86 35 47 
37
0
31 58 19 89 79 9 42 74 88 37 
38
0
10 90 19 5 22 68 60 42 91 86 
39
0
57 4 89 84 89 85 22 3 8 88 
40
0
95 4 45 44 98 1 86 13 84 1 
41
0
11 68 48 72 94 81 81 97 95 65 
42
0
45 19 15 79 50 82 3 29 72 93 
43
0
21 36 77 65 40 55 37 41 37 67 
44
0
70 77 66 69 43 3 28 3 22 91 
45
0
78 73 93 93 84 75 97 65 12 29 
46
0
1 4 69 27 58 61 93 50 67 51 
47
0
63 27 15 93 55 2 87 88 54 42 
48
0
85 12 4 33 89 22 70 16 66 69 
49
0
71 96 41 97 66 50 41 29 48 36 
50
0
23 55 39 39 90 86 61 32 23 57 
51
0
14 77 80 44 39 43 27 80 87 69 
52
0
65 26 28 41 34 71 4 20 84 8 
53
0
59 56 16 52 55 46 6 80 81 30 
54
0
83 3 45 54 38 62 14 15 14 4 
55
0
57 69 66 9 98 53 57 1 77 93 
56
0
30 61 50 5 50 89 25 33 42 35 
57
0
89 72 66 92 94 47 77 85 34 13 
58
0
73 92 50 91 3 73 46 26 4 5 
59
0
82 73 54 6 47 77 79 6 38 5 
60
0
3 72 94 89 78 24 88 54 52 80 
61
0
74 50 3 42 98 61 69 11 8 96 
62
0
30 68 94 54 74 35 75 24 19 15 
63
0
53 90 70 30 52 65 40 23 49 63 
64
0
34 99 5 56 19 69 80 49 47 52 
65
0
3 25 52 44 59 60 28 83 79 46 
66
0
51 50 50 34 63 71 6 86 75 28 
67
0
64 66 67 16 57 23 28 98 40 60 
68
0
36 88 80 49 91 75 68 12 42 34 
69
0
35 64 44 11 82 91 7 6 5 38 
70
0
53 17 56 31 16 32 89 76 58 30 
71
0
66 48 28 33 32 79 48 60 13 15 
72
0
97 42 24 59 59 86 81 54 20 42 
73
0
30 93 60 17 96 99 80 56 41 30 
74
0
36 35 86 2 67 46 70 31 85 8 
75
0
67 16 98 61 39 22 66 77 40 89 
76
0
45 1 53 89 70 97 19 5 12 35 
77
0
43 80 44 43 34 57 73 23 46 51 
78
0
19 96 12 12 35 65 90 76 92 52 
79
0
7 74 64 31 20 15 58 89 28 78 
80
0
59 93 31 53 96 76 30 66 90 12 
81
0
29 48 60 75 10 18 38 21 84 70 
82
0
92 45 49 74 72 30 64 38 83 29 
83
0
89 72 9 40 55 49 94 65 32 94 
84
0
81 78 67 64 13 98 40 26 70 71 
85
0
6 55 49 83 70 82 81 79 5 54 
86
0
43 79 97 11 5 8 45 85 58 59 
87
0
98 70 32 22 3 38 81 1 31 47 
88
0
36 94 20 81 25 45 79 17 1 53 
89
0
19 87 15 40 25 8 50 70 41 32 
90
0
23 97 15 74 37 23 59 81 49 32 
91
0
13 90 47 46 91 81 77 98 8 1 
92
0
89 33 20 57 84 6 48 11 11 7 
93
0
46 71 11 41 68 51 4 2 6 42 
94
0
82 10 43 65 82 92 72 22 39 78 
95
0
11 18 68 79 41 47 20 18 69 94 
96
0
69 45 85 17 3 48 69 58 67 64 
97
0
13 87 10 51 17 17 41 94 3 84 
98
0
93 10 56 27 94 43 21 24 85 22 
99
0
33 22 74 42 21 84 44 27 82 95 
