100
20
10020026
0
0
39 49 41 44 46 41 39 45 39 47 44 42 43 49 46 41 38 47 48 41 
1
0
42 49 42 40 46 39 43 50 43 41 48 46 46 44 49 47 43 50 40 44 
2
0
2 2 6 4 6 11 8 8 9 1 9 6 6 10 5 10 2 7 7 11 
3
0
40 36 43 44 38 40 34 36 42 39 40 36 40 42 41 39 43 37 42 33 
4
0
79 83 76 85 82 83 83 85 84 80 77 75 80 76 84 84 77 80 77 77 
5
0
9 12 10 15 14 16 13 14 8 15 15 14 12 13 12 11 7 9 8 15 
6
0
35 37 34 35 40 32 38 33 40 31 35 32 30 36 33 38 35 36 39 38 
7
0
44 47 53 45 53 46 43 46 44 47 43 45 52 43 43 49 43 52 44 47 
8
0
19 21 23 18 24 24 22 20 20 17 25 16 21 24 24 20 20 18 26 26 
9
0
93 84 94 87 93 92 90 86 87 87 91 94 90 86 86 94 94 92 91 86 
10
0
68 74 73 68 74 71 74 71 69 74 70 74 68 67 67 72 75 73 70 75 
11
0
30 34 28 39 29 32 39 30 30 34 35 30 31 33 37 38 38 36 32 35 
12
0
34 36 33 38 36 32 38 38 30 33 39 33 30 32 33 31 38 35 30 29 
13
0
66 69 72 72 68 67 65 74 73 67 74 73 64 66 74 74 73 70 69 71 
14
0
90 93 91 92 90 89 94 91 90 98 91 91 96 92 90 93 98 89 91 97 
15
0
19 17 27 26 23 17 20 25 20 21 23 27 17 18 19 27 24 21 23 27 
16
0
59 60 64 62 60 63 63 58 64 58 64 60 59 60 57 56 61 59 62 59 
17
0
89 88 83 80 86 80 89 79 83 86 85 80 81 88 85 81 82 88 89 85 
18
0
73 74 68 76 69 69 70 71 69 70 70 69 71 73 76 76 69 70 74 75 
19
0
13 8 11 8 6 8 11 13 7 14 10 10 10 6 15 15 8 14 9 8 
20
0
36 29 30 30 33 30 36 37 34 35 36 36 31 33 32 32 36 38 37 29 
21
0
63 70 67 62 69 64 70 67 67 61 60 63 66 62 68 70 60 65 62 59 
22
0
27 31 27 35 37 37 35 28 28 32 34 36 29 34 27 33 32 34 30 31 
23
0
87 93 93 90 95 96 91 94 90 96 96 92 90 90 88 93 92 91 96 96 
24
0
20 25 21 18 20 21 21 27 22 19 24 28 24 24 20 19 24 23 23 25 
25
0
14 16 17 12 11 12 16 19 15 14 15 18 17 13 16 17 17 10 14 15 
26
0
85 90 86 84 84 90 85 87 87 93 85 84 92 83 84 87 89 89 93 91 
27
0
41 47 43 40 42 42 42 47 40 47 43 43 47 42 47 46 41 45 42 40 
28
0
88 90 85 90 87 83 80 89 81 80 84 81 89 84 84 80 87 80 83 88 
29
0
82 75 78 78 79 73 76 75 79 73 77 76 82 80 77 77 80 73 78 81 
30
0
51 55 59 55 58 54 49 49 57 57 49 58 57 55 48 51 51 55 52 59 
31
0
13 21 17 11 18 11 16 21 18 15 17 18 11 13 15 20 14 19 13 16 
32
0
17 20 16 13 19 20 20 22 19 22 14 20 18 23 21 14 19 14 21 17 
33
0
88 89 96 88 92 95 89 86 94 92 91 95 87 95 90 90 94 91 87 87 
34
0
55 54 51 60 57 53 56 51 58 59 55 58 58 56 50 53 58 52 56 52 
35
0
37 32 38 32 37 35 36 31 39 38 39 39 30 35 34 34 37 39 34 37 
36
0
18 16 15 13 17 15 21 21 14 18 16 20 13 15 18 18 17 13 21 17 
37
0
13 14 10 13 7 14 10 6 12 5 7 14 10 6 7 10 8 8 11 14 
38
0
93 90 90 92 94 88 88 90 95 92 93 90 90 95 90 91 94 96 92 90 
39
0
76 78 70 73 71 73 76 78 78 74 75 71 72 75 76 70 72 79 72 74 
40
0
52 55 52 62 62 59 53 55 63 53 61 57 56 58 60 54 56 56 57 55 
41
0
77 70 79 80 72 77 71 72 75 71 74 77 78 75 77 77 75 73 73 78 
42
0
35 26 26 36 28 28 34 27 34 29 27 37 34 34 28 33 31 35 30 32 
43
0
33 33 33 35 26 31 34 34 28 33 28 25 30 25 26 26 32 29 32 30 
44
0
36 38 37 28 30 30 37 29 29 36 31 35 28 37 30 35 35 31 37 34 
45
0
90 92 86 85 85 89 88 87 89 88 93 95 89 88 90 95 91 91 93 92 
46
0
47 38 40 38 43 41 38 38 46 41 43 37 38 39 40 37 45 38 37 40 
47
0
23 28 28 28 17 21 21 22 25 28 22 27 26 23 18 25 28 20 27 19 
48
0
21 25 25 19 25 29 19 19 23 19 24 21 29 27 23 26 24 20 27 20 
49
0
44 39 35 41 45 37 40 39 37 41 40 38 35 40 40 40 35 37 40 38 
50
0
14 17 15 21 21 14 16 19 23 20 19 19 19 14 15 17 22 20 16 16 
51
0
41 41 38 31 36 32 34 34 39 35 33 31 38 37 34 37 32 31 39 39 
52
0
33 32 35 28 33 30 37 37 35 30 34 33 27 27 35 29 36 31 27 28 
53
0
67 68 68 62 64 64 65 65 69 65 64 63 58 59 68 60 58 62 64 62 
54
0
3 1 6 7 3 5 5 4 1 3 5 4 7 4 8 11 9 1 6 4 
55
0
95 88 87 88 87 87 92 86 89 91 85 86 92 87 85 94 94 89 88 91 
56
0
47 44 45 48 43 51 50 50 46 44 49 49 46 51 44 47 50 48 45 51 
57
0
73 68 64 70 66 70 66 67 63 73 68 65 63 69 71 71 64 71 64 71 
58
0
96 93 95 97 99 95 98 96 96 90 90 97 90 92 94 100 94 99 97 92 
59
0
33 36 27 29 34 34 31 30 30 30 30 31 29 31 33 35 35 27 30 29 
60
0
17 22 21 20 19 23 16 23 20 19 21 22 26 21 23 26 26 16 26 20 
61
0
54 54 57 56 60 63 55 63 60 64 54 54 62 56 58 63 57 56 57 57 
62
0
53 57 60 58 55 59 60 57 55 56 52 56 61 54 61 61 61 54 59 62 
63
0
67 65 72 72 75 69 74 64 71 65 67 73 64 73 70 74 69 73 72 73 
64
0
35 29 33 32 26 29 30 35 30 33 27 28 30 25 35 33 25 26 26 28 
65
0
71 64 71 65 65 67 67 71 71 71 71 71 74 69 69 69 74 66 72 71 
66
0
88 98 88 90 97 93 94 98 89 96 88 89 95 95 94 92 90 91 98 93 
67
0
90 94 91 91 84 85 88 91 86 88 90 92 91 85 86 94 86 86 95 88 
68
0
63 61 60 65 63 62 61 55 58 64 62 57 59 60 56 64 65 63 65 62 
69
0
21 25 22 27 23 28 27 24 26 26 26 23 22 23 25 20 21 22 29 20 
70
0
44 41 34 43 39 35 39 39 34 33 37 34 37 42 40 34 43 38 42 36 
71
0
87 94 86 95 96 93 86 87 87 96 88 87 90 86 91 94 95 94 86 87 
72
0
21 24 23 18 21 19 25 24 25 25 19 19 21 17 22 23 25 22 22 22 
73
0
28 24 22 20 19 23 28 24 18 21 18 24 23 23 23 27 18 28 26 26 
74
0
37 42 40 37 44 38 41 38 39 45 38 43 42 41 41 43 41 46 45 37 
75
0
51 47 55 50 50 52 56 51 47 50 48 47 52 52 48 56 47 54 46 54 
76
0
64 61 65 60 64 60 64 58 59 58 64 58 60 57 65 58 56 60 63 65 
77
0
36 36 31 34 31 38 38 30 34 36 33 30 29 37 37 35 35 39 29 30 
78
0
37 39 35 36 36 41 31 33 39 38 37 31 39 32 39 34 36 34 35 38 
79
0
28 30 28 30 32 34 34 25 25 32 32 34 32 28 24 25 24 30 24 26 
80
0
86 85 87 80 88 89 82 85 90 86 80 86 91 90 84 89 84 86 87 90 
81
0
72 71 69 68 64 74 73 73 65 65 67 70 71 71 68 67 69 64 64 68 
82
0
28 27 29 27 34 30 31 27 33 33 25 27 34 25 29 33 30 33 33 24 
83
0
50 40 41 42 40 50 48 40 42 47 46 50 43 45 49 42 46 47 49 41 
84
0
65 71 64 72 72 63 63 68 71 62 64 69 68 70 70 67 63 64 63 65 
85
0
18 24 19 17 19 20 22 26 23 16 25 25 23 23 22 21 19 17 18 18 
86
0
45 42 47 46 45 42 46 50 50 45 47 41 49 44 46 45 48 49 43 46 
87
0
76 81 77 83 84 79 83 85 79 79 79 75 77 79 84 83 76 76 74 78 
88
0
95 86 95 91 96 91 92 88 86 90 93 93 93 86 86 92 93 91 85 94 
89
0
79 79 79 80 75 76 83 81 83 77 80 78 82 85 82 80 76 76 82 81 
90
0
74 74 75 76 71 72 70 72 71 72 72 68 71 71 67 73 73 71 76 71 
91
0
76 71 76 72 79 71 76 71 72 78 74 78 70 71 77 73 75 75 75 80 
92
0
37 37 34 34 39 35 39 34 40 34 37 34 34 38 35 42 37 40 40 34 
93
0
21 13 13 13 19 18 13 15 19 18 20 20 12 15 22 17 19 12 20 19 
94
0
45 39 44 35 41 45 43 40 38 38 35 35 38 45 40 42 37 34 37 43 
95
0
49 52 45 53 49 46 44 47 46 44 52 52 46 50 48 44 52 53 48 48 
96
0
8 14 14 15 15 17 9 14 17 18 16 17 18 19 19 13 17 10 15 19 
97
0
25 26 29 24 25 24 22 27 26 26 31 29 21 30 22 24 22 27 31 27 
98
0
67 76 67 74 73 67 70 71 73 75 73 70 68 74 72 75 76 67 76 76 
99
0
92 85 85 92 90 86 94 84 87 92 87 87 93 85 93 92 87 87 89 88 
