10
20
1020005
0
0
90 90 93 91 93 96 92 96 93 88 91 97 96 89 97 96 90 98 93 97 
1
0
55 64 59 65 61 61 59 64 63 63 58 54 56 60 59 59 55 57 64 56 
2
0
28 23 31 27 28 26 29 26 29 21 24 21 22 22 30 29 30 28 30 24 
3
0
28 25 26 18 21 23 26 28 27 22 29 19 21 28 22 23 27 21 19 27 
4
0
42 45 47 38 39 48 46 41 46 46 42 42 38 48 44 46 38 38 39 39 
5
0
78 80 74 71 77 71 72 76 73 75 76 75 77 74 75 72 75 71 79 74 
6
0
86 92 94 94 85 89 90 94 92 88 88 87 88 92 92 93 87 85 84 93 
7
0
45 46 48 52 44 47 46 51 44 44 52 48 52 52 48 47 52 48 49 45 
8
0
27 34 31 29 27 25 30 32 26 25 31 27 28 29 29 26 28 30 33 27 
9
0
41 36 37 39 32 33 37 38 32 36 41 34 34 41 34 41 41 41 32 32 
