30
10
3010005
0
0
55 59 52 51 53 56 52 56 53 52 
1
0
88 81 87 81 79 85 79 84 88 82 
2
0
63 64 60 66 61 59 60 60 67 67 
3
0
40 45 41 42 44 41 41 41 43 47 
4
0
25 23 25 19 21 17 15 18 26 20 
5
0
54 56 56 56 49 50 50 54 53 49 
6
0
32 28 28 36 36 34 28 30 30 31 
7
0
12 10 7 9 14 14 6 13 9 12 
8
0
28 28 22 27 24 29 27 21 22 23 
9
0
85 85 85 81 88 87 81 89 86 85 
10
0
66 61 63 65 65 60 61 66 67 64 
11
0
72 71 71 68 69 71 69 69 66 73 
12
0
31 28 28 26 26 33 36 35 29 33 
13
0
87 93 87 94 93 87 87 86 88 86 
14
0
14 13 11 16 19 21 12 17 16 16 
15
0
70 67 77 70 68 67 67 71 74 70 
16
0
93 94 85 88 92 86 90 93 91 88 
17
0
41 42 48 46 40 39 47 46 46 45 
18
0
44 52 47 51 48 52 44 43 52 49 
19
0
83 74 78 74 74 72 74 76 78 75 
20
0
17 17 18 17 13 12 12 17 15 11 
21
0
62 68 61 61 64 69 62 67 69 62 
22
0
93 96 91 91 92 99 97 90 98 94 
23
0
87 91 86 96 89 86 92 87 90 92 
24
0
43 40 49 43 48 43 43 41 47 40 
25
0
79 81 81 86 80 89 87 86 84 86 
26
0
10 9 13 14 12 8 15 13 5 6 
27
0
65 61 64 64 65 62 67 61 64 60 
28
0
24 23 23 25 21 20 22 26 24 17 
29
0
67 63 63 65 65 68 64 63 60 58 
