100
5
10005017
0
0
30 41 75 17 73 
1
0
80 23 46 63 67 
2
0
10 66 51 41 77 
3
0
37 71 33 98 13 
4
0
27 98 50 79 36 
5
0
38 10 53 62 44 
6
0
19 94 68 12 19 
7
0
4 38 58 12 73 
8
0
9 74 21 47 52 
9
0
32 7 2 53 50 
10
0
80 64 78 4 12 
11
0
63 69 92 33 59 
12
0
42 83 27 43 35 
13
0
55 64 94 8 88 
14
0
57 78 48 82 65 
15
0
44 64 72 2 24 
16
0
99 78 48 26 9 
17
0
48 52 43 28 29 
18
0
11 38 17 63 43 
19
0
72 97 82 71 26 
20
0
27 86 39 28 81 
21
0
66 9 91 47 32 
22
0
33 6 83 63 54 
23
0
94 15 80 79 64 
24
0
13 74 45 12 80 
25
0
38 10 62 41 45 
26
0
30 43 40 63 43 
27
0
34 68 4 81 93 
28
0
64 64 64 10 1 
29
0
81 46 71 49 66 
30
0
39 65 82 19 6 
31
0
35 24 2 19 6 
32
0
66 82 6 80 7 
33
0
27 45 33 35 8 
34
0
77 67 75 80 68 
35
0
2 59 63 93 48 
36
0
63 53 15 69 71 
37
0
77 21 96 73 8 
38
0
89 15 16 8 22 
39
0
61 84 62 74 61 
40
0
25 67 69 85 27 
41
0
32 55 73 89 63 
42
0
59 57 42 14 20 
43
0
93 89 14 7 14 
44
0
42 22 60 30 56 
45
0
49 72 76 6 55 
46
0
10 23 11 70 74 
47
0
86 90 43 99 55 
48
0
85 98 85 17 1 
49
0
53 37 88 73 27 
50
0
29 33 41 69 7 
51
0
43 22 41 98 97 
52
0
25 36 7 5 14 
53
0
61 18 94 53 32 
54
0
23 42 20 99 47 
55
0
37 61 88 42 15 
56
0
69 31 40 88 19 
57
0
41 75 22 52 40 
58
0
51 99 60 45 89 
59
0
13 97 12 6 64 
60
0
57 1 76 36 17 
61
0
14 29 15 69 21 
62
0
87 88 39 4 30 
63
0
99 6 18 68 95 
64
0
11 18 55 97 30 
65
0
13 68 92 4 24 
66
0
32 86 67 81 6 
67
0
16 84 36 67 38 
68
0
43 34 66 32 29 
69
0
75 89 11 91 43 
70
0
99 49 67 57 1 
71
0
72 1 45 48 54 
72
0
13 73 75 71 20 
73
0
5 27 7 79 45 
74
0
68 18 41 59 8 
75
0
38 20 37 28 71 
76
0
44 23 75 18 34 
77
0
11 53 68 11 64 
78
0
14 76 66 18 55 
79
0
58 12 43 26 84 
80
0
17 1 86 84 3 
81
0
71 88 5 74 31 
82
0
62 35 75 74 60 
83
0
99 22 87 59 94 
84
0
32 86 88 10 89 
85
0
60 74 50 58 6 
86
0
78 19 97 64 76 
87
0
38 91 40 79 75 
88
0
7 82 35 73 68 
89
0
11 30 10 70 22 
90
0
72 61 3 35 59 
91
0
13 14 14 56 15 
92
0
52 56 49 31 67 
93
0
12 53 77 72 72 
94
0
44 39 89 88 49 
95
0
89 87 69 43 64 
96
0
12 51 24 5 63 
97
0
26 45 77 49 28 
98
0
88 33 91 39 6 
99
0
19 38 49 72 41 
