200
10
20010014
0
0
60 71 75 37 28 89 4 51 41 50 
1
0
98 87 80 56 46 65 57 27 49 49 
2
0
8 27 36 51 81 41 22 7 80 14 
3
0
56 56 6 72 9 89 7 82 34 12 
4
0
88 98 94 77 55 50 4 74 10 28 
5
0
39 28 28 62 29 71 29 81 72 58 
6
0
43 61 6 30 89 92 95 7 81 51 
7
0
49 87 4 90 94 66 7 41 97 50 
8
0
59 35 31 88 4 35 59 52 13 76 
9
0
93 74 80 44 56 51 52 98 35 44 
10
0
94 4 4 50 68 3 99 51 74 18 
11
0
87 31 12 98 87 20 90 49 92 25 
12
0
21 73 28 52 85 65 95 4 28 62 
13
0
42 30 24 83 83 66 61 35 34 15 
14
0
7 56 89 12 57 17 76 14 25 34 
15
0
29 14 38 86 90 58 63 36 89 70 
16
0
57 95 75 84 94 90 51 91 78 15 
17
0
81 73 37 53 22 23 6 60 14 3 
18
0
54 50 39 86 52 75 59 80 63 12 
19
0
11 27 58 44 70 31 55 78 19 87 
20
0
20 6 62 65 82 37 12 35 66 17 
21
0
59 33 8 55 48 65 52 90 70 23 
22
0
87 40 94 47 16 43 14 19 65 74 
23
0
29 31 89 89 76 91 25 16 3 64 
24
0
33 62 67 85 39 29 45 20 4 10 
25
0
22 46 88 67 1 20 95 15 58 45 
26
0
75 44 15 72 70 50 58 54 10 9 
27
0
59 43 19 18 24 57 76 89 59 88 
28
0
95 28 11 8 85 3 85 30 79 65 
29
0
61 9 77 81 59 34 21 67 32 61 
30
0
56 33 49 91 94 31 13 2 43 76 
31
0
45 24 49 18 38 69 93 40 23 76 
32
0
8 24 98 37 20 72 75 98 77 86 
33
0
58 87 42 20 25 89 97 38 94 39 
34
0
81 51 51 87 45 64 93 15 79 65 
35
0
46 47 92 68 54 12 62 19 56 18 
36
0
60 97 30 88 19 81 26 8 9 46 
37
0
41 2 56 81 87 76 37 41 40 64 
38
0
95 99 88 17 51 67 73 76 65 64 
39
0
91 95 43 16 38 40 21 51 68 82 
40
0
56 76 2 77 35 25 7 67 7 35 
41
0
98 66 48 16 47 16 73 18 51 87 
42
0
73 49 81 81 13 11 84 54 39 42 
43
0
80 14 56 68 69 63 21 98 66 46 
44
0
80 89 42 77 21 19 4 95 11 4 
45
0
54 30 65 82 23 41 74 76 61 80 
46
0
55 24 3 86 42 63 58 81 51 97 
47
0
3 78 33 53 66 19 3 45 38 28 
48
0
26 11 98 69 60 96 25 45 31 55 
49
0
34 45 25 19 8 4 93 17 11 66 
50
0
24 81 96 74 2 82 65 7 84 24 
51
0
31 80 44 90 94 56 32 40 56 98 
52
0
74 67 21 67 81 42 30 81 53 9 
53
0
72 34 55 48 15 73 15 73 56 29 
54
0
27 1 80 31 69 1 19 40 38 9 
55
0
41 41 54 22 25 45 74 96 12 68 
56
0
64 15 88 46 55 47 30 59 92 92 
57
0
86 82 61 14 20 41 18 99 29 63 
58
0
84 10 75 10 51 41 27 92 25 40 
59
0
5 51 79 11 19 94 95 76 7 83 
60
0
5 35 8 42 59 18 56 34 30 21 
61
0
19 72 46 34 80 95 50 52 40 68 
62
0
42 87 71 96 35 89 82 25 26 99 
63
0
62 71 70 3 68 46 73 57 91 77 
64
0
47 81 69 25 1 64 98 72 44 58 
65
0
38 26 44 65 9 47 56 48 77 98 
66
0
32 7 84 46 19 8 99 92 54 31 
67
0
50 45 46 31 50 20 14 59 41 47 
68
0
91 69 26 40 92 20 41 65 93 57 
69
0
3 43 67 77 8 99 80 95 75 10 
70
0
97 29 73 87 8 33 79 69 98 48 
71
0
76 95 14 85 29 75 43 80 89 45 
72
0
70 71 28 39 51 23 72 27 46 82 
73
0
80 75 37 8 59 51 66 59 34 46 
74
0
76 96 17 60 9 13 96 5 83 64 
75
0
46 7 78 51 79 12 24 90 3 60 
76
0
5 96 2 6 51 13 99 78 96 27 
77
0
22 68 54 83 79 41 60 11 76 47 
78
0
5 86 59 44 15 53 3 45 91 50 
79
0
76 22 95 68 63 61 96 80 44 43 
80
0
76 84 59 7 51 6 69 5 31 80 
81
0
92 85 15 91 75 96 36 25 73 19 
82
0
92 67 61 42 8 93 53 57 51 32 
83
0
22 8 29 54 39 40 29 42 69 16 
84
0
26 89 89 1 71 7 3 61 63 76 
85
0
60 61 73 77 16 75 96 77 31 29 
86
0
84 22 83 83 34 42 7 55 67 30 
87
0
25 82 50 62 77 1 38 4 1 80 
88
0
15 67 18 64 65 77 18 24 41 42 
89
0
44 65 5 33 43 47 39 96 67 99 
90
0
78 49 18 16 47 84 44 98 75 88 
91
0
13 12 32 76 66 85 70 63 76 99 
92
0
3 22 89 19 97 19 93 61 20 41 
93
0
96 41 80 28 65 4 74 62 94 84 
94
0
7 13 84 56 96 69 81 93 27 38 
95
0
86 36 56 62 9 41 35 43 96 72 
96
0
98 9 64 62 5 34 19 9 19 2 
97
0
67 85 13 65 91 77 78 42 68 33 
98
0
39 91 85 53 3 80 91 71 14 24 
99
0
8 8 75 74 20 11 76 82 18 38 
100
0
8 42 30 26 75 65 37 22 82 63 
101
0
10 21 78 77 79 94 39 15 4 83 
102
0
57 42 7 97 14 22 72 16 26 4 
103
0
85 30 16 98 11 96 13 11 43 61 
104
0
89 45 22 95 69 24 69 57 8 2 
105
0
77 27 33 62 53 80 30 41 5 42 
106
0
83 69 2 10 17 81 40 12 43 69 
107
0
9 84 78 35 8 21 48 83 82 38 
108
0
80 94 11 20 55 46 21 62 82 25 
109
0
16 72 43 98 83 10 24 69 95 75 
110
0
19 82 46 12 90 46 91 22 66 68 
111
0
42 14 81 23 84 86 73 82 28 10 
112
0
57 78 84 82 52 84 6 81 32 98 
113
0
47 39 89 24 99 83 23 59 88 73 
114
0
7 5 77 50 3 56 93 48 1 71 
115
0
44 97 10 67 16 52 99 12 98 81 
116
0
36 66 92 35 9 22 47 13 84 2 
117
0
79 32 54 55 8 74 23 46 9 20 
118
0
46 56 79 20 79 80 32 88 2 34 
119
0
34 21 52 94 60 36 45 62 13 92 
120
0
91 30 59 69 66 57 71 62 25 28 
121
0
68 80 30 98 13 74 1 69 34 41 
122
0
6 49 28 48 58 43 28 23 61 12 
123
0
99 26 83 67 94 69 73 84 12 42 
124
0
95 53 82 26 22 33 78 16 11 37 
125
0
99 24 62 67 1 66 38 53 97 2 
126
0
10 6 19 94 57 41 1 5 46 63 
127
0
56 86 24 59 12 10 71 47 53 2 
128
0
67 83 88 65 40 90 59 16 90 91 
129
0
57 35 22 69 84 7 43 38 42 34 
130
0
57 21 47 39 81 59 41 92 81 37 
131
0
44 96 93 64 17 8 53 99 77 28 
132
0
65 75 75 36 9 10 66 48 76 76 
133
0
28 76 47 53 33 26 17 82 71 11 
134
0
62 10 2 71 31 47 87 4 63 77 
135
0
42 12 71 78 4 22 25 60 61 74 
136
0
6 80 51 18 43 72 88 22 95 64 
137
0
46 89 69 70 17 82 82 67 85 92 
138
0
55 75 55 28 50 62 51 67 39 7 
139
0
78 41 32 73 9 11 27 23 70 23 
140
0
55 28 65 69 28 83 7 37 86 49 
141
0
99 27 9 70 43 4 74 72 59 11 
142
0
2 1 41 76 32 67 40 23 71 62 
143
0
83 56 58 90 7 20 1 46 17 7 
144
0
76 17 36 49 91 77 28 18 96 30 
145
0
26 22 99 91 46 39 38 31 12 47 
146
0
61 19 35 86 16 33 62 54 32 60 
147
0
51 20 4 16 87 45 36 37 92 90 
148
0
92 90 64 8 33 70 2 56 64 12 
149
0
97 25 40 99 10 86 75 30 50 37 
150
0
38 5 37 40 82 70 75 56 78 2 
151
0
22 75 76 28 38 32 11 92 70 81 
152
0
20 7 60 45 80 82 98 84 13 31 
153
0
36 95 55 22 95 81 53 3 98 56 
154
0
44 26 53 54 71 79 62 24 42 93 
155
0
63 83 43 46 24 1 95 80 91 97 
156
0
8 38 10 36 9 42 89 39 60 26 
157
0
49 17 93 25 45 34 95 74 19 10 
158
0
56 7 12 9 1 61 67 73 47 4 
159
0
89 66 30 16 55 11 66 78 31 19 
160
0
6 14 28 19 28 20 92 38 10 87 
161
0
5 9 70 9 46 27 60 23 54 39 
162
0
98 59 35 48 56 68 51 7 4 79 
163
0
5 51 2 21 16 75 38 33 54 52 
164
0
77 3 3 26 89 34 12 33 89 89 
165
0
34 71 88 39 44 43 19 19 91 19 
166
0
21 29 40 34 51 31 28 7 76 84 
167
0
84 93 62 63 73 28 15 42 17 37 
168
0
73 69 59 73 21 23 11 43 10 22 
169
0
58 94 58 24 86 86 24 89 66 45 
170
0
35 27 24 58 88 71 12 35 69 36 
171
0
31 85 55 20 20 98 4 44 32 98 
172
0
62 9 87 46 41 55 29 38 74 7 
173
0
30 15 64 6 14 65 22 11 92 54 
174
0
93 96 57 5 13 29 19 32 15 53 
175
0
9 42 45 47 58 15 96 63 66 82 
176
0
39 19 55 17 42 36 67 10 49 60 
177
0
35 49 89 19 58 71 40 44 68 15 
178
0
87 70 1 70 86 3 37 85 22 35 
179
0
13 49 94 79 1 9 40 68 63 54 
180
0
3 86 8 68 34 16 81 63 65 66 
181
0
72 58 82 7 8 43 71 3 71 73 
182
0
51 88 87 60 48 85 85 55 90 53 
183
0
79 11 74 39 42 83 46 91 29 93 
184
0
68 76 80 2 64 21 33 23 81 82 
185
0
18 7 11 42 30 51 34 93 69 23 
186
0
79 37 86 51 83 19 69 39 22 38 
187
0
65 98 17 88 83 38 22 69 8 29 
188
0
64 21 61 25 29 32 3 38 26 7 
189
0
37 33 44 5 38 65 49 50 74 79 
190
0
79 5 39 41 90 66 44 61 48 91 
191
0
15 19 15 57 87 12 96 71 98 78 
192
0
12 89 75 3 38 11 18 62 53 23 
193
0
72 31 28 11 24 97 74 97 43 82 
194
0
66 7 27 81 33 43 4 72 32 3 
195
0
51 50 20 75 75 65 62 14 13 50 
196
0
1 76 90 38 12 15 74 37 57 23 
197
0
25 10 72 20 89 73 73 41 4 55 
198
0
86 99 19 89 89 53 62 24 41 58 
199
0
26 13 95 1 72 95 48 34 4 43 
