20
20
2020005
0
0
81 75 78 77 9 71 93 34 59 52 89 29 73 18 27 96 80 35 34 68 
1
0
98 31 49 77 68 42 43 61 62 60 94 19 83 21 83 40 7 96 23 37 
2
0
53 76 62 35 83 43 21 98 57 11 84 24 54 6 11 5 84 5 4 12 
3
0
56 37 55 14 15 85 46 89 69 94 87 94 86 38 23 58 40 54 56 52 
4
0
48 35 78 99 55 13 24 22 1 29 98 65 11 62 80 42 75 60 66 29 
5
0
65 76 84 37 85 58 13 76 97 81 18 63 35 26 80 60 15 43 98 94 
6
0
36 54 29 24 20 58 24 65 90 98 68 5 64 47 66 73 7 92 24 45 
7
0
13 57 82 90 86 75 3 16 20 75 60 63 81 60 25 91 57 21 93 51 
8
0
14 78 50 52 91 35 64 60 4 95 6 59 46 22 42 7 44 98 19 55 
9
0
33 51 22 50 32 33 45 83 38 18 61 6 82 88 23 20 69 33 47 90 
10
0
12 63 29 83 82 51 57 98 49 26 50 32 98 29 67 67 66 13 28 77 
11
0
67 85 55 6 63 89 80 98 14 40 14 19 58 76 77 65 92 41 51 61 
12
0
16 36 54 62 56 15 57 85 20 36 29 30 93 20 68 69 52 48 77 5 
13
0
83 55 20 80 45 17 76 54 88 29 96 59 32 13 97 54 44 23 19 25 
14
0
77 9 6 39 39 69 63 93 75 71 10 8 33 80 54 75 75 33 60 7 
15
0
4 78 38 88 98 23 12 84 66 17 10 20 99 20 2 13 1 41 44 1 
16
0
12 7 55 21 22 20 39 20 14 1 7 68 76 84 60 14 36 12 67 86 
17
0
38 96 19 89 70 13 41 81 60 34 19 55 61 63 40 98 8 19 85 60 
18
0
53 47 91 62 24 71 91 84 32 44 82 6 3 94 24 28 70 25 57 40 
19
0
65 94 25 4 20 72 6 47 99 84 75 68 34 30 99 21 28 20 15 38 
