50
10
5010003
0
0
21 14 53 34 44 17 58 59 2 28 
1
0
71 58 42 54 42 79 73 3 35 79 
2
0
93 62 84 71 91 92 43 7 16 99 
3
0
54 10 33 17 53 48 73 73 56 62 
4
0
46 62 55 82 59 67 89 34 67 21 
5
0
18 57 32 36 5 7 15 83 35 73 
6
0
67 55 10 30 58 15 37 99 60 13 
7
0
27 69 41 20 22 58 14 1 64 88 
8
0
4 32 31 34 29 63 64 57 25 2 
9
0
22 46 89 12 94 11 40 22 31 1 
10
0
56 70 28 95 10 39 60 41 12 97 
11
0
58 22 43 76 88 33 20 40 70 3 
12
0
87 29 74 16 1 79 50 58 51 70 
13
0
38 99 45 78 7 67 22 15 77 92 
14
0
95 94 82 74 93 61 59 1 25 75 
15
0
56 67 98 93 25 79 7 82 90 2 
16
0
43 78 76 32 24 6 19 54 91 23 
17
0
93 8 73 79 84 11 90 15 81 31 
18
0
56 73 9 61 87 84 58 80 46 29 
19
0
81 9 97 54 1 59 32 13 66 78 
20
0
98 5 86 93 55 79 66 65 15 45 
21
0
35 32 44 99 48 60 94 87 7 57 
22
0
75 65 1 17 29 63 23 13 47 66 
23
0
63 13 49 23 50 66 71 41 87 56 
24
0
66 4 30 67 96 66 80 53 12 93 
25
0
75 97 29 63 69 39 41 38 24 79 
26
0
38 39 29 15 12 10 65 89 21 2 
27
0
96 90 85 34 14 2 56 94 99 65 
28
0
3 74 5 72 88 95 33 54 46 53 
29
0
98 9 4 86 57 83 73 82 47 37 
30
0
10 16 87 2 77 62 99 47 2 61 
31
0
47 90 97 21 26 33 75 64 52 40 
32
0
29 23 10 80 65 1 38 67 28 90 
33
0
36 13 57 54 36 30 71 62 73 18 
34
0
45 73 82 69 1 51 51 94 31 7 
35
0
46 41 11 5 10 19 57 17 66 58 
36
0
13 3 8 80 87 65 1 78 59 47 
37
0
80 29 79 37 70 9 90 83 5 66 
38
0
28 97 74 97 34 44 57 58 66 79 
39
0
83 46 59 36 43 18 39 64 50 73 
40
0
56 5 90 68 28 62 61 31 27 71 
41
0
88 29 9 45 39 68 1 76 44 84 
42
0
77 45 82 43 63 34 76 94 36 41 
43
0
99 79 77 48 50 74 9 88 13 60 
44
0
2 82 49 37 97 66 94 63 49 85 
45
0
49 16 36 73 61 57 48 45 90 88 
46
0
83 89 48 78 43 99 5 53 68 83 
47
0
37 82 9 78 90 28 6 42 31 92 
48
0
75 34 6 23 13 68 2 54 96 94 
49
0
45 27 36 38 18 15 59 37 69 77 
