100
10
10010017
0
0
34 93 65 38 58 86 34 43 51 27 
1
0
50 81 49 34 97 44 30 40 52 28 
2
0
12 72 24 1 4 78 86 7 63 45 
3
0
62 35 40 14 72 87 85 62 31 98 
4
0
11 58 85 99 66 20 17 31 44 88 
5
0
18 38 12 70 88 46 2 79 32 22 
6
0
41 96 80 16 85 97 19 64 20 45 
7
0
36 64 75 1 29 28 24 57 57 18 
8
0
57 99 38 64 3 22 31 23 13 43 
9
0
78 47 16 72 35 30 8 59 54 68 
10
0
32 45 37 89 85 70 70 16 24 94 
11
0
71 16 75 94 58 19 36 15 55 28 
12
0
24 75 46 98 15 67 86 83 64 36 
13
0
41 33 68 2 28 39 43 27 64 82 
14
0
87 3 79 16 9 65 53 91 59 73 
15
0
94 83 93 96 63 94 5 81 59 39 
16
0
74 62 9 49 26 13 15 35 4 95 
17
0
97 28 11 71 66 35 13 93 89 12 
18
0
19 92 74 26 25 28 77 91 86 10 
19
0
93 11 29 83 37 77 90 14 42 25 
20
0
70 81 55 61 83 87 87 46 8 31 
21
0
53 3 85 65 34 22 24 37 33 87 
22
0
21 6 45 62 35 8 78 12 7 14 
23
0
13 61 77 82 59 35 1 61 5 40 
24
0
95 13 56 78 25 79 3 77 45 94 
25
0
3 19 34 15 1 49 84 29 65 3 
26
0
12 91 79 33 15 97 27 73 46 55 
27
0
92 24 29 41 34 19 94 91 82 91 
28
0
63 13 41 51 20 55 22 54 61 87 
29
0
77 16 87 72 54 91 10 21 66 9 
30
0
98 61 24 40 88 99 67 53 71 86 
31
0
34 53 12 32 93 8 10 82 68 84 
32
0
92 50 80 89 44 20 58 42 48 64 
33
0
59 19 31 68 50 26 54 9 21 14 
34
0
18 74 49 29 64 42 44 24 57 79 
35
0
19 22 44 10 76 69 6 64 98 31 
36
0
82 23 80 17 67 63 60 74 57 40 
37
0
82 87 9 5 85 33 16 22 63 12 
38
0
8 8 81 78 96 73 23 25 68 96 
39
0
31 72 92 36 87 18 51 22 45 4 
40
0
45 22 22 78 14 4 85 69 9 41 
41
0
7 59 36 8 42 2 9 81 12 79 
42
0
89 30 8 82 86 50 96 65 1 59 
43
0
71 65 39 11 48 29 24 5 33 52 
44
0
1 74 39 14 50 87 66 9 63 59 
45
0
92 55 36 82 9 41 60 11 59 87 
46
0
27 32 69 19 52 5 2 79 45 86 
47
0
40 40 45 81 92 17 3 68 49 14 
48
0
40 61 30 96 60 96 3 66 92 56 
49
0
59 94 64 89 89 2 30 59 84 54 
50
0
75 48 39 42 12 54 25 33 5 31 
51
0
9 70 80 76 64 83 58 67 60 61 
52
0
13 51 83 22 45 49 12 74 56 34 
53
0
15 96 61 73 46 34 74 52 41 19 
54
0
55 66 9 51 10 83 35 70 99 84 
55
0
90 95 50 39 66 26 76 90 91 4 
56
0
28 86 86 38 45 96 29 35 41 24 
57
0
69 3 3 61 47 38 81 11 30 32 
58
0
55 17 91 99 53 53 58 9 93 54 
59
0
94 34 22 10 32 26 50 46 38 77 
60
0
83 22 37 55 41 40 92 42 99 7 
61
0
75 45 69 45 78 46 4 32 94 18 
62
0
33 46 13 9 23 30 23 77 78 48 
63
0
17 31 86 58 5 24 79 43 78 31 
64
0
32 5 57 66 58 90 85 37 69 68 
65
0
2 6 78 27 49 4 66 52 95 77 
66
0
5 36 93 87 16 32 40 46 70 24 
67
0
82 94 10 10 90 28 97 50 22 64 
68
0
26 77 96 98 15 9 81 79 90 19 
69
0
50 46 22 79 25 64 35 71 97 77 
70
0
53 43 47 69 38 81 73 87 25 24 
71
0
43 25 18 24 41 22 92 74 52 20 
72
0
53 60 3 22 60 39 57 51 46 97 
73
0
13 27 15 22 32 75 97 96 79 74 
74
0
42 50 25 34 87 62 4 54 53 26 
75
0
60 89 55 3 25 14 72 72 55 57 
76
0
34 51 9 31 86 44 57 78 99 2 
77
0
53 8 1 30 71 17 26 22 63 83 
78
0
71 53 95 28 10 63 34 50 78 97 
79
0
61 65 21 81 87 15 73 51 2 7 
80
0
25 63 70 51 22 30 48 98 66 81 
81
0
54 38 62 14 4 50 23 53 5 77 
82
0
95 7 87 30 77 15 50 49 69 62 
83
0
27 58 6 90 71 86 80 94 62 59 
84
0
55 9 16 98 12 91 41 20 5 45 
85
0
32 98 14 84 25 9 48 56 4 42 
86
0
90 16 25 10 91 66 29 62 98 43 
87
0
44 52 12 38 53 27 2 85 12 3 
88
0
36 45 40 14 97 79 24 98 71 43 
89
0
96 59 50 21 78 29 54 1 5 55 
90
0
70 92 80 31 37 35 57 43 8 15 
91
0
73 91 79 95 41 51 10 11 82 68 
92
0
60 53 17 44 19 64 44 73 13 99 
93
0
49 34 62 43 5 53 19 81 2 9 
94
0
1 61 89 81 34 57 27 6 66 83 
95
0
80 11 88 82 48 14 27 97 98 2 
96
0
52 35 29 30 49 93 9 13 96 28 
97
0
80 15 36 60 61 82 74 29 62 70 
98
0
47 97 95 5 7 4 40 38 60 54 
99
0
17 86 34 85 51 11 54 34 53 44 
