100
20
10020022
0
0
44 33 60 61 89 59 36 80 52 27 35 40 40 56 17 61 56 77 27 10 
1
0
48 35 65 63 90 58 41 78 49 19 31 42 37 65 12 65 56 81 22 9 
2
0
42 36 64 58 89 60 35 81 42 26 26 35 31 62 14 56 54 87 23 6 
3
0
43 38 64 58 92 57 31 79 50 25 28 38 39 61 17 65 57 84 27 7 
4
0
47 30 64 59 93 59 36 84 51 18 32 44 39 63 15 65 54 81 21 11 
5
0
39 33 59 61 91 56 37 75 43 18 25 42 31 54 17 61 53 77 17 8 
6
0
42 31 62 58 88 61 36 81 42 22 33 37 33 63 12 62 60 79 21 7 
7
0
48 38 61 63 91 61 39 76 41 26 31 41 35 61 11 62 57 86 26 9 
8
0
42 39 65 63 97 56 37 85 49 24 32 44 37 64 9 66 51 87 19 10 
9
0
41 39 57 63 87 56 37 85 51 24 36 41 38 57 13 65 58 84 18 14 
10
0
43 34 65 59 94 57 34 81 46 23 34 46 31 57 8 58 51 87 18 8 
11
0
38 31 65 58 97 58 40 78 50 24 29 44 39 64 15 57 54 81 19 10 
12
0
41 37 66 61 89 57 33 82 45 20 25 40 31 59 12 62 54 78 25 13 
13
0
46 34 59 58 92 62 31 80 48 27 28 46 36 55 11 67 52 80 26 12 
14
0
44 31 67 64 88 55 36 76 42 21 35 37 36 60 11 61 51 82 24 8 
15
0
44 39 63 58 88 57 32 84 47 19 34 40 37 58 8 64 52 78 19 6 
16
0
49 36 60 58 95 55 37 78 49 28 31 45 37 64 15 58 55 83 22 13 
17
0
41 30 59 63 90 53 34 82 44 25 27 43 36 62 11 58 52 77 26 5 
18
0
46 31 60 57 88 61 35 76 43 27 28 43 37 58 9 59 58 86 22 12 
19
0
45 33 67 59 91 53 39 84 47 18 26 45 40 59 17 63 53 78 18 9 
20
0
45 30 57 62 96 59 39 83 43 23 33 45 40 65 8 59 54 84 17 5 
21
0
48 36 60 57 98 55 33 77 41 24 33 42 34 59 11 67 52 80 19 8 
22
0
40 30 58 57 90 52 36 76 43 19 26 41 39 60 12 63 60 86 25 5 
23
0
47 40 66 60 87 55 37 82 49 21 36 36 39 59 9 58 57 86 22 7 
24
0
48 36 58 64 89 56 31 84 51 22 34 38 36 64 14 59 54 84 24 8 
25
0
40 36 67 58 97 59 40 80 42 22 30 40 33 64 13 60 52 77 19 7 
26
0
42 40 65 55 90 54 34 79 43 26 33 42 35 63 18 67 59 86 27 5 
27
0
46 31 60 59 92 53 37 77 51 24 28 43 30 56 8 64 52 84 21 13 
28
0
40 40 64 54 90 59 41 85 45 25 28 44 37 58 17 63 58 86 28 8 
29
0
46 34 56 60 90 57 32 79 50 27 35 44 36 61 7 62 51 82 21 15 
30
0
39 36 67 61 91 54 37 77 49 28 32 45 38 57 18 62 53 84 19 10 
31
0
46 30 59 58 96 56 39 85 42 22 28 41 39 59 15 62 60 77 21 10 
32
0
43 39 56 59 93 59 32 81 49 28 33 39 32 61 16 61 50 87 18 14 
33
0
45 34 58 55 91 60 39 85 49 19 32 36 31 57 8 60 58 80 21 8 
34
0
40 31 62 54 96 58 36 85 43 21 29 38 32 61 14 65 54 77 22 8 
35
0
42 40 64 63 95 55 31 85 42 26 28 46 34 64 13 67 59 87 24 12 
36
0
46 39 57 65 95 56 31 84 52 26 28 37 38 64 12 65 52 81 21 10 
37
0
42 37 63 63 93 59 39 85 42 20 33 36 41 55 14 64 53 81 18 10 
38
0
44 32 65 62 96 61 38 78 43 21 30 36 41 63 17 64 59 78 20 10 
39
0
39 35 64 63 93 54 31 79 49 25 32 40 39 62 9 62 57 78 18 10 
40
0
43 36 66 58 95 52 41 76 44 24 27 41 32 58 9 64 51 79 20 12 
41
0
39 40 65 55 97 60 41 85 47 23 35 46 33 60 13 66 59 79 24 9 
42
0
38 37 63 59 94 53 36 80 46 26 28 46 31 54 11 60 54 83 27 13 
43
0
43 32 66 56 93 54 38 82 52 22 33 37 35 60 16 59 50 83 26 12 
44
0
40 32 59 56 89 58 36 82 43 26 31 41 31 60 15 57 55 80 24 7 
45
0
46 32 60 60 90 53 31 80 51 19 35 45 30 59 11 64 53 84 23 14 
46
0
48 31 59 59 93 51 37 79 46 28 29 45 30 57 15 62 49 80 26 14 
47
0
47 35 60 61 96 55 31 85 44 24 35 46 39 62 10 57 58 87 24 4 
48
0
48 31 63 60 92 61 37 75 46 22 31 37 33 62 17 59 57 84 21 8 
49
0
44 35 58 56 88 61 37 77 47 26 25 44 41 59 10 59 57 80 28 5 
50
0
47 35 63 59 96 59 41 85 46 28 25 43 37 63 11 61 49 78 19 7 
51
0
39 35 61 55 96 55 33 82 44 23 27 45 31 59 9 59 57 83 27 15 
52
0
44 38 65 62 97 56 36 80 42 27 31 44 35 64 9 58 50 77 17 13 
53
0
49 38 59 59 87 60 37 77 47 20 30 45 40 63 9 63 54 81 17 13 
54
0
47 36 57 63 96 58 37 78 46 22 27 43 34 56 14 64 57 79 24 9 
55
0
48 39 62 63 97 55 38 81 46 18 27 43 40 65 18 60 57 80 22 10 
56
0
46 36 63 55 91 56 40 77 48 23 28 41 36 57 18 61 56 76 26 10 
57
0
40 31 57 54 90 55 41 75 45 27 36 41 38 54 16 63 53 83 19 6 
58
0
48 39 66 60 87 52 35 81 42 23 31 41 34 59 15 67 55 81 25 10 
59
0
48 31 57 60 94 62 38 80 43 23 26 45 37 57 10 56 59 86 22 8 
60
0
43 36 63 62 90 56 35 81 46 21 33 38 34 61 15 63 53 83 23 7 
61
0
47 39 61 58 94 54 31 85 43 23 29 38 35 59 14 60 51 86 20 6 
62
0
39 40 63 58 90 58 32 77 45 21 32 38 31 64 12 66 57 85 21 8 
63
0
45 33 62 63 92 55 36 79 51 21 33 37 31 56 13 56 55 86 27 12 
64
0
41 35 63 60 97 57 37 83 51 26 31 36 32 55 16 65 56 87 20 7 
65
0
47 39 67 62 95 55 37 83 46 24 31 37 40 57 11 61 60 87 21 12 
66
0
45 34 61 58 97 54 31 84 44 19 31 44 33 62 11 63 58 76 18 8 
67
0
45 37 65 54 91 61 30 75 51 18 31 44 35 63 8 60 52 79 22 5 
68
0
42 40 60 57 97 52 33 77 45 19 35 37 35 56 9 57 53 84 19 12 
69
0
39 31 62 56 92 52 33 75 49 24 33 42 39 63 8 62 58 77 25 12 
70
0
46 38 63 61 92 54 36 78 51 27 25 44 33 63 14 56 56 80 23 11 
71
0
46 30 61 55 91 58 40 82 49 20 30 38 30 59 15 62 50 80 20 14 
72
0
48 35 60 55 90 57 34 84 45 22 32 45 31 59 11 60 51 80 18 9 
73
0
44 31 63 63 88 56 36 76 47 23 31 40 38 62 10 63 53 85 18 11 
74
0
42 33 62 58 88 60 40 75 44 25 33 45 32 57 10 57 51 79 18 10 
75
0
47 39 63 61 89 59 32 77 45 21 32 44 40 58 13 67 54 84 23 7 
76
0
45 40 58 63 91 53 35 81 41 25 28 44 40 61 9 60 57 87 21 8 
77
0
45 30 60 58 90 51 37 80 43 18 33 41 33 65 7 64 57 81 24 9 
78
0
43 36 65 63 94 56 32 75 47 25 29 36 35 62 9 59 58 86 23 9 
79
0
44 37 57 57 87 52 33 78 49 23 32 41 40 65 11 57 59 79 22 13 
80
0
47 36 60 61 92 53 35 80 46 21 26 37 30 58 9 67 53 85 25 11 
81
0
46 40 66 58 96 56 33 77 51 24 29 39 33 55 16 58 56 83 24 5 
82
0
41 38 62 59 90 53 36 77 43 19 34 46 39 64 18 60 53 82 18 5 
83
0
42 36 61 64 91 54 32 84 44 18 35 44 36 62 15 65 50 82 21 8 
84
0
48 35 62 62 95 59 31 85 43 21 26 42 40 62 9 63 49 77 18 14 
85
0
47 33 62 62 91 53 35 84 46 20 33 46 32 59 14 58 51 86 27 15 
86
0
40 40 58 55 94 59 37 81 43 22 27 44 40 65 14 64 51 83 19 10 
87
0
48 35 62 59 93 58 32 82 43 20 31 39 40 63 18 59 54 81 24 4 
88
0
39 39 66 64 88 52 32 79 52 26 26 44 39 60 15 63 58 80 24 14 
89
0
47 30 61 64 96 58 32 76 43 28 31 36 41 55 15 65 56 82 20 15 
90
0
43 35 63 61 91 62 37 82 42 18 31 37 36 60 16 62 60 77 28 6 
91
0
43 30 57 56 91 60 33 80 44 19 34 44 31 57 18 64 53 84 22 10 
92
0
47 39 65 55 91 61 37 77 41 24 30 43 36 55 9 65 57 81 26 14 
93
0
39 39 62 60 97 61 40 78 50 26 30 36 38 56 13 61 52 83 26 12 
94
0
47 38 64 57 98 62 35 76 49 22 29 40 32 54 14 67 50 82 20 12 
95
0
42 37 62 56 87 59 39 82 48 23 35 44 35 63 15 56 51 86 23 13 
96
0
39 35 56 56 97 59 34 82 42 21 30 41 39 58 16 64 54 80 27 14 
97
0
49 40 59 62 97 55 32 84 45 27 27 36 35 64 18 65 58 87 26 6 
98
0
40 40 62 63 97 59 32 84 49 26 34 40 33 55 13 61 56 81 20 11 
99
0
45 30 62 59 93 58 36 81 48 26 34 41 34 58 14 67 55 86 27 14 
