50
20
5020002
0
0
37 29 33 33 32 27 29 30 28 28 29 34 27 32 26 29 36 30 28 31 
1
0
45 36 40 41 45 41 42 37 39 43 41 46 41 40 45 37 42 45 43 40 
2
0
68 65 62 65 65 65 60 62 64 60 69 69 64 62 63 64 59 63 69 67 
3
0
5 11 11 4 5 6 8 5 3 5 11 11 3 8 2 5 6 6 11 12 
4
0
33 36 38 37 34 39 33 33 31 35 32 34 32 33 39 31 32 38 35 37 
5
0
31 37 30 29 37 33 27 37 34 33 30 27 32 28 34 27 27 27 27 35 
6
0
37 38 30 39 39 32 33 35 40 40 40 29 34 33 31 37 30 35 36 35 
7
0
46 46 48 51 55 52 46 50 49 47 46 46 47 52 56 47 51 54 55 55 
8
0
51 55 54 57 48 50 55 53 51 53 53 58 56 53 52 53 51 48 55 59 
9
0
18 15 18 12 10 17 15 15 10 15 15 18 13 17 14 19 12 10 15 18 
10
0
69 72 70 69 72 69 67 65 71 72 71 62 66 67 69 64 72 64 72 70 
11
0
56 52 50 58 60 55 53 55 54 52 55 52 52 56 56 58 54 50 51 56 
12
0
61 61 70 64 66 60 65 70 66 62 71 70 70 64 64 64 65 65 61 68 
13
0
56 54 60 59 50 50 50 54 49 56 58 56 50 50 59 58 53 58 57 51 
14
0
47 47 47 38 38 41 42 48 42 40 45 40 44 41 45 44 47 38 43 48 
15
0
28 30 27 31 29 31 28 28 34 27 31 25 30 32 25 30 25 33 34 28 
16
0
64 66 63 68 67 66 64 69 60 65 68 63 65 65 69 70 65 64 66 63 
17
0
76 83 85 84 79 78 84 79 79 75 84 75 77 85 78 77 84 76 80 84 
18
0
18 25 24 21 21 22 23 18 26 18 24 21 25 24 19 26 24 26 17 21 
19
0
41 41 37 38 45 48 38 41 43 45 43 43 43 46 47 44 39 41 41 43 
20
0
19 19 14 18 14 15 22 13 19 22 22 22 18 19 14 19 18 20 17 16 
21
0
37 29 30 36 29 36 35 30 35 37 27 37 27 36 34 35 27 37 33 29 
22
0
33 36 30 31 36 39 31 30 37 34 30 39 34 40 30 32 35 38 39 31 
23
0
57 59 66 67 57 58 65 63 65 63 65 62 60 61 61 60 63 65 62 65 
24
0
54 55 58 57 56 55 56 57 51 50 53 52 48 55 58 54 57 50 54 52 
25
0
60 57 62 61 62 60 64 58 56 54 63 54 54 62 56 54 58 61 54 64 
26
0
18 14 11 17 16 9 16 8 14 14 11 14 15 13 15 11 10 11 18 10 
27
0
32 31 28 37 32 35 36 27 35 35 30 32 35 30 29 33 31 35 38 34 
28
0
63 58 65 65 59 66 63 65 64 56 65 60 63 57 65 62 57 64 60 58 
29
0
33 32 33 39 34 32 42 39 42 36 39 35 35 36 33 40 41 42 38 38 
30
0
56 48 54 47 49 47 46 52 46 55 47 45 53 55 51 45 54 47 48 53 
31
0
93 98 97 92 98 92 93 97 96 94 93 91 97 98 91 97 92 98 95 98 
32
0
8 10 7 5 13 14 6 4 5 11 12 8 11 6 5 8 14 7 12 5 
33
0
70 69 72 77 74 71 72 78 70 77 70 71 69 70 77 79 79 75 79 77 
34
0
94 97 98 91 92 94 96 94 93 96 90 93 95 99 97 92 93 99 92 90 
35
0
65 66 74 74 68 72 73 74 68 71 72 73 70 67 68 68 74 72 75 67 
36
0
27 21 24 24 17 17 22 20 24 25 23 26 23 18 21 26 26 23 19 21 
37
0
56 55 52 57 49 50 48 52 48 49 53 49 54 50 50 52 52 57 55 52 
38
0
54 54 60 54 57 65 57 61 59 62 62 64 64 61 63 63 57 55 55 55 
39
0
76 73 74 77 76 76 75 74 73 78 75 72 71 71 78 79 76 71 71 74 
40
0
80 82 83 76 82 78 83 85 81 81 81 80 84 85 77 80 82 82 85 82 
41
0
14 10 16 15 13 13 12 7 9 13 13 14 15 14 13 13 14 8 13 7 
42
0
15 20 14 24 14 19 15 15 21 20 20 14 16 22 15 17 14 15 20 20 
43
0
56 48 53 47 51 48 55 47 52 46 51 51 53 50 53 55 49 48 56 49 
44
0
89 87 91 86 91 82 86 84 88 81 81 83 86 83 89 81 91 88 83 86 
45
0
64 68 71 69 71 69 67 64 62 71 67 69 62 71 62 68 62 66 65 62 
46
0
70 72 68 67 73 66 66 67 71 75 75 70 68 71 71 73 72 69 75 73 
47
0
69 66 76 71 74 74 68 75 70 67 69 71 69 70 65 69 76 73 73 75 
48
0
5 7 7 11 9 10 6 13 13 5 11 11 6 8 10 10 11 3 6 9 
49
0
58 49 55 54 57 51 60 60 53 54 56 59 53 50 57 57 58 54 59 54 
