100
10
10010025
0
0
37 33 34 35 41 40 40 31 34 35 
1
0
88 86 81 80 79 78 81 83 78 78 
2
0
89 90 85 92 84 93 87 85 87 83 
3
0
87 96 96 96 87 89 91 97 94 95 
4
0
26 24 25 27 21 30 30 20 24 25 
5
0
24 31 31 27 23 30 27 30 24 32 
6
0
22 25 17 22 21 24 21 23 19 25 
7
0
92 92 93 89 84 92 89 87 92 86 
8
0
33 38 34 37 39 40 38 41 38 39 
9
0
46 50 44 52 53 54 48 54 47 49 
10
0
10 11 14 9 15 18 19 16 10 15 
11
0
21 31 24 30 25 22 27 28 28 29 
12
0
70 72 67 66 64 72 69 74 66 71 
13
0
82 84 80 85 82 85 77 80 81 81 
14
0
31 29 22 21 28 22 23 26 30 23 
15
0
33 25 28 32 30 28 28 30 25 33 
16
0
50 57 51 53 48 54 49 52 56 55 
17
0
76 76 79 82 75 81 78 80 82 73 
18
0
49 46 45 46 45 52 49 45 54 47 
19
0
53 50 53 48 50 49 47 50 50 47 
20
0
58 59 60 60 60 58 65 57 59 59 
21
0
23 26 22 25 27 28 25 22 24 31 
22
0
83 77 74 81 81 77 80 78 82 74 
23
0
46 48 43 44 45 49 40 43 49 45 
24
0
70 68 70 68 65 62 70 63 65 70 
25
0
77 77 77 79 76 81 78 84 75 81 
26
0
34 33 41 36 31 32 38 39 38 31 
27
0
45 47 50 43 44 42 44 45 50 46 
28
0
29 33 24 27 30 31 29 29 22 24 
29
0
66 66 70 68 74 69 73 66 72 66 
30
0
46 43 46 44 45 47 50 51 47 44 
31
0
54 54 54 48 54 48 50 50 50 45 
32
0
45 43 45 47 43 42 42 41 45 42 
33
0
65 72 65 74 75 71 68 75 73 69 
34
0
63 66 64 66 65 61 63 62 66 60 
35
0
80 79 84 84 85 89 89 84 84 90 
36
0
85 76 81 82 85 78 79 85 76 79 
37
0
29 33 34 28 27 29 33 24 33 34 
38
0
12 7 6 4 12 13 6 9 4 12 
39
0
19 22 25 19 26 24 21 16 26 24 
40
0
71 70 75 76 68 70 72 71 76 78 
41
0
68 59 69 62 61 64 64 66 68 69 
42
0
19 19 18 20 20 18 27 20 26 24 
43
0
72 73 71 67 66 71 67 74 65 69 
44
0
11 11 12 16 17 10 11 13 12 11 
45
0
73 74 76 78 78 74 76 78 74 78 
46
0
89 89 89 90 91 89 87 93 84 92 
47
0
14 13 16 15 14 21 15 15 19 20 
48
0
20 18 16 13 19 12 19 13 14 21 
49
0
43 51 44 44 44 41 49 50 51 42 
50
0
26 28 30 28 23 24 21 29 23 22 
51
0
75 81 83 83 83 80 79 81 83 84 
52
0
54 48 54 48 50 51 47 49 54 51 
53
0
39 34 33 42 34 34 42 36 43 39 
54
0
25 25 22 21 18 24 23 17 27 24 
55
0
23 27 26 25 19 16 25 22 18 17 
56
0
79 71 75 76 68 72 71 70 69 71 
57
0
70 69 67 65 61 69 65 70 65 62 
58
0
72 74 67 72 72 67 66 68 71 68 
59
0
86 86 82 83 80 83 82 88 78 81 
60
0
10 7 10 6 8 14 14 9 11 7 
61
0
70 70 67 73 64 67 63 67 65 70 
62
0
86 89 85 91 93 84 91 89 88 86 
63
0
75 75 77 70 72 80 73 78 70 72 
64
0
6 11 9 3 11 8 6 6 8 12 
65
0
64 64 67 60 70 66 62 65 70 69 
66
0
98 93 99 98 90 92 93 99 99 92 
67
0
15 9 20 11 11 16 13 20 20 19 
68
0
69 64 62 71 65 71 66 65 61 65 
69
0
18 10 18 10 18 11 17 14 13 12 
70
0
33 33 35 34 35 37 31 34 39 32 
71
0
82 73 82 78 79 75 75 74 82 78 
72
0
34 28 25 26 30 34 29 33 31 29 
73
0
51 47 50 48 51 48 54 49 54 55 
74
0
28 38 34 37 27 35 31 37 35 35 
75
0
91 91 90 90 96 98 94 93 95 98 
76
0
50 51 54 44 51 45 45 46 49 50 
77
0
38 30 31 33 32 36 32 33 32 29 
78
0
53 59 53 51 59 55 55 54 54 58 
79
0
71 62 66 65 63 62 66 64 63 71 
80
0
74 66 74 69 76 71 69 70 72 70 
81
0
75 83 82 75 74 73 80 77 77 84 
82
0
91 92 95 92 97 96 95 100 96 94 
83
0
91 91 88 94 86 89 93 91 87 92 
84
0
93 96 92 93 93 91 93 97 98 95 
85
0
17 16 19 22 16 19 18 25 19 18 
86
0
40 29 32 32 32 33 37 30 34 38 
87
0
14 16 9 8 17 19 12 9 9 17 
88
0
54 61 54 52 56 61 53 58 51 59 
89
0
26 20 30 21 24 30 28 22 20 25 
90
0
47 51 51 43 46 52 44 52 47 49 
91
0
68 69 70 64 63 65 67 63 61 66 
92
0
24 23 24 21 15 24 20 17 17 19 
93
0
68 75 71 70 77 70 71 70 68 72 
94
0
70 76 75 77 77 74 80 75 78 80 
95
0
84 85 84 78 75 82 84 83 81 76 
96
0
19 12 14 16 11 15 16 17 12 13 
97
0
66 70 65 74 71 66 69 70 72 72 
98
0
93 89 94 90 87 91 96 87 90 88 
99
0
37 36 31 34 35 38 40 39 36 40 
