200
5
20005020
0
0
52 10 13 94 32 
1
0
57 8 15 92 31 
2
0
52 13 11 90 30 
3
0
54 10 8 96 36 
4
0
61 13 13 92 36 
5
0
56 14 15 89 27 
6
0
54 14 14 92 27 
7
0
53 6 9 99 33 
8
0
52 15 13 93 29 
9
0
59 13 12 95 29 
10
0
61 7 10 95 30 
11
0
55 16 14 92 35 
12
0
59 10 8 98 37 
13
0
52 8 5 99 37 
14
0
62 7 16 100 35 
15
0
60 8 15 97 32 
16
0
55 9 8 99 32 
17
0
59 15 15 92 31 
18
0
54 8 15 95 27 
19
0
54 11 15 99 29 
20
0
60 11 6 91 32 
21
0
57 13 15 96 28 
22
0
58 14 8 93 36 
23
0
57 13 7 98 28 
24
0
59 6 14 95 29 
25
0
56 8 6 99 29 
26
0
61 13 9 99 29 
27
0
56 10 13 97 37 
28
0
60 6 12 99 27 
29
0
56 11 15 97 34 
30
0
51 14 15 91 28 
31
0
55 13 14 99 32 
32
0
57 10 12 93 34 
33
0
60 12 10 94 34 
34
0
54 12 16 89 33 
35
0
53 11 9 90 31 
36
0
61 8 6 98 36 
37
0
59 13 12 93 32 
38
0
55 11 6 92 30 
39
0
60 13 7 97 32 
40
0
52 12 10 90 33 
41
0
59 13 13 97 37 
42
0
57 8 14 94 28 
43
0
52 16 6 99 33 
44
0
57 12 6 95 28 
45
0
53 13 10 96 27 
46
0
60 10 8 100 28 
47
0
55 9 11 98 36 
48
0
61 14 11 95 32 
49
0
55 10 7 94 36 
50
0
57 11 6 99 28 
51
0
54 5 9 90 31 
52
0
60 6 6 97 35 
53
0
52 8 10 92 32 
54
0
61 14 6 90 36 
55
0
62 6 12 99 29 
56
0
62 5 12 100 29 
57
0
54 10 13 97 33 
58
0
57 5 8 95 33 
59
0
53 7 8 99 33 
60
0
58 13 7 93 37 
61
0
52 11 11 99 34 
62
0
55 9 15 95 27 
63
0
53 7 9 89 30 
64
0
56 6 15 93 27 
65
0
53 16 6 90 34 
66
0
55 15 6 98 27 
67
0
59 12 5 99 36 
68
0
59 7 11 90 29 
69
0
56 15 15 95 32 
70
0
55 14 11 90 36 
71
0
61 8 16 100 35 
72
0
53 8 14 95 37 
73
0
53 12 16 97 30 
74
0
51 8 12 92 36 
75
0
60 6 8 95 29 
76
0
52 6 15 95 34 
77
0
51 7 7 100 30 
78
0
55 7 8 95 30 
79
0
58 9 12 99 35 
80
0
60 13 5 91 28 
81
0
58 14 12 94 29 
82
0
52 6 7 91 32 
83
0
54 15 8 90 30 
84
0
58 14 7 98 34 
85
0
52 11 5 97 30 
86
0
57 8 6 89 34 
87
0
60 9 9 96 38 
88
0
61 13 11 94 34 
89
0
53 10 10 99 32 
90
0
55 10 11 99 32 
91
0
52 6 11 97 31 
92
0
58 11 15 89 32 
93
0
51 14 7 94 32 
94
0
51 9 6 100 37 
95
0
52 6 7 93 33 
96
0
53 6 11 92 30 
97
0
56 16 15 100 31 
98
0
57 9 13 93 32 
99
0
59 5 10 95 36 
100
0
54 14 6 90 29 
101
0
54 16 6 97 32 
102
0
54 12 13 99 32 
103
0
53 14 16 100 34 
104
0
61 5 16 98 29 
105
0
58 15 7 99 38 
106
0
51 16 10 93 29 
107
0
59 8 10 90 27 
108
0
59 11 13 95 31 
109
0
52 13 14 91 36 
110
0
56 11 9 92 27 
111
0
62 16 6 94 36 
112
0
52 13 10 98 36 
113
0
57 8 13 97 33 
114
0
54 8 11 99 30 
115
0
56 15 15 90 32 
116
0
54 14 9 90 34 
117
0
53 8 6 94 35 
118
0
62 15 11 98 32 
119
0
56 16 7 91 32 
120
0
55 16 10 95 28 
121
0
52 6 11 99 37 
122
0
51 13 11 97 32 
123
0
59 13 8 92 29 
124
0
53 8 15 96 30 
125
0
53 14 15 97 32 
126
0
56 11 8 96 27 
127
0
54 13 16 90 29 
128
0
60 11 6 92 36 
129
0
61 6 9 97 28 
130
0
52 5 10 90 37 
131
0
61 6 11 95 29 
132
0
58 10 10 95 33 
133
0
60 8 8 90 33 
134
0
52 5 7 92 30 
135
0
55 6 5 99 29 
136
0
58 8 14 93 37 
137
0
52 9 7 100 34 
138
0
62 9 14 93 36 
139
0
57 7 11 99 29 
140
0
58 10 16 96 38 
141
0
58 15 10 100 29 
142
0
62 12 14 92 31 
143
0
52 6 15 99 31 
144
0
61 10 12 94 32 
145
0
55 5 10 93 36 
146
0
55 6 13 93 36 
147
0
60 14 9 91 31 
148
0
55 10 5 93 31 
149
0
51 15 12 95 29 
150
0
57 9 15 95 28 
151
0
60 9 7 89 32 
152
0
59 12 7 92 31 
153
0
52 14 14 92 37 
154
0
52 15 8 91 36 
155
0
54 7 6 89 37 
156
0
52 14 11 93 29 
157
0
52 14 9 90 27 
158
0
55 15 9 91 30 
159
0
55 10 8 94 37 
160
0
59 7 15 95 31 
161
0
59 10 14 95 29 
162
0
51 12 8 98 30 
163
0
52 16 6 90 31 
164
0
55 14 11 91 34 
165
0
54 9 11 94 27 
166
0
57 11 11 99 37 
167
0
62 7 15 97 28 
168
0
56 9 16 99 32 
169
0
53 14 7 99 31 
170
0
55 10 14 93 29 
171
0
54 15 5 95 37 
172
0
54 7 9 92 28 
173
0
51 15 12 99 27 
174
0
57 9 15 99 35 
175
0
58 15 8 90 35 
176
0
58 6 14 96 37 
177
0
60 10 6 90 35 
178
0
55 7 9 93 29 
179
0
56 9 10 89 37 
180
0
61 5 13 93 28 
181
0
58 9 7 96 32 
182
0
51 15 13 92 28 
183
0
55 14 9 97 29 
184
0
53 15 12 94 36 
185
0
61 15 14 94 31 
186
0
56 14 6 96 27 
187
0
57 8 13 92 32 
188
0
54 14 14 98 33 
189
0
54 8 7 91 33 
190
0
55 9 5 99 29 
191
0
59 12 5 90 32 
192
0
60 12 11 97 27 
193
0
62 8 6 92 31 
194
0
52 15 11 90 27 
195
0
61 8 11 91 31 
196
0
55 13 15 97 33 
197
0
60 8 15 95 38 
198
0
59 8 13 99 32 
199
0
61 8 14 97 29 
