30
20
3020002
0
0
61 61 70 57 47 21 38 54 79 32 14 86 68 34 40 63 58 10 25 13 
1
0
63 64 70 55 49 17 37 50 75 31 14 84 59 33 40 64 53 18 17 18 
2
0
61 63 75 63 42 10 33 57 81 35 18 79 62 41 42 64 55 10 21 22 
3
0
58 54 79 64 41 11 30 49 82 31 12 81 68 43 46 62 58 19 21 22 
4
0
59 62 74 62 41 17 36 55 76 34 15 86 70 36 37 64 53 13 20 22 
5
0
66 56 79 61 47 21 31 56 85 35 21 82 69 41 41 57 50 15 17 21 
6
0
66 64 72 55 47 17 31 58 80 33 12 78 70 38 45 63 58 16 23 19 
7
0
63 60 73 59 43 15 39 53 85 39 10 78 67 32 42 62 53 10 27 14 
8
0
62 64 69 65 51 12 36 50 81 39 13 86 64 37 44 59 55 14 18 16 
9
0
58 63 75 55 43 19 35 57 78 31 11 87 59 34 46 65 53 15 25 16 
10
0
62 64 74 62 44 11 30 57 83 41 12 79 59 39 36 66 56 12 26 13 
11
0
57 56 70 62 51 19 33 51 82 36 12 78 67 33 47 57 57 14 22 21 
12
0
66 59 72 64 51 21 36 53 82 39 19 77 68 37 39 57 58 18 17 22 
13
0
60 60 72 59 49 12 36 51 81 40 16 86 59 38 39 61 59 13 23 22 
14
0
64 56 76 61 43 17 33 60 83 31 19 82 61 42 39 57 55 12 24 22 
15
0
62 58 75 65 43 20 32 51 77 32 21 84 60 36 45 61 60 13 26 20 
16
0
63 61 71 59 47 16 38 51 77 37 20 85 63 42 40 63 50 9 22 15 
17
0
57 58 78 58 46 21 29 57 75 41 15 80 64 43 44 61 53 18 25 16 
18
0
65 63 76 58 41 12 34 49 83 36 12 83 65 41 46 64 55 19 22 17 
19
0
62 64 74 65 45 17 37 56 83 35 17 85 63 35 37 60 51 11 18 12 
20
0
68 57 73 56 43 19 36 55 85 38 11 87 69 37 43 65 58 10 27 14 
21
0
64 57 69 58 52 17 35 56 76 37 20 82 65 34 36 60 57 17 21 17 
22
0
58 65 73 57 42 12 37 51 86 38 10 83 69 38 40 59 52 10 23 16 
23
0
65 55 74 55 43 20 32 50 82 37 16 87 64 40 45 66 54 14 27 19 
24
0
68 59 76 60 51 17 30 59 76 41 10 85 66 36 38 57 51 16 18 19 
25
0
59 63 77 61 42 15 35 53 83 35 16 84 66 39 42 60 59 14 19 19 
26
0
63 57 78 66 43 13 33 50 79 39 10 83 66 33 44 65 50 19 22 22 
27
0
67 59 79 63 44 16 31 56 79 40 17 80 64 32 45 56 57 12 24 17 
28
0
68 56 74 63 42 15 31 52 80 35 19 86 65 37 44 60 52 11 22 18 
29
0
65 56 77 60 48 16 39 58 80 39 15 85 63 39 44 59 59 14 18 16 
