100
5
10005021
0
0
31 18 43 47 52 
1
0
29 14 51 47 51 
2
0
30 16 49 47 48 
3
0
32 13 50 51 49 
4
0
30 11 48 50 54 
5
0
32 15 48 47 48 
6
0
36 19 48 48 46 
7
0
36 10 42 51 51 
8
0
28 14 46 54 57 
9
0
31 17 41 51 52 
10
0
35 10 51 48 51 
11
0
36 12 52 56 50 
12
0
35 12 47 56 56 
13
0
36 9 49 57 50 
14
0
34 14 44 53 51 
15
0
35 13 42 48 46 
16
0
33 12 51 52 49 
17
0
34 15 51 54 50 
18
0
38 12 41 53 54 
19
0
38 11 49 47 52 
20
0
32 10 42 54 47 
21
0
35 18 44 52 52 
22
0
35 19 47 56 49 
23
0
33 19 42 48 55 
24
0
33 11 49 48 57 
25
0
35 16 46 49 55 
26
0
38 13 45 49 50 
27
0
31 17 44 54 49 
28
0
34 11 47 51 46 
29
0
28 19 44 48 55 
30
0
32 14 51 54 51 
31
0
35 11 47 52 48 
32
0
32 12 47 56 48 
33
0
35 11 41 47 54 
34
0
31 15 49 53 52 
35
0
29 18 46 55 52 
36
0
36 15 49 53 52 
37
0
37 12 43 53 56 
38
0
28 10 46 49 49 
39
0
30 13 44 57 54 
40
0
30 18 45 49 46 
41
0
33 15 42 56 53 
42
0
38 11 48 53 49 
43
0
28 13 42 55 50 
44
0
36 18 42 52 54 
45
0
34 11 45 53 51 
46
0
32 20 45 55 51 
47
0
38 13 46 54 50 
48
0
31 11 46 54 47 
49
0
31 10 43 57 56 
50
0
31 19 50 57 52 
51
0
30 20 46 47 47 
52
0
35 17 47 53 51 
53
0
35 11 42 56 56 
54
0
28 18 51 53 50 
55
0
34 13 46 48 51 
56
0
38 15 46 54 55 
57
0
29 11 48 55 49 
58
0
32 20 46 48 57 
59
0
30 11 49 49 47 
60
0
29 14 47 48 46 
61
0
38 19 48 54 47 
62
0
31 12 46 56 46 
63
0
28 12 47 53 54 
64
0
29 16 43 50 49 
65
0
32 14 52 50 51 
66
0
33 11 48 50 54 
67
0
30 15 46 50 48 
68
0
28 9 44 57 48 
69
0
38 15 44 56 51 
70
0
30 10 43 49 51 
71
0
30 19 43 48 53 
72
0
35 14 47 47 50 
73
0
36 16 50 56 47 
74
0
30 12 50 52 48 
75
0
30 10 45 50 52 
76
0
31 19 47 56 48 
77
0
30 20 48 52 54 
78
0
35 14 42 56 49 
79
0
33 17 47 53 56 
80
0
30 16 50 55 47 
81
0
35 20 51 53 51 
82
0
36 14 50 53 54 
83
0
36 16 47 48 47 
84
0
29 19 52 51 49 
85
0
35 15 49 50 52 
86
0
31 18 50 52 48 
87
0
28 17 45 53 50 
88
0
35 15 49 47 51 
89
0
35 11 46 55 52 
90
0
31 20 50 49 55 
91
0
38 18 50 52 52 
92
0
29 14 42 50 48 
93
0
36 17 42 54 49 
94
0
30 13 44 57 46 
95
0
36 20 49 53 49 
96
0
34 10 48 50 53 
97
0
38 17 52 49 53 
98
0
37 15 48 51 50 
99
0
34 12 42 57 54 
