100
20
10020021
0
0
42 88 61 93 49 47 40 38 84 62 42 32 31 27 77 34 95 47 69 79 
1
0
40 81 68 89 44 41 45 33 87 56 41 29 29 32 76 35 91 56 67 76 
2
0
48 81 62 88 48 45 40 36 89 58 42 29 25 25 76 41 91 56 65 71 
3
0
48 79 60 87 47 46 41 39 84 55 46 29 31 24 76 43 88 54 64 76 
4
0
45 80 59 95 42 43 45 36 84 60 45 29 27 29 76 43 94 50 70 79 
5
0
38 80 59 93 43 42 38 30 92 61 40 29 25 32 76 37 89 50 65 79 
6
0
46 84 58 94 49 41 39 33 93 54 40 21 28 26 71 36 87 48 68 71 
7
0
41 80 67 90 48 40 37 30 86 63 50 23 23 24 70 40 94 50 75 77 
8
0
43 87 67 90 41 42 39 36 94 58 42 24 25 24 74 39 89 49 65 74 
9
0
47 78 64 89 48 41 41 35 94 64 44 28 28 30 77 41 88 55 74 75 
10
0
48 86 58 88 46 47 38 41 88 58 48 28 27 26 74 35 92 51 72 78 
11
0
40 80 67 94 49 46 42 37 84 55 39 27 25 24 72 45 87 50 69 74 
12
0
41 77 60 92 39 37 45 38 88 62 41 22 22 33 79 39 92 51 75 71 
13
0
46 84 63 89 47 46 39 38 87 61 49 27 26 34 68 45 95 47 64 72 
14
0
39 87 60 91 47 47 42 37 94 59 42 31 21 28 71 41 90 55 67 72 
15
0
48 84 67 92 39 36 45 34 88 58 42 26 23 32 71 39 93 47 73 79 
16
0
49 87 60 92 42 43 43 37 87 63 45 22 29 30 71 35 87 55 73 74 
17
0
48 87 62 89 48 38 46 30 85 63 44 22 29 25 70 44 95 54 67 74 
18
0
45 78 66 92 45 41 40 38 88 56 50 22 21 34 74 43 89 48 72 73 
19
0
40 77 63 88 49 38 37 34 94 62 47 27 27 31 79 38 92 48 68 78 
20
0
38 78 68 94 47 39 39 33 88 54 46 32 24 33 70 44 89 49 72 72 
21
0
42 79 64 95 47 37 41 36 85 56 46 25 28 29 76 39 89 46 69 72 
22
0
40 88 65 97 44 43 39 37 87 60 41 26 22 30 71 42 85 55 71 72 
23
0
38 79 60 97 43 43 41 34 84 59 39 24 26 25 79 37 92 55 68 71 
24
0
43 84 63 91 46 39 42 32 84 60 42 27 26 32 75 40 90 46 74 71 
25
0
39 80 66 97 42 42 42 32 86 55 44 26 24 25 72 43 87 53 66 78 
26
0
46 86 67 96 39 46 47 38 90 57 39 30 23 25 78 36 89 49 73 72 
27
0
41 86 63 87 43 39 43 37 92 55 48 27 25 31 76 43 85 52 74 74 
28
0
43 78 67 94 42 45 37 30 94 59 48 31 21 32 72 42 85 46 66 80 
29
0
47 85 62 88 47 39 40 32 88 62 39 22 23 24 69 42 85 54 73 70 
30
0
42 82 66 88 43 39 45 39 94 61 41 27 28 32 76 37 92 46 67 77 
31
0
44 81 66 97 39 39 42 34 94 63 46 22 25 32 75 39 85 55 75 72 
32
0
43 82 58 89 45 38 37 39 90 55 45 22 21 31 76 36 95 53 66 69 
33
0
48 77 68 97 50 43 46 30 90 61 41 29 26 30 70 34 87 47 71 76 
34
0
47 84 58 94 43 38 46 33 91 58 41 23 27 27 77 39 88 54 65 74 
35
0
46 86 62 93 41 39 43 31 87 58 43 21 30 33 76 36 88 53 68 78 
36
0
48 80 64 90 49 43 38 33 92 59 39 25 30 26 78 43 94 52 70 71 
37
0
42 86 66 88 49 40 38 38 91 62 47 29 30 31 73 44 94 51 65 73 
38
0
40 84 61 89 42 41 47 32 86 57 50 24 27 32 73 37 90 49 65 79 
39
0
47 82 60 88 45 47 42 35 85 54 45 27 28 29 72 43 87 46 64 80 
40
0
43 88 58 94 46 40 41 40 90 55 42 28 31 31 71 36 91 46 69 73 
41
0
42 85 62 88 50 39 46 33 90 54 40 30 25 24 78 43 95 56 71 77 
42
0
41 85 62 87 44 39 43 35 84 55 40 27 22 28 77 35 93 54 75 79 
43
0
47 86 67 89 41 42 46 38 85 58 47 23 27 32 72 38 89 46 64 74 
44
0
39 78 58 96 45 46 40 34 87 57 48 22 22 25 79 40 90 55 73 71 
45
0
39 84 65 87 46 42 37 37 88 53 48 26 23 24 68 42 85 54 65 76 
46
0
38 87 64 97 44 43 39 31 87 59 44 29 23 33 74 41 91 45 65 70 
47
0
44 77 61 97 42 41 47 30 91 64 42 25 31 29 77 42 85 49 71 71 
48
0
43 84 64 88 45 39 42 36 94 60 39 25 30 24 74 40 86 55 75 80 
49
0
46 82 62 93 47 42 38 31 84 63 49 31 24 23 73 36 86 49 73 71 
50
0
41 80 67 92 39 38 47 35 94 62 49 23 31 31 72 43 92 47 73 77 
51
0
47 81 59 97 48 46 44 41 89 57 43 22 24 24 70 38 90 54 73 79 
52
0
41 82 62 87 46 37 44 31 85 55 40 23 31 25 78 35 95 48 71 70 
53
0
45 79 63 88 48 43 37 31 86 57 48 26 28 25 76 39 85 53 74 72 
54
0
45 82 61 89 43 43 47 36 87 62 47 24 20 26 76 42 94 49 69 75 
55
0
42 79 61 89 40 46 47 35 87 57 47 25 20 28 70 40 89 53 65 71 
56
0
47 88 66 89 44 47 39 38 89 58 41 23 21 26 76 40 89 48 64 78 
57
0
41 80 62 87 40 37 47 37 87 63 40 27 24 34 69 40 95 47 68 69 
58
0
47 84 58 90 42 36 40 33 90 60 49 31 30 33 78 39 94 54 73 76 
59
0
49 84 68 97 49 44 47 38 94 57 48 22 25 24 78 41 88 50 72 69 
60
0
38 79 63 89 48 44 37 32 88 57 43 22 25 30 69 41 87 54 66 75 
61
0
41 84 65 91 43 45 47 37 87 53 50 26 26 33 70 35 92 49 69 70 
62
0
46 87 57 87 45 47 37 31 85 53 48 32 31 25 78 41 88 46 72 70 
63
0
45 81 61 96 42 42 43 39 92 59 44 26 27 23 79 38 89 46 69 78 
64
0
46 77 62 90 47 39 41 33 91 55 44 23 25 29 76 44 85 50 74 72 
65
0
44 85 67 97 45 44 39 36 84 61 49 30 27 25 79 43 93 52 73 70 
66
0
44 82 57 94 43 37 42 38 91 56 49 23 30 26 74 40 90 50 70 73 
67
0
45 79 67 93 43 42 46 31 88 57 43 28 28 32 77 40 93 54 73 72 
68
0
41 86 62 92 47 36 39 33 91 57 40 29 25 31 78 37 95 54 66 71 
69
0
45 80 59 88 48 43 43 36 87 63 47 26 26 33 78 43 93 52 64 75 
70
0
42 85 61 92 39 36 45 40 89 58 49 27 21 31 78 44 92 46 71 75 
71
0
43 87 65 90 42 46 38 39 87 60 42 22 23 33 69 41 92 54 71 72 
72
0
48 81 58 91 46 36 40 37 92 61 42 29 30 27 76 36 92 49 75 78 
73
0
38 85 67 91 47 41 47 40 85 55 48 28 31 32 78 40 90 47 66 74 
74
0
48 78 66 96 42 42 47 40 84 62 39 30 29 23 70 43 86 47 69 74 
75
0
48 85 60 97 40 37 39 30 91 63 39 24 22 31 73 39 85 47 67 79 
76
0
44 79 67 95 43 44 47 31 84 61 46 30 23 34 76 41 86 48 66 77 
77
0
48 83 59 94 42 45 38 32 88 62 43 24 28 23 73 45 86 53 67 70 
78
0
46 80 66 92 45 42 41 32 85 61 42 30 29 26 68 37 91 47 74 72 
79
0
46 79 67 93 45 36 40 39 93 57 43 30 21 32 73 37 88 52 66 78 
80
0
46 85 61 92 46 40 45 31 90 63 49 22 20 26 77 34 94 54 71 78 
81
0
46 78 65 91 49 42 42 36 84 61 41 26 27 31 77 34 94 48 74 80 
82
0
44 79 65 97 40 36 47 40 92 55 41 29 26 33 77 39 87 53 70 78 
83
0
43 81 61 96 50 44 44 38 86 61 44 28 21 24 70 40 94 51 72 75 
84
0
41 86 59 93 39 43 47 31 91 61 42 29 25 32 70 35 94 56 64 74 
85
0
39 81 67 96 49 45 42 40 92 61 41 31 28 27 73 37 93 54 64 77 
86
0
43 85 57 91 49 41 37 37 89 60 49 29 27 24 71 45 93 52 64 71 
87
0
48 84 65 95 49 38 46 38 89 56 41 24 21 32 76 43 86 47 69 70 
88
0
41 82 65 91 44 39 44 37 85 54 44 31 28 24 73 39 91 51 74 72 
89
0
44 82 63 96 40 45 42 40 92 61 47 31 27 32 75 44 93 47 69 72 
90
0
40 86 61 87 42 39 46 31 91 54 48 25 22 24 73 37 93 53 64 78 
91
0
40 79 66 94 40 41 38 35 93 59 39 27 23 32 75 35 89 56 73 74 
92
0
41 78 65 87 41 37 38 34 91 58 42 24 25 26 74 39 94 46 65 73 
93
0
44 81 60 87 43 39 39 38 85 59 42 26 23 33 78 35 87 46 71 71 
94
0
49 86 58 97 43 46 44 33 89 59 41 29 25 30 75 36 93 52 65 69 
95
0
49 78 66 97 44 43 40 34 87 56 43 28 22 24 72 42 94 55 70 70 
96
0
41 77 60 96 45 43 45 39 88 54 43 27 30 29 76 34 94 50 65 70 
97
0
46 78 64 88 47 42 43 33 89 64 42 23 25 26 73 39 85 52 65 77 
98
0
46 79 66 89 47 44 44 35 88 55 40 32 23 27 68 44 85 53 64 79 
99
0
39 81 67 95 49 37 41 38 88 54 47 26 28 31 72 40 84 48 70 77 
