200
20
20020019
0
0
62 48 26 23 84 46 33 65 70 70 79 84 87 50 27 80 87 48 40 73 
1
0
71 46 20 21 81 51 28 72 77 73 79 81 96 58 32 76 80 47 34 65 
2
0
65 51 24 23 85 47 34 73 73 77 73 76 88 59 25 81 89 50 30 66 
3
0
64 50 23 20 79 43 36 66 76 71 79 79 89 50 30 73 82 50 38 65 
4
0
62 47 28 25 85 42 32 69 69 74 78 78 86 56 26 74 88 47 32 66 
5
0
63 49 26 28 77 43 37 68 70 73 74 85 91 53 31 75 86 51 37 70 
6
0
67 43 18 29 79 44 28 70 79 78 73 78 86 53 27 72 82 46 35 70 
7
0
72 42 24 20 75 52 30 64 74 73 74 76 89 54 27 72 80 48 35 69 
8
0
67 41 24 22 76 53 35 72 74 73 80 83 93 57 26 77 87 47 32 66 
9
0
71 44 23 29 76 45 31 70 72 72 79 82 89 50 33 74 90 54 35 71 
10
0
68 44 28 23 79 46 31 67 72 75 80 78 86 55 30 74 81 52 37 66 
11
0
62 45 27 23 85 45 33 74 76 75 75 86 91 50 29 75 83 50 30 71 
12
0
65 47 22 22 75 47 33 67 72 78 80 83 96 57 29 74 87 52 35 68 
13
0
72 42 23 27 81 43 33 67 73 73 75 83 94 58 32 78 83 44 38 65 
14
0
72 42 28 19 83 50 30 71 75 78 76 82 91 53 26 73 85 46 38 65 
15
0
66 47 25 27 80 48 36 66 77 71 81 84 87 54 33 73 81 52 31 65 
16
0
71 45 21 28 80 43 34 65 72 68 77 76 90 50 27 80 84 54 31 70 
17
0
68 44 27 28 83 42 28 70 75 75 76 77 88 50 28 77 85 51 38 72 
18
0
71 49 23 28 83 48 34 66 69 77 81 78 96 58 31 71 88 48 35 69 
19
0
63 50 27 24 80 50 30 74 71 72 81 76 91 49 25 75 85 49 36 65 
20
0
70 51 22 21 75 50 30 65 75 69 78 78 93 56 27 76 82 50 30 73 
21
0
68 47 26 21 80 47 35 70 76 76 77 85 88 53 28 73 82 45 32 67 
22
0
65 45 26 21 81 47 33 72 71 77 76 84 94 56 35 71 90 54 39 66 
23
0
64 44 18 19 83 49 36 73 71 72 79 77 87 56 28 74 89 46 29 64 
24
0
63 47 19 20 76 50 34 69 71 72 76 77 88 58 30 73 82 46 37 66 
25
0
71 44 28 21 78 51 32 65 79 74 74 82 87 51 31 75 83 53 31 73 
26
0
62 50 22 28 84 44 28 71 76 74 73 76 91 56 33 72 83 45 39 67 
27
0
62 41 24 20 79 51 37 65 74 71 77 78 86 50 28 76 82 53 39 66 
28
0
62 46 27 26 85 51 35 71 69 75 82 77 95 56 35 75 81 49 38 68 
29
0
65 50 18 19 85 50 35 70 72 73 75 84 92 58 33 71 90 45 38 64 
30
0
64 45 20 19 82 42 32 65 71 72 78 76 90 59 29 76 86 44 40 66 
31
0
71 46 19 25 80 48 28 67 76 77 81 82 96 57 30 73 88 48 36 72 
32
0
67 43 23 23 81 45 35 71 77 78 75 79 96 56 28 76 87 46 37 70 
33
0
65 41 23 22 82 49 32 70 70 72 75 85 95 53 24 81 89 47 34 68 
34
0
66 45 20 27 81 53 35 67 71 73 81 76 89 51 28 75 87 54 29 65 
35
0
63 46 21 27 79 46 27 65 73 75 78 83 85 55 26 72 86 49 38 66 
36
0
65 50 22 27 76 48 35 66 79 72 73 83 86 57 27 74 82 45 32 64 
37
0
65 42 24 25 84 45 30 74 72 74 76 76 95 59 34 76 88 44 36 73 
38
0
63 43 26 29 80 51 33 70 73 69 83 79 85 55 25 76 81 44 36 72 
39
0
63 42 23 24 82 44 32 64 75 73 72 77 95 51 26 75 90 48 35 70 
40
0
66 42 28 29 82 48 35 70 78 77 78 79 96 53 24 74 88 52 32 72 
41
0
72 48 23 29 75 47 34 65 76 71 77 80 90 59 29 70 86 46 34 67 
42
0
63 44 21 29 79 46 31 73 71 75 80 86 92 49 34 80 90 53 36 66 
43
0
64 47 22 24 79 52 27 65 73 78 75 76 87 57 34 72 90 53 31 69 
44
0
70 45 18 26 80 46 27 68 71 70 76 84 94 51 25 74 83 49 32 65 
45
0
62 47 28 23 80 50 36 71 69 77 74 83 89 51 29 72 87 44 38 64 
46
0
67 42 24 21 83 45 35 71 72 69 77 85 89 57 26 76 88 46 34 68 
47
0
69 41 19 28 77 52 27 72 76 76 81 86 86 57 25 74 86 54 36 70 
48
0
68 49 22 25 85 44 30 65 70 77 82 85 86 56 34 79 82 46 39 73 
49
0
62 47 24 22 81 43 34 73 76 72 78 75 92 57 27 72 90 44 31 64 
50
0
62 41 24 19 83 49 27 73 77 71 82 79 93 49 33 71 82 53 39 69 
51
0
69 44 27 20 79 50 28 74 75 78 80 76 95 51 33 79 89 54 38 69 
52
0
63 45 26 27 79 46 34 65 78 72 77 81 90 53 26 77 87 49 33 70 
53
0
69 49 21 22 76 51 35 74 71 70 78 80 96 50 33 75 81 50 36 71 
54
0
65 46 18 27 78 51 37 69 75 77 81 82 94 49 32 79 87 46 29 66 
55
0
64 50 21 20 84 42 37 72 69 76 79 79 96 54 27 73 81 49 29 70 
56
0
71 49 21 20 85 45 32 69 73 70 80 83 94 59 32 78 82 48 38 63 
57
0
67 50 24 29 76 48 34 71 72 69 81 77 91 60 33 76 83 50 31 65 
58
0
72 42 19 23 79 51 38 72 75 74 79 80 95 58 29 73 87 48 34 72 
59
0
62 51 26 20 83 49 30 75 70 69 77 77 92 54 24 72 82 46 32 64 
60
0
72 50 25 23 83 45 34 70 76 68 83 81 87 56 26 75 81 49 30 71 
61
0
72 46 26 24 84 51 33 74 77 76 83 79 92 50 30 80 84 49 37 73 
62
0
67 48 20 27 78 45 29 66 68 68 78 83 91 52 35 80 87 45 39 70 
63
0
70 42 22 27 77 46 28 70 69 75 75 83 90 54 24 76 84 50 34 70 
64
0
68 48 27 26 80 48 37 64 68 73 77 82 95 53 35 70 83 51 33 63 
65
0
62 51 24 25 86 50 31 67 72 73 80 80 92 54 28 72 87 50 30 67 
66
0
64 48 21 26 76 43 36 72 77 76 83 77 91 54 27 78 82 46 32 65 
67
0
65 47 18 24 85 49 31 66 71 75 72 81 95 55 30 78 83 46 39 69 
68
0
71 48 24 23 82 46 36 70 75 70 82 83 91 60 31 74 85 53 37 73 
69
0
67 42 19 20 86 44 28 72 76 77 74 85 95 52 30 74 90 50 31 70 
70
0
63 43 28 25 80 51 31 71 78 71 78 78 93 49 27 76 82 47 37 66 
71
0
71 43 26 19 79 47 33 70 72 72 82 78 87 59 30 79 88 48 39 63 
72
0
67 42 18 27 80 50 35 74 76 77 82 81 95 52 26 71 88 53 38 71 
73
0
71 50 23 20 76 51 34 69 71 70 77 83 88 50 24 76 85 47 37 72 
74
0
64 46 19 29 80 50 27 72 70 76 80 84 85 51 24 72 90 45 40 68 
75
0
67 43 24 22 81 43 31 70 76 77 81 77 93 59 33 77 89 50 39 64 
76
0
65 47 20 20 76 49 34 66 72 76 82 84 94 53 25 76 80 54 30 65 
77
0
72 43 24 25 85 52 37 73 76 68 82 79 86 52 33 78 82 47 35 73 
78
0
69 46 23 19 75 48 27 68 78 68 72 85 87 51 28 75 88 45 30 65 
79
0
62 41 19 20 75 46 29 72 74 68 80 85 91 58 26 74 81 47 31 73 
80
0
64 50 20 21 76 46 34 64 72 74 76 81 88 54 34 77 80 44 35 71 
81
0
69 44 26 24 80 49 36 64 69 72 81 85 95 54 31 79 90 52 33 70 
82
0
64 48 28 27 77 45 37 69 72 77 78 78 88 49 29 70 80 53 33 65 
83
0
62 51 26 19 82 51 37 74 78 73 77 85 89 53 32 80 87 51 37 64 
84
0
63 46 21 25 84 45 29 65 70 71 80 82 95 49 31 79 90 46 32 66 
85
0
70 43 24 22 78 51 36 71 71 70 83 77 94 51 26 73 90 46 36 65 
86
0
72 49 18 27 75 45 32 66 69 77 76 78 88 52 32 79 86 53 31 65 
87
0
69 44 20 27 76 52 37 64 70 69 78 79 94 57 32 77 80 54 33 64 
88
0
68 42 24 21 84 46 31 65 74 76 75 76 87 53 31 75 82 46 37 66 
89
0
71 43 21 27 83 53 28 65 70 68 73 80 95 56 30 78 88 51 35 69 
90
0
71 46 27 23 78 52 30 65 74 74 76 82 93 52 33 79 90 53 34 65 
91
0
72 45 21 25 77 53 35 64 74 74 73 84 86 56 31 73 82 53 38 64 
92
0
64 44 22 26 78 47 36 69 70 69 73 85 89 57 26 75 88 53 36 68 
93
0
63 43 23 24 81 53 37 69 72 68 74 81 87 53 32 74 86 49 34 73 
94
0
71 44 28 22 83 49 28 73 74 77 73 85 89 53 29 73 89 53 32 71 
95
0
71 43 25 28 82 50 28 65 68 68 77 75 87 54 25 80 88 48 37 64 
96
0
72 46 20 26 81 44 29 64 76 69 80 85 90 49 33 70 88 52 30 66 
97
0
71 49 23 27 80 48 30 69 76 68 77 80 91 55 24 70 81 45 39 65 
98
0
62 44 21 26 84 44 37 73 71 72 74 83 87 52 31 80 85 45 39 69 
99
0
70 45 20 26 79 45 32 72 78 75 73 76 95 54 25 74 84 53 32 68 
100
0
68 51 20 27 79 51 33 72 73 77 81 86 86 53 34 78 88 47 30 71 
101
0
63 49 24 29 76 47 33 71 73 74 74 81 96 57 34 74 87 47 34 73 
102
0
62 42 22 19 82 51 29 74 79 70 82 78 91 59 25 77 89 51 36 72 
103
0
71 45 26 25 82 48 37 68 74 70 77 84 91 52 30 76 80 53 31 73 
104
0
63 50 19 24 78 45 34 73 76 72 74 83 96 57 24 81 90 53 32 72 
105
0
71 43 26 26 84 50 37 67 74 74 78 77 90 56 26 73 82 52 38 65 
106
0
70 49 25 25 83 43 35 71 73 68 82 78 96 55 25 75 82 50 34 64 
107
0
72 48 23 24 86 50 35 70 69 73 73 75 87 49 27 75 85 51 36 69 
108
0
66 44 19 28 85 46 38 69 74 72 75 75 93 49 33 80 86 47 37 67 
109
0
68 51 18 19 78 53 36 73 69 70 82 80 91 54 30 78 83 45 36 69 
110
0
62 48 23 20 84 44 29 67 71 69 80 77 92 58 33 78 87 46 30 63 
111
0
63 43 24 19 81 49 32 67 72 68 73 78 88 57 35 75 80 54 32 71 
112
0
65 44 24 29 83 51 34 69 77 70 74 78 85 50 30 70 81 51 31 68 
113
0
69 45 21 25 78 48 36 73 74 75 82 84 96 55 34 70 81 45 38 68 
114
0
62 50 27 28 85 47 28 70 71 72 82 83 89 58 27 78 84 53 36 64 
115
0
71 41 19 20 84 48 27 72 78 74 75 76 93 53 30 77 81 49 33 65 
116
0
65 43 26 28 84 53 37 70 70 72 72 78 86 57 29 73 86 49 33 73 
117
0
63 49 19 20 82 52 28 68 68 78 73 84 89 60 26 70 89 45 38 74 
118
0
64 41 25 24 80 46 36 73 69 69 76 76 91 55 25 73 90 52 32 70 
119
0
64 51 24 29 81 51 33 69 70 76 78 76 95 56 25 72 90 53 31 71 
120
0
72 42 25 27 76 50 28 66 76 76 73 86 93 54 25 70 82 47 29 73 
121
0
62 51 28 20 85 42 29 72 78 71 75 80 94 52 31 77 89 50 31 69 
122
0
61 46 21 23 85 46 36 71 73 73 76 78 86 51 29 78 90 47 37 65 
123
0
71 45 28 24 79 51 34 64 75 67 82 84 95 54 28 75 90 46 29 69 
124
0
69 52 22 28 84 42 34 70 76 77 73 78 95 53 27 79 84 48 29 70 
125
0
70 52 22 27 80 44 37 72 72 75 81 83 88 51 25 73 85 52 34 73 
126
0
71 43 25 19 84 43 34 67 76 71 82 85 91 55 24 74 91 49 38 73 
127
0
67 51 28 24 81 45 36 74 72 73 82 82 87 50 26 81 89 47 35 73 
128
0
67 51 24 27 80 43 36 70 77 74 82 85 89 57 26 72 81 52 37 68 
129
0
71 41 27 29 85 49 36 71 74 71 74 76 94 60 27 70 85 44 31 72 
130
0
64 50 22 29 76 51 29 65 77 77 74 84 85 57 27 70 90 48 34 71 
131
0
70 48 21 22 84 47 29 74 75 77 75 76 87 52 30 70 90 52 35 69 
132
0
63 45 24 23 82 43 35 68 76 74 73 82 86 56 26 75 88 44 36 65 
133
0
69 45 20 29 77 53 30 70 76 78 75 82 94 52 28 78 81 49 33 72 
134
0
68 42 26 22 85 53 33 68 74 69 74 84 86 59 32 76 86 44 31 69 
135
0
72 51 24 24 83 49 33 74 71 69 79 77 86 52 24 72 89 48 36 73 
136
0
67 41 28 26 76 46 30 66 73 74 76 75 89 51 35 71 83 48 30 68 
137
0
65 50 21 28 83 45 37 65 76 69 74 81 95 57 31 71 90 50 37 66 
138
0
70 46 23 19 82 46 32 66 78 72 79 77 94 52 34 77 89 47 32 67 
139
0
68 41 22 27 81 53 33 67 71 74 76 81 87 50 31 73 85 48 39 66 
140
0
71 51 18 21 79 45 34 71 69 68 79 76 91 52 31 78 86 50 37 68 
141
0
64 44 22 27 75 50 28 70 77 76 78 77 95 54 27 78 89 44 39 68 
142
0
62 46 27 23 85 46 33 65 78 71 77 77 96 57 27 72 88 46 34 68 
143
0
69 46 22 28 76 46 38 73 72 72 75 81 88 58 32 80 90 49 30 63 
144
0
72 46 25 25 77 44 35 65 75 71 80 84 91 52 26 77 85 52 38 70 
145
0
67 46 27 23 76 53 35 75 78 68 82 85 94 53 34 73 87 48 29 71 
146
0
65 42 25 25 78 44 30 69 74 72 76 82 88 56 25 76 84 54 35 68 
147
0
66 50 23 22 78 48 37 71 74 76 77 78 88 56 26 77 80 49 37 68 
148
0
68 41 19 23 77 50 32 72 69 70 73 80 91 57 27 78 90 51 34 63 
149
0
61 47 19 20 81 47 28 74 72 69 72 85 90 50 32 70 85 45 37 70 
150
0
72 45 25 21 78 44 30 69 77 71 73 77 91 51 30 73 81 45 31 72 
151
0
63 45 24 24 84 50 30 71 71 77 81 76 93 59 34 80 88 50 29 72 
152
0
72 43 18 20 82 48 37 69 77 73 77 76 92 57 31 73 86 49 36 71 
153
0
67 46 27 23 84 52 33 71 78 78 82 82 89 50 31 80 85 53 39 66 
154
0
67 48 28 29 81 42 28 74 77 68 78 77 90 54 26 73 82 48 33 73 
155
0
70 41 18 23 77 48 33 69 73 77 79 81 96 52 27 76 85 45 36 73 
156
0
64 50 28 22 83 43 28 73 78 72 82 80 95 55 25 70 90 47 35 70 
157
0
61 44 24 19 85 42 35 64 76 73 81 78 95 58 28 79 85 50 33 67 
158
0
68 48 24 19 76 52 31 67 72 71 75 77 94 60 33 70 85 49 36 67 
159
0
69 48 23 23 82 46 30 67 72 75 75 86 87 59 27 75 80 46 29 64 
160
0
70 41 19 20 82 45 35 72 76 68 78 78 94 59 29 72 90 47 32 69 
161
0
62 46 20 28 83 49 29 64 79 76 79 78 87 54 34 73 86 54 31 67 
162
0
68 42 27 24 86 43 32 65 69 69 82 80 96 55 26 78 81 44 32 68 
163
0
69 49 24 26 81 49 31 68 73 68 76 85 89 59 33 71 88 46 39 67 
164
0
68 49 25 24 82 46 35 69 69 72 78 85 93 58 25 80 80 47 30 66 
165
0
65 48 19 24 85 48 28 71 78 69 82 83 88 57 34 75 84 47 36 72 
166
0
70 43 21 29 81 50 28 67 70 68 76 83 87 58 31 79 86 48 33 71 
167
0
65 51 28 28 83 50 37 73 79 72 78 78 87 58 30 74 87 46 35 67 
168
0
70 51 26 27 82 43 36 70 71 73 74 75 91 58 29 72 82 47 32 68 
169
0
71 48 27 28 82 51 29 73 70 71 78 83 93 50 29 77 90 52 39 70 
170
0
64 43 26 23 81 49 31 71 75 77 80 85 87 56 27 78 85 52 29 65 
171
0
70 42 18 28 80 46 33 65 77 69 81 75 90 53 34 73 90 49 31 70 
172
0
62 43 22 25 83 48 28 65 68 72 80 78 95 49 29 78 86 48 29 69 
173
0
72 45 22 19 86 52 28 70 77 73 80 77 89 59 34 74 81 44 29 70 
174
0
65 51 22 24 80 49 27 71 76 74 81 77 89 52 30 73 84 46 34 65 
175
0
64 41 27 29 79 42 28 71 75 71 81 85 91 60 24 78 80 48 34 70 
176
0
63 50 20 24 80 51 36 74 71 68 79 79 92 53 32 72 82 51 39 69 
177
0
65 44 24 26 78 51 28 69 69 76 76 80 89 52 33 73 83 48 36 68 
178
0
67 42 18 20 78 46 28 64 75 78 78 82 95 52 33 71 84 50 36 66 
179
0
62 50 28 26 84 48 28 72 76 70 72 75 96 52 24 77 89 54 31 72 
180
0
72 45 28 23 77 43 34 65 72 77 82 84 90 56 31 79 82 53 39 63 
181
0
61 46 22 23 76 51 33 65 78 77 74 81 95 55 28 71 83 53 32 65 
182
0
64 45 19 29 85 48 30 65 78 77 74 83 88 49 25 76 83 45 36 65 
183
0
66 47 22 22 81 49 32 74 72 69 82 80 87 52 30 75 90 50 35 65 
184
0
70 49 21 27 79 51 35 66 71 78 79 77 93 58 31 80 82 45 33 71 
185
0
63 47 18 21 75 53 34 64 70 70 78 76 93 50 33 80 84 50 36 72 
186
0
66 50 23 21 84 51 27 74 76 69 73 79 92 54 27 70 85 49 35 73 
187
0
63 50 26 22 81 49 33 71 78 73 76 86 92 53 27 80 83 44 32 64 
188
0
64 50 26 21 77 51 31 71 78 78 77 79 96 53 25 79 89 54 40 70 
189
0
70 48 27 20 83 42 29 70 70 71 80 76 88 49 33 76 82 46 34 74 
190
0
64 44 22 22 86 47 30 71 72 70 72 82 94 58 35 70 86 51 39 70 
191
0
62 49 26 23 78 46 37 64 69 77 78 78 89 53 29 79 89 50 37 71 
192
0
66 50 26 26 80 53 34 70 72 71 79 80 87 53 32 74 90 45 30 70 
193
0
71 50 28 19 76 52 31 70 76 73 78 80 86 51 32 74 84 50 35 72 
194
0
64 47 25 21 77 47 37 65 72 69 73 81 89 59 32 78 86 48 33 71 
195
0
66 41 18 21 85 43 27 68 75 67 76 85 86 49 25 77 82 49 35 73 
196
0
70 43 26 29 84 52 33 67 71 73 77 83 88 59 28 76 90 52 31 71 
197
0
65 46 18 21 79 43 33 66 79 76 83 85 93 49 25 79 88 49 39 74 
198
0
65 45 28 22 84 44 29 69 72 73 74 76 93 49 29 79 81 47 30 74 
199
0
72 47 22 24 77 45 35 68 69 77 74 76 89 56 24 72 88 45 30 71 
