200
10
20010027
0
0
62 64 60 63 57 55 58 59 55 65 
1
0
57 66 65 58 60 67 62 67 63 62 
2
0
52 51 48 58 48 51 55 52 51 53 
3
0
23 26 27 21 28 26 27 27 20 25 
4
0
30 33 31 33 25 27 30 34 28 35 
5
0
62 58 59 61 61 60 53 60 55 61 
6
0
77 72 80 75 78 73 77 77 75 73 
7
0
88 86 83 84 79 79 84 86 82 85 
8
0
24 22 15 20 20 22 23 17 20 23 
9
0
43 45 46 45 52 45 46 48 51 50 
10
0
56 63 55 56 58 59 60 62 54 55 
11
0
24 27 26 25 26 30 23 31 24 33 
12
0
55 61 59 60 58 56 63 56 59 57 
13
0
74 74 73 77 70 72 73 76 77 79 
14
0
62 61 64 60 57 56 56 54 61 55 
15
0
14 13 6 16 6 15 15 10 15 15 
16
0
62 61 61 67 67 61 71 63 72 68 
17
0
52 48 52 50 52 46 47 48 46 47 
18
0
63 59 52 53 62 52 52 58 58 59 
19
0
18 20 17 20 21 17 16 22 13 17 
20
0
54 57 54 62 61 53 55 62 63 58 
21
0
76 80 77 76 81 81 74 80 75 77 
22
0
58 58 52 54 60 54 56 60 60 59 
23
0
72 80 71 78 79 75 77 76 72 79 
24
0
72 76 69 75 72 74 70 75 70 77 
25
0
69 78 72 78 72 68 70 77 69 71 
26
0
89 94 99 92 91 90 97 91 96 99 
27
0
20 14 15 21 11 16 12 10 17 21 
28
0
7 13 15 15 5 8 6 10 9 14 
29
0
45 36 37 40 39 37 37 41 42 46 
30
0
60 60 57 54 53 56 61 57 59 51 
31
0
13 6 11 11 7 10 6 8 14 9 
32
0
35 27 35 27 33 27 31 36 29 28 
33
0
79 85 86 84 88 88 81 86 86 83 
34
0
12 9 7 8 8 13 12 11 15 16 
35
0
20 12 15 12 14 21 18 16 19 14 
36
0
58 57 67 65 67 67 60 67 67 64 
37
0
80 87 80 83 78 81 86 79 85 83 
38
0
76 74 74 81 78 76 80 81 71 73 
39
0
29 34 33 28 32 36 30 36 34 34 
40
0
47 53 52 56 49 53 54 52 48 55 
41
0
12 18 12 12 13 18 8 11 14 9 
42
0
86 87 83 82 81 88 84 82 82 83 
43
0
70 64 60 64 64 68 61 68 70 63 
44
0
37 40 37 38 30 36 30 36 36 36 
45
0
11 4 6 6 7 11 15 6 12 9 
46
0
71 70 62 63 64 64 73 69 66 69 
47
0
85 85 86 83 86 90 89 86 85 88 
48
0
71 62 63 67 68 67 61 65 64 65 
49
0
40 41 40 40 45 39 43 42 47 39 
50
0
31 29 30 26 23 23 31 26 27 26 
51
0
22 25 21 24 26 22 20 25 21 25 
52
0
34 34 32 33 29 31 38 33 32 31 
53
0
20 25 18 21 25 20 19 23 22 26 
54
0
90 93 90 96 91 100 91 95 97 96 
55
0
38 42 40 40 40 35 44 36 38 42 
56
0
47 47 47 50 44 44 45 48 42 46 
57
0
87 79 88 80 89 83 86 81 88 79 
58
0
21 28 25 30 29 28 25 30 31 29 
59
0
48 53 45 53 51 48 45 48 47 46 
60
0
14 19 14 19 15 15 22 16 20 22 
61
0
70 74 75 76 67 74 74 74 74 77 
62
0
47 52 52 54 51 46 47 52 55 56 
63
0
68 72 74 70 75 76 69 71 71 71 
64
0
59 55 64 63 59 63 55 66 62 62 
65
0
10 14 17 16 15 6 8 17 14 14 
66
0
32 32 32 26 25 25 24 32 30 26 
67
0
75 73 78 75 75 74 72 78 76 77 
68
0
36 36 36 31 35 33 40 41 40 37 
69
0
36 32 31 32 37 36 28 32 28 32 
70
0
34 36 35 33 29 32 34 32 30 36 
71
0
16 16 14 17 13 17 19 18 17 16 
72
0
63 63 60 59 59 58 59 63 57 55 
73
0
71 72 72 67 71 70 63 66 68 65 
74
0
91 94 93 97 94 87 97 96 97 92 
75
0
49 38 40 40 42 42 43 48 48 48 
76
0
67 64 62 69 64 69 68 63 62 64 
77
0
40 42 41 39 42 37 34 34 32 37 
78
0
41 36 43 36 40 38 35 42 42 33 
79
0
64 63 56 55 59 57 56 58 62 58 
80
0
50 51 47 48 45 48 44 51 45 52 
81
0
49 57 51 53 52 51 58 57 57 49 
82
0
25 20 17 17 16 19 22 25 23 20 
83
0
69 70 73 74 68 73 67 64 69 74 
84
0
11 12 9 12 11 6 8 13 12 7 
85
0
10 5 6 5 15 13 6 11 14 8 
86
0
52 51 54 53 50 57 49 57 56 55 
87
0
26 27 29 27 20 29 23 18 21 29 
88
0
22 23 17 18 23 26 23 20 19 21 
89
0
43 34 35 40 44 34 42 38 41 43 
90
0
36 38 34 30 36 36 39 34 38 30 
91
0
37 38 37 39 37 42 38 43 47 47 
92
0
77 76 67 76 67 77 69 76 67 66 
93
0
4 12 14 7 11 14 4 14 13 9 
94
0
58 51 57 49 57 58 57 49 52 54 
95
0
95 89 89 88 90 86 91 91 86 92 
96
0
22 20 16 22 19 19 23 14 12 22 
97
0
76 74 76 75 69 69 69 74 73 75 
98
0
21 17 17 18 14 16 15 14 20 17 
99
0
53 47 47 55 57 56 56 49 52 48 
100
0
48 48 52 52 45 53 47 50 54 46 
101
0
94 99 93 91 97 98 91 98 99 90 
102
0
75 69 76 71 71 79 70 70 77 79 
103
0
85 80 83 75 78 81 79 80 76 76 
104
0
59 57 55 61 62 53 53 54 57 54 
105
0
25 33 31 29 26 26 24 27 31 24 
106
0
89 89 89 89 87 86 88 86 81 85 
107
0
82 79 72 73 74 77 81 74 73 75 
108
0
83 78 75 77 76 80 77 82 75 76 
109
0
75 70 73 66 68 67 71 74 70 67 
110
0
37 37 36 34 37 37 35 43 36 33 
111
0
45 44 52 44 53 48 52 48 48 53 
112
0
7 11 6 13 14 13 16 11 7 15 
113
0
79 75 72 70 75 74 77 70 76 70 
114
0
19 12 20 21 15 17 15 14 20 18 
115
0
64 62 64 68 66 60 66 62 67 59 
116
0
92 93 89 89 94 91 95 92 92 90 
117
0
66 70 72 72 65 70 72 71 65 64 
118
0
81 77 73 81 73 79 72 75 76 71 
119
0
77 75 74 75 70 73 70 70 73 68 
120
0
26 29 25 25 27 21 25 29 21 25 
121
0
86 97 95 89 89 88 90 96 93 97 
122
0
92 97 93 97 93 93 92 98 96 93 
123
0
75 74 72 73 74 73 77 76 69 77 
124
0
54 52 55 55 51 58 59 55 57 51 
125
0
18 10 16 12 16 17 16 17 13 15 
126
0
31 34 30 39 35 30 37 38 32 33 
127
0
54 49 52 53 47 51 54 50 49 57 
128
0
56 48 49 51 49 49 53 56 53 57 
129
0
82 77 83 84 85 84 83 85 80 84 
130
0
32 40 39 34 37 37 30 40 38 39 
131
0
56 57 59 64 55 63 64 61 64 59 
132
0
6 16 7 7 7 6 12 13 14 16 
133
0
51 47 57 52 52 52 53 47 55 52 
134
0
50 50 59 52 60 52 54 49 54 49 
135
0
61 59 60 65 59 61 60 63 65 63 
136
0
51 45 51 45 50 46 52 52 51 45 
137
0
21 18 22 25 25 26 18 20 25 16 
138
0
18 14 11 15 14 19 18 20 22 19 
139
0
80 88 87 80 86 87 88 87 80 82 
140
0
19 9 10 11 10 14 12 19 10 13 
141
0
63 66 64 57 60 56 56 55 65 59 
142
0
68 72 76 68 69 68 71 67 71 74 
143
0
48 53 55 58 57 52 51 50 55 48 
144
0
25 24 25 26 28 24 25 29 31 34 
145
0
12 17 19 10 17 13 20 15 13 15 
146
0
50 60 58 52 60 58 57 50 58 57 
147
0
83 82 79 81 76 81 77 78 84 82 
148
0
92 89 96 88 93 90 92 87 96 95 
149
0
41 39 38 48 40 48 44 39 40 43 
150
0
89 92 89 90 85 86 89 89 85 94 
151
0
59 59 50 50 57 59 54 58 55 53 
152
0
91 84 87 91 89 82 86 88 83 84 
153
0
48 55 51 51 55 49 47 51 46 50 
154
0
49 48 42 47 43 47 43 43 43 46 
155
0
23 17 22 20 19 23 17 17 21 25 
156
0
23 17 21 21 18 16 21 16 17 17 
157
0
4 12 12 7 4 5 7 5 5 9 
158
0
26 24 22 21 23 26 20 27 27 22 
159
0
18 23 23 20 22 17 23 18 20 20 
160
0
92 90 98 91 96 99 100 94 93 98 
161
0
29 23 23 31 23 23 29 31 29 25 
162
0
8 11 16 16 14 13 15 12 12 14 
163
0
68 76 69 72 69 74 74 73 70 76 
164
0
34 37 39 35 30 30 34 35 31 40 
165
0
96 96 88 86 96 95 91 91 92 87 
166
0
12 4 11 12 12 13 6 4 8 13 
167
0
31 30 32 29 37 34 37 35 32 29 
168
0
81 79 73 75 72 74 75 75 77 77 
169
0
12 5 11 4 6 12 7 13 7 7 
170
0
82 81 82 88 84 91 81 82 90 85 
171
0
58 61 60 56 66 62 55 56 55 63 
172
0
13 13 15 16 8 12 9 14 13 6 
173
0
56 51 56 61 56 53 62 59 56 57 
174
0
96 98 88 97 93 89 91 96 94 95 
175
0
87 91 88 94 90 93 87 95 88 96 
176
0
85 94 87 89 85 90 91 91 90 89 
177
0
38 33 31 33 38 36 35 31 35 33 
178
0
23 27 31 27 29 30 25 25 23 27 
179
0
68 71 76 76 69 71 67 69 74 72 
180
0
50 45 50 44 53 50 43 47 48 46 
181
0
38 41 42 37 39 35 35 41 40 33 
182
0
14 7 13 16 16 13 8 13 12 12 
183
0
2 4 12 5 10 2 11 3 6 4 
184
0
82 80 78 76 72 82 76 73 76 72 
185
0
24 27 21 28 20 22 26 27 27 27 
186
0
15 15 21 15 21 17 15 25 25 19 
187
0
69 66 72 69 72 69 64 64 71 69 
188
0
48 46 49 41 45 49 48 49 49 47 
189
0
93 84 84 87 90 83 84 89 91 84 
190
0
12 12 15 15 9 13 16 18 13 14 
191
0
19 18 15 19 24 24 20 19 16 14 
192
0
55 50 53 58 50 52 58 55 50 54 
193
0
24 29 32 30 30 26 24 34 24 24 
194
0
15 18 15 15 12 10 18 9 18 10 
195
0
4 6 13 6 10 8 7 12 6 5 
196
0
49 46 50 45 50 48 44 43 46 41 
197
0
57 59 56 58 59 61 61 64 65 58 
198
0
66 61 56 63 56 57 59 60 55 59 
199
0
45 48 42 41 43 49 46 44 50 42 
