20
20
2020003
0
0
81 92 29 96 43 64 75 17 10 82 51 51 96 76 87 57 18 1 67 70 
1
0
72 93 53 76 44 49 88 69 67 70 54 14 95 55 81 89 95 61 20 97 
2
0
2 58 18 32 80 85 21 86 79 49 87 31 60 86 72 70 37 2 48 56 
3
0
64 51 5 50 77 50 63 60 29 9 96 82 26 22 26 31 77 8 28 1 
4
0
42 66 48 3 81 81 19 25 95 98 29 23 38 10 31 31 48 16 57 94 
5
0
22 71 70 39 59 43 70 94 18 38 60 65 92 99 17 40 9 54 15 93 
6
0
27 36 3 70 73 97 36 37 6 62 61 71 64 4 39 28 44 1 71 46 
7
0
76 27 6 72 41 68 54 3 91 93 57 27 51 18 45 28 39 32 99 35 
8
0
77 94 95 63 91 28 28 10 14 45 84 19 20 6 22 67 40 35 69 22 
9
0
45 11 35 35 54 34 81 85 56 45 78 22 59 11 87 96 83 41 77 10 
10
0
35 81 75 83 36 60 80 6 23 32 34 59 98 39 2 15 15 10 88 21 
11
0
63 33 60 29 2 40 50 7 37 39 38 40 58 86 46 60 19 9 59 12 
12
0
49 83 7 7 85 4 27 61 1 16 41 21 39 41 70 58 74 67 15 18 
13
0
76 46 64 97 42 39 40 15 56 65 50 32 86 59 46 37 54 2 14 24 
14
0
66 61 34 33 21 44 86 30 61 21 36 18 68 42 8 10 80 36 28 90 
15
0
97 13 5 96 29 54 35 58 93 25 66 22 16 63 81 72 23 11 3 96 
16
0
77 80 57 33 39 87 39 94 63 11 46 25 40 29 17 85 79 78 25 73 
17
0
36 45 39 79 2 70 11 51 33 8 77 66 25 7 14 66 91 50 97 51 
18
0
76 49 10 10 70 28 74 60 75 56 34 42 61 10 84 31 96 17 40 62 
19
0
52 21 13 50 37 46 37 86 8 20 71 65 66 73 41 49 77 15 64 95 
