30
5
3005002
0
0
50 52 53 53 55 
1
0
24 16 15 21 18 
2
0
50 51 49 50 48 
3
0
72 74 76 82 77 
4
0
18 26 27 28 20 
5
0
89 91 93 88 88 
6
0
15 18 20 19 21 
7
0
94 92 87 92 93 
8
0
91 93 99 96 96 
9
0
93 96 98 90 98 
10
0
35 36 39 38 42 
11
0
75 75 71 79 80 
12
0
36 44 40 40 38 
13
0
81 86 81 84 85 
14
0
36 35 39 43 36 
15
0
15 13 13 13 10 
16
0
50 59 56 54 55 
17
0
68 77 77 76 74 
18
0
84 86 85 82 85 
19
0
41 41 41 43 35 
20
0
24 22 14 17 17 
21
0
29 30 34 32 31 
22
0
22 25 19 23 25 
23
0
93 94 92 90 96 
24
0
78 78 78 74 72 
25
0
69 69 68 70 61 
26
0
35 32 37 37 32 
27
0
84 82 84 83 82 
28
0
65 69 61 70 71 
29
0
20 24 24 24 18 
