100
10
10010018
0
0
34 47 34 8 96 48 39 4 32 66 
1
0
63 28 20 9 60 81 34 7 5 61 
2
0
87 1 22 68 70 2 2 56 49 15 
3
0
8 53 36 76 43 11 62 19 58 14 
4
0
63 74 70 5 20 85 23 89 31 18 
5
0
40 94 40 30 17 62 54 24 90 88 
6
0
46 77 35 38 66 71 12 79 59 31 
7
0
4 67 27 32 66 44 45 8 38 49 
8
0
25 53 48 35 71 27 51 96 65 57 
9
0
71 96 57 83 65 96 16 62 48 29 
10
0
70 40 94 65 86 83 40 21 65 95 
11
0
24 90 62 47 68 14 7 67 13 20 
12
0
8 31 90 54 67 16 36 15 39 74 
13
0
45 22 42 61 6 1 69 30 53 34 
14
0
92 65 66 48 30 56 24 16 93 8 
15
0
47 68 65 66 69 96 43 91 78 65 
16
0
42 77 88 63 33 72 35 73 77 24 
17
0
98 49 81 87 82 7 36 49 61 94 
18
0
56 64 49 74 97 77 21 51 74 22 
19
0
1 24 31 69 67 82 38 74 50 88 
20
0
12 90 43 43 88 32 73 39 79 35 
21
0
22 30 38 21 81 73 22 14 21 33 
22
0
79 6 91 36 81 85 23 63 43 52 
23
0
6 3 84 15 11 42 5 10 14 55 
24
0
80 16 27 91 70 24 55 42 61 70 
25
0
55 90 82 67 16 46 87 98 7 69 
26
0
21 85 46 64 43 44 2 15 55 56 
27
0
58 47 96 99 18 52 54 40 50 70 
28
0
5 31 61 4 89 99 5 2 18 44 
29
0
47 48 79 16 12 65 43 91 47 37 
30
0
89 49 11 66 56 20 90 7 59 28 
31
0
10 19 1 68 27 25 63 10 45 17 
32
0
19 65 35 29 50 57 2 3 11 16 
33
0
64 86 45 13 48 20 94 37 11 85 
34
0
91 13 94 76 19 38 42 94 45 63 
35
0
51 60 43 48 76 94 3 18 47 54 
36
0
45 73 3 44 53 70 45 68 69 86 
37
0
58 2 53 13 88 45 3 45 2 49 
38
0
7 67 14 16 35 26 54 66 6 2 
39
0
67 57 44 61 36 34 66 82 14 11 
40
0
69 81 10 45 71 55 85 47 21 61 
41
0
6 55 79 75 17 13 73 73 19 36 
42
0
62 85 55 34 54 34 43 33 15 42 
43
0
47 80 19 83 2 66 17 87 80 94 
44
0
66 72 75 85 54 30 35 61 34 43 
45
0
99 96 57 76 21 73 42 34 83 17 
46
0
89 47 69 65 50 75 56 93 84 5 
47
0
28 96 60 75 12 74 60 58 47 50 
48
0
67 86 93 29 94 83 18 91 55 49 
49
0
3 43 26 36 51 77 25 24 52 13 
50
0
52 94 39 93 72 38 8 33 95 67 
51
0
57 66 80 43 77 53 73 61 96 8 
52
0
36 64 60 61 99 88 16 2 42 96 
53
0
42 16 34 34 41 27 9 38 20 13 
54
0
91 98 40 50 45 44 46 97 43 25 
55
0
8 58 91 54 50 61 86 86 98 9 
56
0
76 99 55 6 42 51 80 85 91 68 
57
0
59 67 71 95 72 83 84 23 78 91 
58
0
46 79 12 54 78 93 14 50 39 29 
59
0
1 15 6 62 74 50 36 17 87 64 
60
0
74 46 8 39 22 48 44 85 74 20 
61
0
26 92 52 46 68 88 71 43 88 28 
62
0
85 84 23 36 48 77 96 54 9 14 
63
0
48 51 94 23 80 53 50 53 92 14 
64
0
30 8 34 21 27 2 87 81 80 27 
65
0
51 95 41 19 94 26 85 86 4 43 
66
0
31 78 15 15 43 12 7 76 67 22 
67
0
91 9 31 7 56 80 32 26 63 65 
68
0
20 72 5 23 27 75 88 14 14 11 
69
0
57 87 61 63 45 50 49 5 93 96 
70
0
4 56 42 39 50 6 65 93 8 21 
71
0
81 14 13 69 96 92 15 32 72 71 
72
0
81 69 41 4 60 65 94 1 58 25 
73
0
5 43 41 24 49 14 56 17 99 46 
74
0
94 57 94 49 47 70 21 65 87 85 
75
0
7 26 83 73 68 60 74 69 13 41 
76
0
28 76 86 2 94 67 27 64 44 84 
77
0
58 21 78 74 41 95 3 70 22 49 
78
0
47 32 38 86 47 13 5 86 22 70 
79
0
38 11 49 56 71 16 81 31 38 71 
80
0
8 98 89 50 34 56 7 15 5 16 
81
0
66 83 63 83 2 17 16 68 64 30 
82
0
97 87 7 58 80 57 43 55 13 29 
83
0
95 52 4 66 79 6 24 10 77 91 
84
0
42 74 40 16 61 87 91 66 71 32 
85
0
94 20 95 85 2 22 31 93 4 86 
86
0
64 83 39 59 84 46 21 50 68 35 
87
0
17 43 51 45 77 22 62 28 52 30 
88
0
36 70 99 30 33 96 96 40 56 38 
89
0
85 45 67 11 55 89 6 66 86 67 
90
0
93 39 63 10 86 42 7 73 87 56 
91
0
5 42 94 70 16 85 26 16 20 52 
92
0
95 13 16 87 85 93 41 55 14 95 
93
0
99 16 87 43 73 4 75 71 50 42 
94
0
60 36 13 40 10 40 54 97 30 36 
95
0
64 56 98 35 52 97 79 87 63 55 
96
0
93 30 51 37 71 66 79 89 60 10 
97
0
65 77 99 15 83 16 41 46 42 63 
98
0
74 42 65 44 63 83 50 95 98 21 
99
0
58 69 14 7 17 74 9 37 89 68 
