100
20
10020017
0
0
42 96 46 81 28 97 75 80 19 28 30 41 65 63 36 89 19 3 62 10 
1
0
87 98 56 74 59 10 50 5 67 34 14 63 39 11 4 95 64 16 52 10 
2
0
18 84 69 22 57 80 2 32 84 34 96 61 14 98 22 44 18 27 62 92 
3
0
12 62 55 43 92 78 50 45 29 96 52 10 63 62 70 99 28 29 61 72 
4
0
77 78 55 40 28 31 48 19 38 14 1 19 73 85 24 93 77 14 95 49 
5
0
77 92 28 86 77 73 6 92 94 78 49 52 5 23 8 18 29 94 33 20 
6
0
85 3 7 23 17 2 69 81 91 11 46 23 13 45 77 9 47 33 41 60 
7
0
1 18 10 78 38 85 39 32 52 17 64 9 47 37 15 96 94 77 21 99 
8
0
53 49 72 98 4 61 93 87 83 85 77 25 61 95 10 50 94 82 61 32 
9
0
71 27 44 9 4 24 99 16 25 18 62 12 96 5 4 47 10 73 4 18 
10
0
34 6 53 60 33 16 61 32 61 83 8 27 33 46 27 1 96 42 90 90 
11
0
87 9 41 18 55 75 97 78 18 57 54 57 35 24 55 40 82 83 21 11 
12
0
89 59 84 11 75 47 17 25 10 90 57 28 79 69 51 28 41 71 2 88 
13
0
14 70 17 90 9 84 21 86 49 14 80 69 6 85 98 4 11 64 23 23 
14
0
49 52 43 81 93 90 24 34 44 29 97 93 34 21 50 19 80 16 88 43 
15
0
94 23 36 85 42 40 71 61 8 72 5 3 72 99 11 36 72 1 68 69 
16
0
24 29 29 93 61 58 60 3 30 94 6 59 63 76 96 27 51 6 68 2 
17
0
95 79 46 59 40 7 21 24 9 59 36 98 67 91 5 52 31 10 50 15 
18
0
34 3 90 51 88 10 73 60 48 1 46 61 54 57 3 38 52 74 84 84 
19
0
36 38 21 10 59 71 89 24 12 44 41 15 30 99 70 79 36 34 51 69 
20
0
56 72 85 27 85 20 75 97 22 28 12 34 38 97 4 97 83 87 46 18 
21
0
26 90 72 1 38 96 62 67 92 33 69 50 47 3 51 90 71 14 3 24 
22
0
97 6 67 58 97 52 97 60 86 31 62 65 69 13 36 94 52 63 41 94 
23
0
49 54 71 90 47 91 44 42 58 13 74 72 81 25 86 71 24 22 17 15 
24
0
63 89 78 11 15 69 74 5 74 50 41 95 80 32 13 11 74 26 23 40 
25
0
31 39 77 63 12 29 23 25 62 76 59 6 39 92 48 2 36 83 48 7 
26
0
77 88 58 72 57 39 1 12 74 86 96 14 44 71 8 22 50 2 27 73 
27
0
12 34 77 60 17 75 83 41 75 71 28 75 99 39 13 53 12 65 49 78 
28
0
63 9 95 35 57 84 14 37 73 3 48 5 71 3 72 27 23 91 80 39 
29
0
67 55 22 20 30 65 88 70 13 63 86 64 36 72 92 14 87 26 9 83 
30
0
20 51 7 83 53 41 45 52 63 47 93 84 58 67 77 53 15 39 36 69 
31
0
32 12 30 58 68 87 38 29 29 95 91 12 58 88 47 56 88 67 85 3 
32
0
46 85 28 7 20 40 76 80 53 54 29 35 25 65 59 67 20 61 92 60 
33
0
24 64 26 34 33 52 35 13 45 68 59 61 80 2 90 90 14 35 42 50 
34
0
99 89 96 25 57 92 68 93 70 24 4 97 10 63 22 6 56 17 11 17 
35
0
53 47 7 41 34 27 16 54 69 27 88 13 60 19 67 39 24 2 27 96 
36
0
21 64 13 10 60 98 90 29 28 47 29 78 52 14 6 83 93 5 64 13 
37
0
92 20 32 68 41 81 30 25 48 70 27 37 45 82 44 26 61 98 77 91 
38
0
45 94 15 21 47 11 28 19 87 40 88 82 36 22 29 20 34 21 99 82 
39
0
69 48 51 58 39 1 42 98 23 53 49 14 42 20 53 87 42 83 66 66 
40
0
83 31 26 62 86 11 84 71 48 90 44 32 83 52 70 91 59 97 30 20 
41
0
57 68 61 45 2 86 32 34 33 61 46 50 84 16 43 59 60 97 86 95 
42
0
50 76 40 19 18 26 71 56 3 83 85 16 69 46 27 19 1 77 86 25 
43
0
28 17 88 19 15 91 38 82 73 5 72 62 17 84 10 20 80 44 71 98 
44
0
20 79 97 81 38 77 39 22 51 8 22 28 61 82 21 32 45 30 24 41 
45
0
78 22 55 35 16 68 67 80 78 31 8 38 48 36 75 71 83 31 50 89 
46
0
61 52 85 16 8 51 37 63 12 82 58 12 15 1 56 36 6 83 23 89 
47
0
47 38 50 45 68 92 9 89 30 40 4 39 44 21 63 52 31 13 79 13 
48
0
50 88 18 57 78 80 19 88 59 66 94 26 97 33 66 13 39 73 25 49 
49
0
70 9 15 24 15 47 80 73 83 73 7 13 33 72 22 50 56 9 44 69 
50
0
70 78 34 87 24 52 59 48 95 71 99 40 56 79 2 32 11 93 22 56 
51
0
41 65 59 32 97 74 71 4 60 20 44 24 18 33 69 25 9 54 40 15 
52
0
86 82 35 54 7 10 86 28 69 64 61 14 30 74 77 86 9 69 41 76 
53
0
22 53 96 13 74 75 87 19 19 70 19 34 73 88 45 87 33 94 60 79 
54
0
20 16 86 54 35 86 55 98 73 70 69 21 3 27 13 55 95 46 39 82 
55
0
97 64 73 33 67 9 15 22 3 84 67 47 54 40 48 30 95 8 20 33 
56
0
45 98 81 37 97 2 2 54 72 74 64 70 34 20 58 35 64 20 92 48 
57
0
25 56 65 78 61 11 86 60 4 59 62 10 28 87 58 42 37 68 12 58 
58
0
63 51 53 10 80 46 42 84 29 65 73 44 96 67 48 39 21 45 64 71 
59
0
59 8 42 18 68 66 27 18 94 49 71 14 4 65 96 93 96 2 97 86 
60
0
37 63 57 94 88 26 1 33 58 30 36 26 61 38 67 58 9 75 40 97 
61
0
98 76 76 95 92 25 29 70 38 96 41 60 5 25 86 5 46 98 16 82 
62
0
26 60 62 19 10 10 98 52 1 56 10 21 76 81 71 6 89 33 72 96 
63
0
49 81 24 37 22 90 40 9 73 9 6 80 20 36 98 57 8 32 29 52 
64
0
73 80 62 3 14 60 84 2 87 53 20 61 4 26 12 8 10 69 3 58 
65
0
78 79 50 75 1 89 50 29 18 71 67 70 11 78 48 35 89 96 6 67 
66
0
49 33 45 1 37 50 31 11 46 56 62 89 94 46 18 71 94 83 63 84 
67
0
15 16 56 96 93 67 69 71 99 79 74 98 40 96 65 6 67 39 28 91 
68
0
89 64 57 31 85 29 72 89 1 91 47 10 29 83 86 91 9 40 93 36 
69
0
98 59 45 54 86 7 45 30 57 56 26 90 21 34 18 67 30 54 20 73 
70
0
60 32 7 93 14 31 91 93 98 47 72 40 85 37 77 83 61 20 40 26 
71
0
85 73 63 75 17 85 49 57 33 91 85 14 82 74 74 51 68 98 21 77 
72
0
35 34 56 24 39 2 71 38 27 93 43 45 48 7 14 6 40 2 53 6 
73
0
31 25 29 6 6 97 14 78 87 69 52 36 83 69 53 46 65 22 66 33 
74
0
89 13 94 82 47 68 17 29 72 84 51 99 55 69 17 40 30 17 54 57 
75
0
7 28 89 53 34 76 12 20 34 39 95 6 40 70 22 13 31 63 72 75 
76
0
14 9 74 57 93 11 83 87 68 92 94 77 80 39 56 75 25 46 72 86 
77
0
37 17 65 69 86 69 70 62 38 70 32 61 70 53 81 36 93 81 94 37 
78
0
85 7 55 49 20 7 29 45 56 46 53 76 53 70 88 78 84 61 40 14 
79
0
65 72 77 91 93 44 97 63 4 34 72 14 25 99 32 3 83 48 47 78 
80
0
42 87 38 84 59 49 57 2 83 11 60 25 72 47 38 35 1 32 19 86 
81
0
20 39 78 93 50 39 26 33 37 53 47 94 32 19 40 68 12 82 79 44 
82
0
64 51 12 42 13 6 48 72 42 10 53 49 29 98 76 22 30 25 60 90 
83
0
82 33 41 53 25 12 27 46 49 87 82 64 27 48 67 49 69 49 24 14 
84
0
3 55 70 77 56 67 11 21 1 33 70 89 98 78 18 18 6 7 39 17 
85
0
75 47 39 39 62 48 4 64 5 13 13 63 76 70 84 3 58 89 8 75 
86
0
15 8 80 1 22 23 65 66 64 11 34 56 13 85 57 75 86 19 11 58 
87
0
56 74 55 54 8 71 39 19 51 70 35 49 17 45 16 15 16 95 23 90 
88
0
93 70 50 94 55 35 61 47 49 96 98 94 4 29 59 95 30 2 6 85 
89
0
68 19 30 22 92 30 90 95 32 93 62 31 31 8 51 61 98 1 57 64 
90
0
64 54 35 23 91 39 74 70 90 23 21 8 38 37 66 76 33 33 12 45 
91
0
95 47 11 75 92 42 29 53 32 44 26 9 26 12 85 45 23 54 46 96 
92
0
75 47 54 69 22 32 59 90 21 35 28 76 88 41 34 95 88 79 60 23 
93
0
22 95 31 84 71 11 78 38 80 37 51 8 1 17 35 99 80 93 68 83 
94
0
15 5 88 69 4 93 78 97 25 65 87 18 11 68 76 52 97 59 91 15 
95
0
61 55 26 61 16 52 54 16 93 58 72 18 11 63 17 57 8 9 23 70 
96
0
33 3 40 79 21 36 67 59 93 35 90 52 16 6 67 40 33 20 42 45 
97
0
91 53 53 83 29 17 24 25 97 60 52 20 43 69 16 33 86 3 13 59 
98
0
64 28 3 37 9 87 73 80 25 47 38 53 55 45 92 25 98 85 15 40 
99
0
11 83 4 11 73 74 90 37 26 72 63 2 31 16 23 41 88 20 5 63 
