100
5
10005018
0
0
30 94 44 86 13 
1
0
93 69 16 39 30 
2
0
85 94 49 8 43 
3
0
82 88 28 62 83 
4
0
80 14 36 84 89 
5
0
60 67 82 22 72 
6
0
23 74 22 34 1 
7
0
71 41 10 43 11 
8
0
77 28 31 17 20 
9
0
25 56 43 65 81 
10
0
19 60 36 80 13 
11
0
16 44 79 85 70 
12
0
25 39 71 98 86 
13
0
59 53 68 66 65 
14
0
62 41 35 15 87 
15
0
96 48 44 72 30 
16
0
67 93 29 40 16 
17
0
49 73 14 44 45 
18
0
49 10 90 12 16 
19
0
79 11 84 57 56 
20
0
69 95 28 10 86 
21
0
35 36 44 3 79 
22
0
91 7 30 38 99 
23
0
87 56 87 11 17 
24
0
97 77 16 26 25 
25
0
90 80 11 93 60 
26
0
39 36 7 94 72 
27
0
98 92 72 40 76 
28
0
6 82 83 61 70 
29
0
52 78 62 91 24 
30
0
30 54 69 45 74 
31
0
11 89 91 55 39 
32
0
92 97 60 20 13 
33
0
32 14 47 80 7 
34
0
50 6 21 29 22 
35
0
34 97 62 33 48 
36
0
26 3 36 97 57 
37
0
53 36 41 80 11 
38
0
88 73 47 44 59 
39
0
97 69 14 99 11 
40
0
50 27 58 53 84 
41
0
30 51 17 57 37 
42
0
32 13 88 65 87 
43
0
69 5 94 79 68 
44
0
7 20 96 2 60 
45
0
57 13 97 1 67 
46
0
72 37 11 16 72 
47
0
74 47 58 94 73 
48
0
13 24 49 49 36 
49
0
96 86 50 19 88 
50
0
5 79 41 22 67 
51
0
90 19 41 65 11 
52
0
49 48 84 45 69 
53
0
88 38 67 14 27 
54
0
58 73 51 98 82 
55
0
54 24 30 57 98 
56
0
18 43 8 56 16 
57
0
31 41 89 86 65 
58
0
42 62 80 99 15 
59
0
19 78 95 58 7 
60
0
47 26 47 19 98 
61
0
64 76 97 71 11 
62
0
39 28 48 31 54 
63
0
32 26 26 33 71 
64
0
9 20 31 52 98 
65
0
62 59 55 95 69 
66
0
58 30 88 8 33 
67
0
25 98 57 64 5 
68
0
38 29 74 56 41 
69
0
82 31 49 75 64 
70
0
50 62 62 27 12 
71
0
11 89 40 93 9 
72
0
40 82 15 53 21 
73
0
95 43 34 81 62 
74
0
21 25 10 75 67 
75
0
84 56 66 98 15 
76
0
38 48 53 88 42 
77
0
16 66 46 55 33 
78
0
90 55 8 75 92 
79
0
36 57 71 2 67 
80
0
98 36 6 84 16 
81
0
84 34 6 44 28 
82
0
64 16 94 2 63 
83
0
68 15 85 35 3 
84
0
18 51 14 26 39 
85
0
23 95 32 58 82 
86
0
52 87 12 14 69 
87
0
11 82 79 87 99 
88
0
7 8 94 89 5 
89
0
99 16 27 60 98 
90
0
95 8 85 14 9 
91
0
43 64 29 31 90 
92
0
87 16 47 74 34 
93
0
63 35 4 72 40 
94
0
4 15 13 47 25 
95
0
73 34 79 95 68 
96
0
53 47 46 12 85 
97
0
10 9 41 4 50 
98
0
16 76 61 78 62 
99
0
60 20 28 93 6 
