30
20
3020002
0
0
61 63 61 58 59 66 66 63 62 58 62 57 66 60 64 62 63 57 65 62 
1
0
93 87 94 97 88 93 96 97 94 93 93 97 95 87 95 88 96 92 97 95 
2
0
78 81 82 78 80 84 80 85 86 80 79 87 78 82 85 80 81 78 78 85 
3
0
13 18 22 17 21 15 16 12 18 17 13 15 15 19 18 14 21 19 17 15 
4
0
11 13 15 16 17 18 13 15 14 9 7 15 16 15 13 8 11 17 7 14 
5
0
70 65 67 71 65 64 64 71 62 64 63 60 66 67 71 69 69 66 65 67 
6
0
66 65 65 71 70 67 75 67 68 75 75 73 67 67 71 70 65 69 67 76 
7
0
16 24 15 16 17 15 21 15 24 20 13 14 20 24 20 18 15 22 14 22 
8
0
89 94 96 93 97 88 93 95 93 88 97 94 91 90 93 91 93 90 97 96 
9
0
40 47 42 42 49 47 45 40 43 47 47 44 43 48 40 44 47 46 46 48 
10
0
39 44 42 39 40 47 43 42 38 45 37 43 44 46 40 38 44 45 39 41 
11
0
28 20 19 26 18 25 23 24 20 18 28 22 18 25 21 27 27 21 18 24 
12
0
58 68 62 67 63 60 65 64 64 63 65 59 59 57 65 66 68 58 68 64 
13
0
13 10 9 11 11 10 7 6 10 7 9 11 8 14 14 7 16 11 14 15 
14
0
4 10 13 8 8 11 9 11 10 13 8 12 12 8 12 4 7 7 11 5 
15
0
49 41 39 42 40 41 41 47 45 48 50 49 44 41 46 40 49 39 45 39 
16
0
51 57 60 56 60 60 59 54 55 60 56 52 52 61 61 53 52 51 60 56 
17
0
73 68 70 72 75 70 71 75 73 72 71 67 74 72 71 73 65 67 73 75 
18
0
95 92 89 84 84 92 93 84 86 85 88 89 90 89 94 90 94 89 91 91 
19
0
61 63 60 60 58 57 65 67 60 65 62 56 61 58 63 57 61 62 66 60 
20
0
95 93 87 88 85 90 92 88 91 84 84 89 90 88 88 88 91 95 85 89 
21
0
81 83 85 75 86 78 78 78 84 79 83 85 76 82 75 79 84 77 82 84 
22
0
87 87 85 86 87 87 85 87 80 86 85 82 88 89 80 80 84 80 84 86 
23
0
50 47 52 47 46 53 43 46 51 42 47 45 48 50 46 48 50 45 43 51 
24
0
35 33 36 37 38 40 35 41 31 33 35 31 39 37 32 34 31 40 31 38 
25
0
26 18 18 26 18 27 21 23 24 18 22 22 20 22 26 21 20 21 17 26 
26
0
92 90 97 90 95 96 94 99 92 91 95 91 97 89 93 93 92 89 95 99 
27
0
19 20 15 11 17 18 20 16 19 16 12 21 15 17 21 12 12 16 18 16 
28
0
15 14 19 24 23 24 22 21 16 17 17 14 22 24 23 23 22 16 17 18 
29
0
4 7 6 10 10 10 12 7 8 7 11 10 12 5 10 5 6 8 9 12 
