50
20
5020005
0
0
29 62 64 57 63 12 40 9 48 60 43 31 62 26 14 38 46 20 28 96 
1
0
36 85 53 41 88 58 64 90 22 37 90 83 81 45 84 11 16 53 57 7 
2
0
50 84 54 28 35 98 97 20 2 72 13 29 62 54 68 70 63 97 63 43 
3
0
95 71 96 14 58 29 30 34 18 81 49 52 22 86 55 25 16 10 94 7 
4
0
20 99 6 95 99 9 41 34 37 18 49 83 83 9 91 80 59 10 80 30 
5
0
21 97 1 31 78 15 51 8 79 42 7 61 74 62 55 9 4 37 12 7 
6
0
21 69 76 67 90 46 89 32 55 60 94 17 59 43 54 70 81 92 22 81 
7
0
28 5 2 4 60 56 55 86 49 54 45 68 8 41 65 37 87 5 97 48 
8
0
36 22 87 91 83 66 39 75 63 80 3 74 88 8 2 71 28 91 84 32 
9
0
2 23 69 46 6 97 1 34 62 22 73 39 61 40 4 84 55 30 97 44 
10
0
35 5 79 86 42 2 83 46 60 8 9 69 27 28 15 5 22 78 77 42 
11
0
78 45 85 4 29 7 48 93 88 96 63 93 13 53 20 36 68 86 85 91 
12
0
20 24 69 8 27 47 72 23 15 6 35 69 66 66 92 33 87 67 66 4 
13
0
17 96 61 69 1 21 29 23 13 62 21 10 48 36 90 85 50 81 57 90 
14
0
67 34 57 55 31 19 91 47 54 70 1 62 34 84 73 62 88 24 50 9 
15
0
62 43 7 47 10 76 36 14 80 43 58 55 20 42 73 70 86 3 27 98 
16
0
27 75 76 15 5 1 92 21 41 96 17 63 54 22 86 65 31 59 45 67 
17
0
93 59 67 29 61 1 11 95 87 67 22 88 37 85 48 91 23 84 86 49 
18
0
48 28 61 37 51 61 80 62 55 23 13 51 31 53 89 85 78 27 97 46 
19
0
37 72 51 49 96 60 30 57 48 82 12 93 78 34 9 58 99 2 69 88 
20
0
68 12 94 9 64 30 94 27 28 43 88 80 24 41 23 34 76 81 44 8 
21
0
45 50 87 25 40 94 41 30 7 42 42 9 28 53 93 11 98 27 52 35 
22
0
69 3 2 9 44 94 67 77 1 47 50 22 62 18 98 35 47 99 1 94 
23
0
85 13 26 54 57 35 42 29 80 65 79 86 53 18 82 50 1 32 74 27 
24
0
3 56 12 45 62 73 40 34 90 73 70 12 75 13 53 98 10 86 16 94 
25
0
10 36 90 75 11 31 94 29 65 74 53 40 89 36 14 17 81 45 78 9 
26
0
21 8 14 23 25 31 66 57 21 24 97 41 11 27 51 1 82 97 69 46 
27
0
46 85 44 70 99 24 93 20 48 17 29 9 72 12 99 99 45 38 39 91 
28
0
85 40 37 82 82 40 20 91 23 39 17 74 10 10 33 88 2 4 20 65 
29
0
29 67 7 84 74 95 8 43 39 11 96 50 58 46 86 13 19 26 84 19 
30
0
12 98 56 95 33 68 93 78 3 24 40 50 20 81 87 98 16 75 38 62 
31
0
97 81 86 12 22 51 75 82 93 80 13 26 59 92 15 40 55 91 47 16 
32
0
34 94 75 87 22 62 34 35 15 32 10 45 56 46 66 39 10 44 87 69 
33
0
10 6 40 15 59 62 27 75 54 87 23 15 8 9 12 72 82 60 87 59 
34
0
74 94 74 46 38 54 42 8 32 50 10 22 14 97 20 48 41 62 61 1 
35
0
46 11 13 96 69 9 66 71 24 49 81 17 29 17 31 57 35 5 77 22 
36
0
77 74 48 9 63 47 50 68 23 64 10 38 78 96 89 78 95 5 68 51 
37
0
42 86 42 41 83 32 70 16 65 71 46 49 75 96 82 44 27 25 64 56 
38
0
63 55 78 73 29 74 72 71 92 10 59 13 60 63 9 77 30 6 45 19 
39
0
95 95 4 68 6 34 13 46 99 41 28 54 59 50 66 15 49 56 2 43 
40
0
44 46 18 25 9 82 80 79 15 26 81 51 91 82 64 55 21 50 73 23 
41
0
35 13 9 3 52 31 72 6 51 85 41 91 16 27 47 48 61 84 65 5 
42
0
82 30 40 57 88 68 16 8 4 79 94 81 46 4 80 76 4 65 25 66 
43
0
6 55 58 73 62 93 63 32 86 62 78 85 58 49 31 12 11 1 57 80 
44
0
50 14 50 31 29 12 7 67 44 8 31 44 1 94 89 19 16 96 9 80 
45
0
50 66 84 11 23 15 89 28 22 63 97 23 5 68 30 60 26 16 56 48 
46
0
44 53 96 36 60 54 94 16 19 2 22 7 63 47 16 7 36 69 73 88 
47
0
21 62 20 44 26 72 56 74 44 5 70 77 60 77 51 98 54 54 70 94 
48
0
40 6 82 41 27 15 26 63 85 10 19 48 69 85 28 32 76 44 66 35 
49
0
44 5 48 1 91 43 85 6 18 30 54 79 10 89 23 12 52 10 49 30 
