30
20
3020004
0
0
64 58 60 59 64 67 59 67 60 66 63 64 67 61 65 66 63 66 66 61 
1
0
40 41 35 31 34 40 39 35 37 32 32 31 33 38 31 38 40 33 35 39 
2
0
34 35 35 31 28 29 29 31 37 35 36 35 32 32 34 28 33 38 29 36 
3
0
69 74 73 76 77 74 73 77 70 72 71 71 70 77 69 77 74 78 74 76 
4
0
80 83 74 81 80 78 74 78 80 77 80 79 78 75 77 74 76 78 77 83 
5
0
79 78 80 84 77 82 78 81 77 84 79 78 84 82 75 76 82 77 79 73 
6
0
60 58 61 57 63 59 57 64 54 64 56 64 63 58 59 60 57 57 54 57 
7
0
33 35 26 27 31 31 28 29 27 35 28 32 26 35 29 34 27 31 35 26 
8
0
78 87 84 86 81 80 81 80 87 85 87 81 81 87 82 85 88 85 86 81 
9
0
15 22 19 24 19 21 19 18 17 18 15 23 18 23 23 15 23 22 23 21 
10
0
61 56 60 61 58 57 61 61 52 56 51 56 59 53 54 55 51 52 51 52 
11
0
88 92 88 95 92 93 89 94 98 98 96 98 96 88 90 89 88 93 87 93 
12
0
23 23 20 20 27 24 21 18 20 25 27 25 22 21 19 27 25 17 26 21 
13
0
55 64 63 54 57 64 60 54 62 54 63 55 59 60 64 58 60 62 61 58 
14
0
48 45 47 54 45 46 45 45 54 45 52 47 50 54 45 52 49 50 54 54 
15
0
78 81 86 75 83 78 83 80 84 85 82 76 80 75 77 84 83 85 80 84 
16
0
14 15 15 21 14 21 13 19 15 20 16 20 12 22 14 22 15 12 13 21 
17
0
46 41 39 45 42 45 44 45 40 43 37 47 39 43 40 46 40 44 39 46 
18
0
15 18 19 16 15 10 19 10 13 14 12 21 10 13 20 17 20 16 18 14 
19
0
8 15 13 14 8 13 10 14 13 10 12 8 11 13 6 7 12 15 10 16 
20
0
14 12 7 7 9 5 8 12 13 8 11 10 10 9 8 5 11 12 5 11 
21
0
39 37 28 32 39 36 28 34 29 35 38 38 38 32 39 38 32 29 31 35 
22
0
36 35 39 35 34 33 33 44 35 41 44 39 41 34 39 43 35 37 38 41 
23
0
65 67 65 67 57 62 58 66 58 61 67 60 57 58 61 65 67 57 62 59 
24
0
66 65 67 66 58 59 61 68 61 59 63 60 60 64 60 60 59 62 59 64 
25
0
21 21 23 16 19 16 15 18 19 19 19 21 17 21 22 19 13 14 23 18 
26
0
42 47 41 47 48 43 42 39 49 41 43 49 40 40 40 41 47 40 38 44 
27
0
17 22 26 21 16 21 26 20 18 16 16 26 26 26 24 21 17 24 18 20 
28
0
48 46 46 50 54 50 49 45 54 55 51 46 54 47 49 44 53 45 53 53 
29
0
25 28 22 20 19 23 21 28 22 22 24 25 27 21 26 21 27 26 21 24 
