50
10
5010004
0
0
28 15 18 35 44 53 58 32 90 47 
1
0
27 9 20 44 41 47 57 39 85 49 
2
0
30 16 22 38 48 53 59 34 92 49 
3
0
30 13 22 43 44 54 57 36 84 46 
4
0
24 6 17 44 44 45 61 41 90 44 
5
0
27 12 21 43 47 46 54 40 89 44 
6
0
30 8 16 35 48 54 62 37 94 44 
7
0
27 11 15 36 45 52 63 39 94 49 
8
0
21 12 14 39 49 48 62 40 94 43 
9
0
30 13 15 44 49 49 57 32 86 50 
10
0
20 14 16 42 51 47 54 32 94 45 
11
0
27 9 17 42 40 47 54 42 86 40 
12
0
24 15 21 41 46 54 55 35 89 46 
13
0
19 7 22 44 47 55 59 35 94 47 
14
0
20 6 22 39 40 52 59 42 88 45 
15
0
20 7 21 44 45 50 64 36 90 41 
16
0
30 13 13 34 40 44 54 39 88 40 
17
0
30 7 23 43 48 54 64 32 89 42 
18
0
29 11 20 36 46 48 64 38 93 49 
19
0
24 13 12 38 47 51 64 35 85 41 
20
0
20 15 22 41 42 54 55 33 84 47 
21
0
23 6 16 44 49 53 63 37 91 43 
22
0
25 11 23 38 49 48 55 36 93 49 
23
0
25 10 15 38 41 45 56 35 87 42 
24
0
22 9 13 39 45 53 55 42 91 45 
25
0
24 16 15 37 47 48 62 35 93 43 
26
0
26 11 16 37 42 46 55 32 91 43 
27
0
24 15 20 40 42 47 64 33 88 49 
28
0
27 16 19 40 45 52 64 34 84 41 
29
0
19 6 15 38 45 44 57 41 84 44 
30
0
22 8 15 37 41 53 64 39 94 41 
31
0
25 14 14 36 41 49 64 37 93 45 
32
0
24 12 17 39 42 44 60 32 85 40 
33
0
21 6 18 36 47 48 56 37 84 42 
34
0
28 14 22 36 50 49 61 35 91 46 
35
0
28 5 16 36 42 53 56 41 89 49 
36
0
25 16 17 35 49 47 62 34 84 39 
37
0
22 9 18 44 41 55 61 42 91 40 
38
0
21 8 13 34 43 54 58 38 89 44 
39
0
28 12 16 37 44 51 59 42 87 44 
40
0
29 14 22 35 49 46 64 41 87 47 
41
0
25 9 17 35 45 54 57 38 93 48 
42
0
27 10 21 41 41 48 54 36 94 49 
43
0
27 5 19 38 48 54 55 42 90 43 
44
0
25 9 19 41 49 47 61 40 90 47 
45
0
24 13 15 36 42 49 58 34 90 46 
46
0
22 12 21 35 49 45 57 34 90 41 
47
0
19 13 21 35 48 48 57 38 85 47 
48
0
29 6 18 43 42 54 64 36 85 45 
49
0
29 15 21 39 51 52 61 31 86 40 
