50
10
5010003
0
0
27 59 79 25 54 8 35 7 26 12 
1
0
29 53 82 19 60 13 40 3 24 1 
2
0
25 59 79 19 56 14 37 5 30 9 
3
0
24 58 77 18 56 8 40 5 28 11 
4
0
21 58 80 19 64 11 35 7 31 9 
5
0
27 59 79 17 54 10 39 2 25 1 
6
0
22 55 85 26 63 15 36 1 32 4 
7
0
20 57 79 24 53 14 40 10 33 4 
8
0
22 60 80 17 54 13 34 6 31 4 
9
0
25 54 84 24 63 15 35 2 28 10 
10
0
26 55 81 24 56 7 43 9 30 6 
11
0
29 63 85 26 56 8 40 2 24 7 
12
0
23 62 86 19 63 16 37 8 23 8 
13
0
30 59 84 24 63 13 40 10 28 7 
14
0
25 60 84 22 53 15 43 2 32 11 
15
0
24 53 76 21 59 13 36 5 24 10 
16
0
29 60 86 26 58 14 41 6 25 1 
17
0
25 53 85 26 56 14 42 5 25 8 
18
0
28 52 80 17 59 14 38 10 33 7 
19
0
30 55 76 18 64 11 40 11 27 5 
20
0
23 59 81 23 61 8 39 7 28 8 
21
0
27 53 79 22 55 7 37 10 23 5 
22
0
26 52 79 17 55 17 41 6 28 11 
23
0
26 62 79 19 63 16 44 8 26 3 
24
0
28 56 85 23 59 14 41 8 31 2 
25
0
23 62 76 25 62 10 37 7 26 7 
26
0
30 60 76 16 56 7 41 11 30 6 
27
0
19 53 85 18 60 10 39 2 29 8 
28
0
30 53 86 24 57 12 39 9 23 10 
29
0
20 62 77 21 53 9 33 10 30 9 
30
0
24 54 82 23 54 14 43 7 28 9 
31
0
22 53 85 16 63 8 39 8 25 10 
32
0
23 60 77 24 61 12 37 4 27 6 
33
0
24 56 76 20 57 9 40 9 26 8 
34
0
24 52 84 26 58 14 33 11 24 10 
35
0
21 55 84 19 56 14 42 10 28 11 
36
0
28 62 82 23 57 10 34 7 32 10 
37
0
22 57 85 20 60 15 43 6 30 11 
38
0
28 52 76 20 59 14 38 6 26 11 
39
0
25 55 85 21 64 13 34 5 33 10 
40
0
29 57 84 19 60 18 34 7 30 2 
41
0
28 60 81 24 58 10 33 5 25 7 
42
0
30 61 79 24 63 14 40 1 31 8 
43
0
19 53 81 24 55 8 40 4 33 2 
44
0
25 62 76 18 55 13 33 2 29 2 
45
0
28 61 76 20 55 15 34 7 25 6 
46
0
23 56 79 20 62 11 41 8 30 6 
47
0
27 55 79 20 63 15 37 4 24 7 
48
0
24 58 81 26 59 17 42 7 32 7 
49
0
21 56 83 21 61 8 44 8 23 6 
