30
20
3020005
0
0
66 84 29 24 56 93 38 68 67 25 46 84 20 52 7 92 27 12 40 88 
1
0
66 81 29 20 54 96 37 61 66 18 36 89 16 54 13 96 33 8 38 91 
2
0
65 90 29 24 57 99 32 64 72 27 41 84 14 46 10 89 27 16 42 94 
3
0
65 80 36 17 54 94 38 66 76 17 37 82 21 45 4 89 29 12 44 89 
4
0
66 87 37 19 59 93 34 70 69 17 41 82 13 48 9 88 27 14 37 89 
5
0
68 85 37 23 50 94 32 69 75 27 40 83 18 52 5 95 30 12 39 88 
6
0
66 89 35 21 53 98 40 70 73 24 43 80 13 50 3 95 28 14 38 94 
7
0
63 87 38 22 55 90 34 68 76 27 41 85 18 47 9 89 25 17 39 87 
8
0
59 87 31 22 59 91 33 61 72 23 45 84 16 44 6 88 33 15 43 93 
9
0
59 88 33 20 52 95 37 68 75 24 41 89 20 49 3 89 28 17 44 88 
10
0
58 80 31 15 53 93 32 63 68 21 45 83 13 46 7 89 23 17 40 87 
11
0
63 84 37 18 52 92 40 70 74 27 40 89 12 46 12 89 31 18 37 95 
12
0
67 84 36 17 52 98 34 71 67 24 44 90 20 51 12 90 30 12 37 89 
13
0
62 88 30 19 54 94 40 69 75 24 46 82 16 44 6 98 25 16 39 87 
14
0
60 80 38 16 56 90 38 66 76 25 40 85 14 44 4 93 26 17 44 86 
15
0
63 90 38 19 58 95 35 66 70 21 46 87 17 46 10 92 27 13 36 88 
16
0
63 85 35 17 53 98 40 65 66 20 43 84 11 44 11 95 33 11 44 85 
17
0
59 87 32 20 49 94 39 67 72 26 36 89 19 48 7 95 23 17 40 85 
18
0
67 80 29 25 53 93 36 67 70 23 41 80 18 46 12 90 28 9 44 85 
19
0
65 83 34 21 51 97 36 70 65 26 40 88 18 53 5 95 32 18 41 88 
20
0
57 91 33 24 53 95 34 65 67 25 38 88 20 52 4 95 33 15 45 88 
21
0
62 80 36 23 53 100 42 61 76 26 37 84 13 50 13 89 24 7 37 91 
22
0
67 80 31 21 57 95 32 69 74 25 40 82 15 48 4 92 26 14 41 94 
23
0
60 86 36 21 48 92 33 64 74 22 46 87 17 46 9 90 30 14 38 90 
24
0
63 90 38 21 52 97 41 63 75 18 38 85 14 48 8 94 30 17 42 94 
25
0
62 85 37 24 54 98 42 68 74 20 40 86 19 48 3 94 24 11 36 94 
26
0
63 80 34 17 49 97 39 62 68 22 39 83 13 45 8 96 25 15 45 90 
27
0
59 86 36 20 55 93 41 63 73 26 43 88 17 44 9 88 23 11 36 86 
28
0
58 89 33 23 56 93 36 63 74 23 42 89 15 50 3 95 24 16 39 94 
29
0
62 87 37 22 55 92 36 63 74 18 41 80 14 50 12 91 25 17 42 94 
