20
10
2010101
0
0
68 66 67 76 67 70 73 70 67 76 
1
0
36 38 36 43 34 35 35 40 44 39 
2
0
52 58 49 56 50 56 59 57 49 49 
3
0
52 52 47 47 45 49 43 45 46 46 
4
0
23 19 20 19 13 23 14 20 18 23 
5
0
27 35 28 31 27 37 37 31 30 27 
6
0
34 40 32 40 36 35 35 39 31 39 
7
0
84 88 82 78 85 85 82 87 85 82 
8
0
35 28 35 27 36 26 30 36 30 36 
9
0
15 14 22 20 20 22 18 16 14 17 
10
0
64 62 59 58 63 65 56 58 66 64 
11
0
87 85 82 82 85 92 82 87 91 91 
12
0
66 64 60 69 61 63 64 69 61 69 
13
0
60 58 55 59 60 61 57 58 61 56 
14
0
15 11 17 10 18 19 9 17 16 19 
15
0
82 79 73 79 74 79 75 77 82 76 
16
0
82 88 84 86 77 81 84 81 88 80 
17
0
79 73 81 75 71 73 80 72 78 78 
18
0
29 31 32 30 33 29 37 29 36 36 
19
0
14 13 8 13 17 11 15 14 16 14 
