20
20
2020101
0
0
79 25 99 76 84 48 25 44 97 79 80 62 18 90 95 65 22 21 47 12 
1
0
73 30 93 77 90 51 25 43 90 84 83 67 27 92 94 61 17 22 53 13 
2
0
79 29 98 77 86 48 35 41 91 84 77 59 18 91 90 65 22 28 45 13 
3
0
80 26 100 75 90 43 33 38 89 82 83 58 20 96 87 64 24 25 54 17 
4
0
80 26 98 74 87 43 29 46 94 76 86 60 27 92 89 65 25 22 53 12 
5
0
82 26 97 75 83 49 25 43 95 79 87 60 25 91 95 61 19 21 51 20 
6
0
76 30 91 78 81 45 27 42 97 77 77 60 24 97 94 64 21 19 47 14 
7
0
76 31 99 79 83 48 32 38 94 74 77 57 19 97 90 63 24 19 44 11 
8
0
73 22 94 71 88 48 28 39 95 80 84 60 25 93 91 63 17 27 45 16 
9
0
83 22 93 74 82 42 29 39 94 73 81 57 18 94 95 65 17 18 46 16 
10
0
78 28 96 71 83 47 31 41 96 73 84 61 19 89 87 65 20 27 50 20 
11
0
83 23 95 74 89 47 28 41 90 77 85 59 27 92 92 55 25 23 54 20 
12
0
74 30 93 74 86 45 27 39 89 80 79 58 24 95 92 57 21 28 46 20 
13
0
83 25 92 76 82 44 36 39 97 79 79 63 28 92 89 56 24 21 54 16 
14
0
82 31 93 76 81 48 28 46 93 81 83 62 18 88 91 61 25 20 53 13 
15
0
79 28 91 79 84 50 29 37 98 84 79 62 28 89 96 60 16 21 46 18 
16
0
74 29 90 75 84 46 26 43 94 76 78 67 19 89 88 58 19 18 52 16 
17
0
76 22 96 76 92 44 31 41 91 84 85 67 24 97 96 59 16 21 46 15 
18
0
73 28 92 72 91 50 25 45 89 84 78 57 25 93 97 60 25 25 52 19 
19
0
82 31 99 71 90 44 28 44 99 77 82 63 23 94 91 58 20 26 52 17 
