200
20
20020021
0
0
64 84 48 72 52 84 62 20 53 30 55 45 21 88 11 48 76 16 22 83 
1
0
66 81 49 69 55 82 56 13 50 26 52 49 25 89 16 49 72 14 23 73 
2
0
64 84 47 69 58 84 57 15 55 29 47 48 29 94 7 41 78 8 29 81 
3
0
64 82 47 73 56 80 62 16 45 23 45 51 30 85 14 51 81 14 26 80 
4
0
67 83 54 77 61 85 60 20 54 26 55 49 23 85 10 50 80 15 23 76 
5
0
64 86 47 77 52 81 56 19 48 21 53 51 25 90 16 49 81 12 27 82 
6
0
71 81 53 69 58 87 55 12 55 26 45 45 24 87 11 40 82 8 22 76 
7
0
65 87 52 72 58 84 55 14 53 31 52 50 23 89 7 44 72 9 22 74 
8
0
66 79 55 69 61 81 56 12 55 26 45 43 23 95 17 41 82 8 30 75 
9
0
68 78 52 71 60 82 55 14 50 25 48 47 21 85 16 47 75 13 21 80 
10
0
69 79 51 75 59 80 64 17 56 22 53 50 24 89 15 50 79 8 21 76 
11
0
69 86 49 68 56 84 65 21 50 28 46 46 21 87 15 47 79 10 21 78 
12
0
66 80 52 74 56 85 63 17 50 29 49 52 24 90 11 48 74 13 23 81 
13
0
62 83 52 69 55 88 55 17 50 22 46 52 20 89 17 46 77 16 25 73 
14
0
72 85 48 76 61 86 62 11 46 30 50 47 29 89 13 47 77 9 23 84 
15
0
70 77 47 74 62 83 64 16 50 24 45 46 26 85 10 46 74 6 28 74 
16
0
71 86 56 72 54 86 60 15 55 30 52 50 28 88 13 46 79 17 23 79 
17
0
66 80 46 75 57 85 65 17 51 31 49 46 24 90 17 41 72 10 26 83 
18
0
72 83 51 75 62 80 60 19 56 25 48 43 21 92 15 42 80 17 29 74 
19
0
72 86 54 72 60 78 58 19 54 24 45 51 26 91 10 51 75 13 28 74 
20
0
63 86 50 69 61 86 58 19 46 28 51 43 30 91 8 48 80 12 24 74 
21
0
70 84 54 69 59 84 60 18 47 24 48 48 26 93 6 51 72 13 24 79 
22
0
63 86 46 74 61 87 58 15 52 26 48 50 22 89 9 51 82 16 28 76 
23
0
71 80 52 68 62 80 59 18 47 25 52 52 29 95 9 48 72 9 30 79 
24
0
64 87 55 74 60 84 64 18 54 24 50 50 30 93 15 43 76 15 23 80 
25
0
62 84 50 76 52 78 55 14 53 30 50 53 27 88 13 51 78 8 30 78 
26
0
65 79 52 70 56 81 59 16 49 31 50 50 22 86 13 40 80 14 31 83 
27
0
71 86 56 68 59 84 57 19 55 30 50 44 20 95 9 43 73 6 30 76 
28
0
66 79 52 72 60 86 55 21 56 25 51 45 22 85 11 47 80 8 21 84 
29
0
63 84 47 75 60 87 57 21 55 22 49 47 30 88 15 41 80 16 29 77 
30
0
70 82 48 67 59 78 60 15 46 21 51 50 29 89 6 46 72 8 27 81 
31
0
66 85 48 72 59 87 55 14 54 23 52 46 20 91 8 45 74 14 29 83 
32
0
68 78 51 68 56 79 56 21 53 23 54 48 25 92 15 49 77 9 25 76 
33
0
70 77 48 67 56 86 63 19 48 21 48 48 23 85 12 41 77 6 25 78 
34
0
62 85 49 71 62 85 64 21 47 26 52 46 24 86 13 46 75 15 30 80 
35
0
66 81 46 67 58 80 63 13 54 31 50 52 28 93 13 43 75 12 24 78 
36
0
70 82 50 74 54 87 65 11 52 24 49 44 26 85 13 50 75 15 30 74 
37
0
64 78 54 76 53 84 57 15 50 24 53 48 23 88 12 42 78 10 27 81 
38
0
71 87 49 75 56 85 64 17 53 25 45 45 24 86 8 44 75 16 27 75 
39
0
69 88 56 70 52 85 62 11 50 25 49 45 20 90 16 45 80 9 29 77 
40
0
65 77 57 70 53 82 63 14 47 29 54 53 28 90 6 43 74 14 28 74 
41
0
66 80 52 73 61 87 61 20 54 23 45 48 27 87 8 47 73 7 24 76 
42
0
68 77 52 77 55 80 56 18 50 24 52 53 27 90 13 49 77 16 29 79 
43
0
67 87 50 73 59 87 56 13 52 28 53 46 22 86 9 42 81 16 30 73 
44
0
71 81 50 77 61 84 63 19 46 29 56 51 27 93 11 40 81 14 27 76 
45
0
65 87 53 70 55 84 55 17 46 27 53 51 22 92 11 48 72 11 24 74 
46
0
65 81 55 75 57 88 58 13 47 23 46 43 21 90 14 46 79 14 29 82 
47
0
64 79 50 68 62 81 63 17 51 23 46 45 28 92 7 43 76 9 28 83 
48
0
67 85 53 74 57 79 56 13 49 21 51 45 27 95 15 40 82 14 30 84 
49
0
67 83 54 66 56 84 58 20 52 22 49 47 27 86 11 42 83 12 21 79 
50
0
72 83 52 69 61 85 65 18 48 25 53 53 20 87 10 50 77 12 26 75 
51
0
63 85 52 69 55 84 63 14 54 30 51 47 28 90 16 48 79 15 31 81 
52
0
69 77 50 75 55 84 57 19 55 22 51 47 27 85 12 47 72 15 22 79 
53
0
66 83 48 70 52 88 59 13 55 32 49 46 24 87 6 44 82 6 30 82 
54
0
69 86 52 76 54 78 64 15 50 31 45 53 28 91 12 46 75 16 22 76 
55
0
64 79 55 76 56 80 57 15 52 24 53 44 23 92 17 47 81 10 29 73 
56
0
69 78 47 67 60 87 64 12 52 24 47 48 20 86 16 49 80 12 29 84 
57
0
65 83 49 69 59 83 57 17 51 31 48 49 28 92 15 48 80 8 29 83 
58
0
63 82 56 76 59 78 65 18 47 22 45 53 28 92 7 50 82 9 25 84 
59
0
71 83 49 72 62 84 62 17 50 32 50 51 28 87 11 40 72 12 25 81 
60
0
72 77 48 71 61 80 60 15 46 24 53 46 28 91 9 41 73 13 22 81 
61
0
72 84 47 75 60 88 59 18 51 27 55 43 30 89 8 51 79 11 25 75 
62
0
63 79 47 67 53 78 56 20 53 24 53 47 24 93 14 41 79 9 23 75 
63
0
70 81 56 71 59 85 64 11 53 22 46 53 25 90 9 41 72 10 31 79 
64
0
68 77 47 75 56 78 54 16 50 23 45 51 22 90 9 41 78 6 22 74 
65
0
68 81 54 76 59 83 64 10 48 22 53 49 26 87 10 50 80 9 26 76 
66
0
66 86 54 72 57 87 61 17 47 28 45 51 22 85 6 45 73 7 22 83 
67
0
63 81 49 77 54 80 58 17 49 27 47 51 27 90 7 45 73 13 22 73 
68
0
62 83 54 68 52 86 56 14 54 30 49 49 22 95 15 48 77 13 30 84 
69
0
67 77 47 70 59 82 54 19 53 29 50 47 21 85 6 41 77 8 22 76 
70
0
71 87 50 76 58 80 63 18 52 31 51 53 21 90 6 46 82 13 21 83 
71
0
66 85 56 67 55 85 56 19 52 31 55 49 30 93 11 41 77 9 20 79 
72
0
66 82 56 68 59 78 61 18 53 29 49 49 24 94 8 47 81 6 25 78 
73
0
72 81 53 73 62 83 56 10 52 21 50 51 22 85 8 46 77 16 22 76 
74
0
63 77 51 70 54 86 56 13 53 31 47 50 28 92 17 44 80 12 21 82 
75
0
66 86 49 71 56 81 65 12 52 22 53 49 27 93 9 44 82 9 29 75 
76
0
66 81 55 69 55 78 55 16 46 22 48 51 27 91 7 49 75 12 26 76 
77
0
67 85 55 71 60 84 61 14 53 21 54 53 29 84 10 51 82 10 23 80 
78
0
64 86 51 76 55 78 61 17 53 27 53 51 24 87 14 41 79 11 23 82 
79
0
69 78 48 66 56 86 62 10 48 21 55 51 26 93 16 42 81 6 25 83 
80
0
66 79 50 69 53 85 60 17 48 30 53 48 25 88 6 47 82 12 26 80 
81
0
69 80 55 68 61 85 59 14 53 28 53 52 27 86 9 44 78 11 26 75 
82
0
68 78 51 73 62 88 58 19 49 28 46 46 21 91 11 45 75 11 25 75 
83
0
70 83 53 68 56 78 55 19 51 31 54 45 22 90 14 47 79 14 28 76 
84
0
66 85 55 67 56 86 60 12 49 31 46 53 24 92 6 42 81 8 23 81 
85
0
64 77 49 70 61 79 60 10 49 29 52 45 23 85 10 44 82 6 26 81 
86
0
66 87 52 75 60 85 60 11 50 29 48 44 28 86 7 42 80 15 26 81 
87
0
69 84 48 67 53 80 56 20 47 26 46 49 23 90 15 44 73 7 27 76 
88
0
66 86 47 68 60 79 55 12 51 24 52 52 23 91 8 41 76 12 31 80 
89
0
65 82 53 76 52 85 55 15 53 24 45 53 22 90 16 43 77 16 29 79 
90
0
67 82 48 77 58 77 58 13 53 21 54 49 29 88 13 50 79 8 26 74 
91
0
68 86 55 73 57 84 63 10 56 30 47 48 29 88 12 45 79 10 27 78 
92
0
65 85 51 67 61 80 60 19 51 27 46 50 30 95 13 41 72 13 20 76 
93
0
65 81 57 75 55 81 61 12 47 23 55 48 23 91 17 46 77 12 23 80 
94
0
68 85 50 72 56 81 58 16 48 28 54 49 26 91 9 45 74 10 24 79 
95
0
69 82 55 77 57 81 65 19 52 26 49 45 21 93 11 44 79 8 30 78 
96
0
69 86 52 76 54 86 65 14 46 27 45 45 29 89 7 50 81 10 27 79 
97
0
66 80 54 67 61 79 65 12 50 26 54 50 25 93 13 50 76 16 20 77 
98
0
72 84 46 74 53 85 55 17 54 31 49 46 27 95 11 42 80 11 28 75 
99
0
71 86 53 75 62 84 59 11 53 27 53 50 21 87 11 44 73 9 22 82 
100
0
67 80 54 77 60 87 56 20 46 24 50 49 22 94 15 50 77 15 30 82 
101
0
69 77 56 75 60 83 56 19 50 21 45 46 22 95 12 42 75 16 26 81 
102
0
66 79 54 70 54 86 56 16 51 28 45 53 29 95 10 49 77 9 24 76 
103
0
63 83 49 73 62 78 64 16 47 29 47 44 25 89 10 41 74 12 25 82 
104
0
65 80 51 77 58 83 61 20 55 26 50 45 30 91 12 48 78 7 22 79 
105
0
67 86 55 75 61 77 59 13 45 24 49 46 30 88 8 47 76 13 31 81 
106
0
71 79 57 73 58 87 60 12 51 27 52 46 21 89 16 48 77 11 26 77 
107
0
62 87 55 72 60 80 58 11 46 31 53 46 27 86 12 45 75 7 23 76 
108
0
66 86 46 72 62 85 59 15 48 23 48 47 28 95 17 48 83 15 29 83 
109
0
67 77 46 67 62 86 54 12 54 30 54 52 20 85 13 49 77 12 21 79 
110
0
68 85 54 73 55 79 57 20 47 26 48 47 25 87 14 47 75 16 27 80 
111
0
65 81 50 69 53 82 54 13 50 29 51 47 22 94 16 51 78 7 23 84 
112
0
62 77 53 74 56 88 55 14 52 25 49 44 29 85 14 44 76 16 29 78 
113
0
72 85 52 74 58 78 65 11 51 31 51 43 23 94 8 45 78 16 21 73 
114
0
69 78 49 67 54 82 56 12 50 29 50 53 28 86 9 49 76 8 25 78 
115
0
63 80 47 70 62 78 60 18 55 27 48 43 25 95 11 43 75 15 30 79 
116
0
70 79 55 74 60 82 56 13 45 27 51 47 28 93 16 49 76 14 30 80 
117
0
68 82 46 74 56 81 55 18 47 25 48 53 25 85 11 48 82 17 24 78 
118
0
67 84 53 72 60 88 59 19 53 23 49 50 29 87 7 47 77 15 22 80 
119
0
66 77 47 76 52 84 62 18 46 27 52 51 20 92 16 49 75 9 25 75 
120
0
67 83 55 67 56 78 59 13 54 30 49 48 24 90 7 43 79 14 31 78 
121
0
62 83 55 72 62 87 59 17 56 27 49 53 30 93 13 46 76 14 20 78 
122
0
71 85 49 68 57 87 65 13 53 29 45 53 20 86 9 42 80 16 21 77 
123
0
71 81 55 72 57 77 56 15 54 30 45 51 24 90 6 45 82 7 31 82 
124
0
63 83 47 75 56 79 63 19 53 31 53 52 26 85 12 49 78 17 24 81 
125
0
68 78 49 68 55 87 61 13 54 23 46 53 20 92 7 44 83 14 20 83 
126
0
65 80 48 67 57 87 54 12 47 31 51 43 21 94 10 47 81 10 29 73 
127
0
71 86 49 67 58 84 54 15 51 29 49 53 27 87 15 41 80 8 23 82 
128
0
63 81 56 77 62 81 61 11 51 25 49 44 21 90 14 49 80 10 22 80 
129
0
69 86 52 72 59 79 61 19 47 26 51 47 24 92 8 50 80 14 22 73 
130
0
68 84 49 70 58 80 64 20 50 25 50 52 20 89 14 45 77 14 31 79 
131
0
62 83 49 70 60 82 60 18 51 21 53 52 23 93 13 50 79 13 20 80 
132
0
67 81 47 69 56 83 57 18 53 23 52 48 24 95 11 44 81 10 27 80 
133
0
67 78 50 70 55 79 61 18 55 21 47 47 23 95 17 43 73 14 28 78 
134
0
66 84 46 67 53 85 59 20 47 27 49 53 30 91 8 45 74 12 30 84 
135
0
72 77 53 74 54 87 63 18 49 21 53 48 20 93 14 42 74 13 27 77 
136
0
70 85 49 68 54 77 59 20 52 24 46 51 23 89 16 43 77 7 31 76 
137
0
67 81 50 73 56 77 64 17 49 29 51 48 27 88 13 44 74 11 27 76 
138
0
66 86 53 71 58 86 62 17 48 23 54 44 28 95 11 50 83 10 25 76 
139
0
70 81 47 71 55 84 59 13 50 24 54 50 21 88 11 42 78 7 30 73 
140
0
70 87 55 70 62 80 64 12 50 28 49 46 20 86 13 49 73 16 30 78 
141
0
65 85 48 69 56 83 61 14 48 25 52 47 29 94 12 42 73 15 23 73 
142
0
66 86 52 74 58 87 61 18 48 31 47 43 28 93 13 41 82 17 28 75 
143
0
69 80 55 73 62 78 57 14 56 29 50 51 23 87 6 51 82 6 25 81 
144
0
70 81 55 67 56 84 59 11 46 22 48 49 26 88 10 45 81 7 23 82 
145
0
70 81 52 74 61 84 63 16 51 30 52 45 29 93 10 45 81 12 27 74 
146
0
66 85 48 73 54 87 62 14 48 24 52 53 20 85 13 41 75 16 21 74 
147
0
72 85 48 68 57 86 56 20 47 23 45 44 26 93 9 45 76 9 21 83 
148
0
67 78 52 76 53 82 58 17 48 25 47 51 26 93 8 43 77 12 22 73 
149
0
72 87 56 76 56 80 57 12 53 23 55 47 23 86 15 49 74 11 25 80 
150
0
71 79 51 75 56 87 63 19 49 21 48 44 21 87 15 40 73 11 27 80 
151
0
66 83 55 71 59 81 54 15 54 25 53 45 22 95 8 43 78 9 27 75 
152
0
65 79 55 67 61 85 62 15 55 26 46 50 23 89 15 43 78 8 22 77 
153
0
63 86 56 73 55 77 58 15 53 25 52 53 25 94 16 42 80 10 23 76 
154
0
69 77 55 74 55 83 57 18 51 25 45 50 23 86 15 45 80 6 21 76 
155
0
62 85 55 75 56 79 62 10 47 24 51 52 28 94 7 46 72 16 30 78 
156
0
68 87 50 68 62 78 65 12 47 21 47 51 22 93 10 46 81 12 27 77 
157
0
64 81 54 69 55 84 65 10 49 22 50 48 28 92 15 47 80 13 27 83 
158
0
64 80 51 73 60 79 55 14 49 23 53 44 30 95 9 45 79 6 27 75 
159
0
64 84 51 72 60 80 62 20 49 25 49 44 20 94 10 48 78 14 24 83 
160
0
69 83 54 77 62 87 64 20 50 24 52 46 29 92 11 42 80 8 31 83 
161
0
71 85 51 72 59 80 64 15 51 30 47 53 21 88 13 47 73 12 29 79 
162
0
72 79 49 67 52 84 60 11 50 28 48 43 27 87 12 50 82 12 21 82 
163
0
69 83 48 68 56 82 58 20 47 21 49 51 28 93 11 41 82 15 22 74 
164
0
66 80 54 68 52 84 64 13 49 25 45 50 28 94 16 43 82 10 23 73 
165
0
63 83 51 68 61 88 55 18 50 30 48 49 21 87 11 42 74 14 23 79 
166
0
62 85 46 66 58 78 58 14 56 27 53 45 23 87 10 49 73 8 31 81 
167
0
64 83 51 67 55 80 64 17 47 29 54 51 27 85 17 50 82 7 29 83 
168
0
68 81 48 74 53 84 65 16 47 24 54 52 27 92 14 50 81 15 22 80 
169
0
63 83 50 69 61 77 61 13 54 32 46 46 27 93 16 50 74 15 25 79 
170
0
72 86 52 73 54 81 61 12 52 23 48 45 23 94 7 47 79 8 26 73 
171
0
61 78 48 75 53 88 60 14 48 26 54 45 28 87 11 48 78 12 21 74 
172
0
66 83 49 70 52 85 57 20 52 21 52 48 21 92 12 47 79 7 24 77 
173
0
62 86 55 67 57 79 65 17 56 24 47 51 26 93 6 50 73 8 21 83 
174
0
62 81 57 69 60 81 64 20 48 28 47 48 30 86 12 47 81 12 27 80 
175
0
69 87 56 72 52 80 55 12 54 26 48 53 27 85 7 41 78 10 23 78 
176
0
66 87 49 76 58 81 61 16 48 31 50 43 29 86 15 40 80 13 30 74 
177
0
71 86 47 77 58 77 55 20 55 25 50 52 24 92 11 50 75 12 23 73 
178
0
66 78 50 69 62 86 57 11 51 22 46 51 22 93 6 49 78 6 24 82 
179
0
69 79 54 77 58 77 59 16 48 28 52 51 27 94 15 41 78 11 23 74 
180
0
71 87 49 70 53 79 59 13 49 31 47 46 30 87 16 50 81 7 27 82 
181
0
68 77 49 68 62 85 65 11 55 21 55 53 22 91 11 42 80 15 28 76 
182
0
62 85 51 74 56 82 61 17 48 23 51 43 26 90 11 45 80 17 26 83 
183
0
69 84 57 68 57 78 63 20 52 26 49 49 23 88 12 51 75 14 26 82 
184
0
63 85 48 73 58 80 62 17 50 22 46 46 21 86 11 51 72 13 26 82 
185
0
67 84 50 72 61 81 60 16 51 31 52 48 30 86 16 49 79 7 30 74 
186
0
64 78 54 75 57 87 58 19 46 24 46 49 24 92 9 50 73 7 24 83 
187
0
68 84 55 71 57 81 64 10 50 23 54 48 20 91 10 40 80 8 26 83 
188
0
72 81 51 76 61 78 64 15 48 25 50 52 20 93 8 46 78 12 21 77 
189
0
69 79 51 77 61 80 56 20 47 25 51 46 24 88 6 44 80 9 30 76 
190
0
64 79 51 68 52 78 60 13 55 29 55 47 25 86 16 41 78 6 22 82 
191
0
64 85 50 69 62 80 62 16 53 21 53 46 23 91 9 41 73 8 27 79 
192
0
62 77 51 69 55 78 63 16 49 30 49 50 25 90 8 45 75 14 28 76 
193
0
66 87 50 70 57 88 57 14 55 21 47 49 27 95 15 44 81 14 22 77 
194
0
64 85 50 70 59 78 64 16 51 31 54 53 29 85 11 50 74 6 28 74 
195
0
65 78 53 69 60 81 54 12 50 27 49 48 29 95 16 44 82 6 23 76 
196
0
62 77 46 73 52 83 55 17 53 23 54 48 24 88 6 47 77 12 25 78 
197
0
64 86 47 69 58 83 59 21 51 28 51 48 29 90 17 46 76 9 28 73 
198
0
61 78 46 67 56 88 55 20 55 29 51 51 27 91 7 48 82 16 24 77 
199
0
65 85 54 66 62 82 60 15 53 24 47 49 23 95 7 42 73 15 23 84 
