100
10
10010016
0
0
34 39 96 69 20 25 30 81 71 88 
1
0
37 35 79 58 35 7 26 72 1 94 
2
0
37 43 25 34 38 56 71 57 77 75 
3
0
16 17 45 50 2 64 9 5 3 84 
4
0
57 43 1 93 13 54 11 72 57 59 
5
0
95 80 82 11 60 30 50 35 73 55 
6
0
36 17 27 92 4 23 26 49 81 60 
7
0
68 61 24 68 91 12 2 7 75 86 
8
0
89 46 28 94 34 18 10 50 60 29 
9
0
84 96 74 60 4 64 98 56 60 9 
10
0
93 49 79 13 84 58 1 11 81 94 
11
0
20 41 87 42 48 24 65 63 96 36 
12
0
41 20 3 43 63 19 37 51 89 97 
13
0
38 44 95 43 50 76 17 23 76 30 
14
0
82 40 92 82 86 73 81 67 26 39 
15
0
41 99 22 26 58 93 67 70 40 13 
16
0
8 46 29 34 19 53 95 96 29 66 
17
0
96 7 40 55 50 62 89 39 18 28 
18
0
80 21 1 77 52 77 34 32 98 97 
19
0
86 97 27 97 8 71 44 52 35 61 
20
0
29 72 66 79 78 43 2 52 37 26 
21
0
84 75 33 10 86 70 27 59 45 42 
22
0
62 6 98 88 89 31 33 60 71 76 
23
0
20 20 71 51 7 29 97 13 95 24 
24
0
12 10 84 64 80 35 50 12 29 19 
25
0
49 48 84 62 85 51 81 59 24 36 
26
0
3 97 13 2 86 51 51 33 36 54 
27
0
28 99 60 82 51 86 36 43 16 12 
28
0
22 94 21 99 50 11 40 6 5 32 
29
0
7 84 96 30 96 17 77 49 85 79 
30
0
8 72 37 15 20 79 44 99 83 45 
31
0
57 88 23 94 60 90 56 54 91 52 
32
0
66 35 26 50 39 83 16 82 84 13 
33
0
54 50 17 24 51 32 14 80 32 42 
34
0
44 36 5 81 11 45 45 53 69 95 
35
0
85 82 45 70 76 44 10 12 50 8 
36
0
19 73 59 88 82 56 75 80 46 93 
37
0
7 72 64 96 82 21 29 98 26 74 
38
0
9 49 50 41 59 21 91 83 30 91 
39
0
93 88 41 10 38 2 37 62 76 95 
40
0
20 63 34 11 56 52 86 90 96 21 
41
0
9 64 91 40 68 91 45 89 4 22 
42
0
18 74 61 31 18 66 49 96 86 76 
43
0
96 51 58 38 93 92 30 23 85 10 
44
0
36 75 3 41 47 45 96 56 92 75 
45
0
85 15 15 87 96 8 78 88 36 58 
46
0
63 18 69 72 55 33 48 65 7 69 
47
0
51 83 30 87 74 59 45 78 52 78 
48
0
13 36 67 65 25 9 86 41 30 62 
49
0
16 46 3 44 28 26 36 93 16 94 
50
0
99 2 39 90 51 70 43 32 14 93 
51
0
61 73 80 11 52 14 42 74 24 15 
52
0
88 39 6 81 89 11 8 47 70 70 
53
0
87 76 88 13 51 40 40 66 61 24 
54
0
19 35 76 52 74 23 24 42 57 44 
55
0
74 33 8 24 82 89 67 95 84 98 
56
0
79 74 19 71 47 43 76 84 91 79 
57
0
79 37 35 27 21 92 79 98 82 72 
58
0
64 54 70 46 28 14 2 67 48 79 
59
0
88 54 38 58 89 2 65 76 87 91 
60
0
92 96 66 72 59 32 40 97 26 93 
61
0
25 97 85 43 88 4 36 21 2 7 
62
0
81 7 4 81 98 82 49 1 49 81 
63
0
84 11 78 93 28 94 10 33 63 47 
64
0
33 2 80 11 88 80 83 92 58 11 
65
0
52 16 16 35 5 82 47 18 87 12 
66
0
77 92 72 61 89 51 72 17 73 26 
67
0
73 80 88 13 24 75 62 74 81 62 
68
0
31 83 88 73 4 42 75 46 66 27 
69
0
42 6 83 94 4 77 21 39 1 58 
70
0
3 30 51 99 27 56 81 82 41 27 
71
0
5 37 23 78 86 50 70 17 33 67 
72
0
26 51 63 41 59 13 19 3 33 69 
73
0
22 10 87 20 14 37 39 76 60 3 
74
0
88 42 56 18 28 54 87 43 20 67 
75
0
14 52 27 32 82 68 69 74 97 73 
76
0
39 26 31 60 78 21 88 91 56 18 
77
0
48 93 22 86 3 37 50 72 5 17 
78
0
94 75 53 70 72 15 62 13 36 25 
79
0
83 20 92 6 4 15 66 70 64 43 
80
0
42 28 51 52 10 3 88 82 28 46 
81
0
42 93 61 45 7 84 30 37 44 24 
82
0
94 26 68 2 74 72 57 43 27 95 
83
0
58 65 7 16 63 68 38 79 47 27 
84
0
68 44 91 81 62 95 90 73 37 58 
85
0
68 77 31 84 48 95 65 18 5 98 
86
0
17 47 12 60 97 87 37 73 28 51 
87
0
71 61 71 30 28 32 42 43 71 74 
88
0
36 20 79 97 61 62 52 57 86 48 
89
0
8 73 32 30 2 68 3 36 23 43 
90
0
46 45 97 53 86 29 9 12 29 73 
91
0
43 41 63 21 66 16 93 5 45 84 
92
0
25 92 19 1 51 35 46 92 12 3 
93
0
97 52 36 42 37 2 61 91 54 75 
94
0
42 85 66 24 58 74 99 14 3 31 
95
0
95 64 78 31 45 30 73 8 34 48 
96
0
11 40 8 23 26 21 39 35 32 46 
97
0
96 51 72 6 39 50 8 12 82 77 
98
0
21 54 26 66 50 23 31 81 23 88 
99
0
75 4 54 63 86 48 99 30 18 20 
