200
20
20020018
0
0
71 74 49 43 89 26 63 54 45 12 46 9 81 86 35 51 48 70 82 62 
1
0
63 73 56 47 88 35 59 57 46 2 42 13 82 87 34 50 50 63 84 61 
2
0
71 68 51 45 88 34 66 46 37 13 47 12 85 80 35 45 50 72 80 63 
3
0
69 74 55 50 96 29 62 52 35 7 52 4 75 76 43 50 43 63 88 64 
4
0
71 67 55 43 87 27 62 54 43 10 51 9 84 80 33 42 47 68 86 66 
5
0
62 70 49 47 95 29 67 54 42 4 45 3 85 79 33 44 45 71 87 64 
6
0
71 68 56 42 95 33 59 49 41 4 48 10 84 87 34 43 49 65 81 66 
7
0
64 75 54 44 90 35 62 55 45 11 46 11 78 81 37 42 39 67 86 67 
8
0
68 73 53 48 89 28 59 47 44 2 48 9 84 83 36 45 39 67 84 67 
9
0
67 72 58 47 95 26 63 53 39 12 45 6 78 77 42 48 42 64 86 67 
10
0
63 77 50 47 88 28 59 47 40 7 49 3 78 77 44 42 43 63 84 67 
11
0
63 75 55 40 88 31 67 57 38 3 50 5 76 81 41 50 47 71 79 61 
12
0
64 75 52 40 90 34 68 47 44 2 51 9 82 84 37 42 44 67 80 61 
13
0
71 72 52 45 94 31 62 47 41 9 45 10 75 81 35 43 46 64 84 66 
14
0
66 71 56 46 94 26 58 52 44 13 50 5 78 79 43 41 40 65 79 61 
15
0
70 77 58 43 95 30 67 52 36 6 44 8 85 83 44 47 40 64 82 67 
16
0
70 74 59 50 93 33 59 51 41 3 51 11 82 81 34 42 41 68 80 66 
17
0
64 70 57 49 91 26 65 46 37 7 45 9 75 85 34 40 47 72 88 67 
18
0
70 77 48 44 94 26 65 56 43 8 42 12 84 81 40 41 42 64 88 61 
19
0
69 70 52 44 90 26 60 51 35 2 49 10 79 84 43 43 46 72 78 66 
20
0
62 72 57 47 93 26 66 55 45 5 42 7 80 77 42 41 49 63 88 66 
21
0
72 73 52 41 90 29 61 51 40 2 41 9 74 78 40 46 43 66 87 61 
22
0
65 75 55 45 96 32 66 56 42 3 51 12 79 78 36 47 50 72 83 67 
23
0
66 76 56 44 89 29 58 50 45 12 42 12 77 76 42 48 47 70 85 61 
24
0
68 77 52 42 90 28 58 50 46 2 49 7 78 85 37 44 47 73 84 59 
25
0
70 74 51 49 91 31 59 51 42 12 41 13 83 82 34 48 41 65 87 59 
26
0
66 74 57 46 87 26 63 54 39 2 45 6 75 80 43 43 45 66 88 64 
27
0
68 68 57 46 95 35 60 48 44 9 52 5 80 83 44 43 48 72 88 66 
28
0
65 74 54 42 87 34 58 57 36 11 47 10 81 86 41 50 43 70 85 61 
29
0
66 78 59 46 87 26 63 50 41 4 49 3 84 83 37 42 40 70 82 63 
30
0
67 77 50 40 88 35 63 56 38 9 47 5 82 82 36 47 48 68 79 59 
31
0
69 71 55 46 90 34 58 49 43 9 52 6 84 84 41 47 40 70 78 60 
32
0
66 76 53 46 89 33 63 51 44 11 47 11 76 83 35 50 42 71 87 61 
33
0
68 68 55 44 89 26 67 51 36 9 49 8 81 86 41 51 39 73 84 63 
34
0
63 69 50 44 96 25 60 56 44 8 46 13 78 83 41 40 49 73 79 62 
35
0
67 67 58 47 89 35 65 52 38 9 42 10 75 80 33 47 47 62 84 65 
36
0
67 73 58 48 97 34 64 48 37 13 52 3 83 76 33 47 47 72 88 64 
37
0
65 74 48 50 94 25 67 54 39 10 48 13 75 83 40 43 43 67 84 58 
38
0
70 71 48 44 87 28 62 52 44 7 52 12 83 79 44 42 45 64 84 59 
39
0
72 75 57 45 97 35 67 57 42 8 45 10 83 76 42 51 44 67 83 67 
40
0
66 75 52 42 91 31 60 54 44 7 45 2 75 84 33 50 39 66 79 60 
41
0
64 77 53 41 94 26 59 48 37 6 44 12 82 78 39 48 48 71 84 67 
42
0
66 77 50 43 90 29 63 56 37 11 50 13 79 79 34 51 46 66 85 60 
43
0
68 71 53 49 95 30 67 53 45 8 47 8 80 76 41 42 50 71 81 67 
44
0
69 71 57 45 95 27 65 49 45 13 47 11 83 80 37 41 45 66 84 60 
45
0
66 72 54 45 93 33 66 48 41 2 51 11 79 86 44 45 50 66 79 59 
46
0
68 73 58 43 91 29 62 55 35 3 42 7 79 79 43 46 43 73 86 61 
47
0
66 72 54 47 91 32 60 55 38 8 43 6 81 83 39 50 41 72 84 64 
48
0
64 75 51 46 88 26 62 52 42 10 42 5 81 81 33 48 43 68 88 62 
49
0
64 74 48 50 88 28 67 49 43 8 43 11 75 81 35 42 49 65 85 67 
50
0
67 70 55 50 94 31 58 50 37 5 46 3 80 86 39 43 40 63 84 60 
51
0
66 74 53 50 96 33 61 48 35 2 44 12 84 87 36 44 50 68 85 63 
52
0
71 68 58 42 96 33 67 55 44 8 46 3 76 81 44 42 50 71 83 66 
53
0
65 70 51 42 94 27 67 55 35 6 43 8 76 76 41 40 47 67 84 65 
54
0
63 76 57 41 95 32 63 56 38 6 43 8 83 84 42 46 44 72 88 67 
55
0
70 69 48 43 88 35 61 50 39 2 43 13 83 84 38 47 42 63 79 63 
56
0
62 73 57 46 97 30 66 54 45 5 47 12 75 80 34 48 39 71 82 64 
57
0
68 68 57 42 95 25 67 54 44 9 42 13 83 83 42 41 46 71 87 67 
58
0
72 71 50 47 89 26 63 54 38 6 51 10 84 85 40 51 50 68 83 60 
59
0
63 68 54 44 93 26 59 54 35 10 52 6 80 77 42 49 48 63 79 66 
60
0
66 75 58 43 93 33 60 47 41 12 48 10 78 77 35 48 40 72 84 61 
61
0
66 72 48 42 96 32 64 46 40 7 46 8 78 86 40 45 48 68 83 66 
62
0
64 77 56 40 96 29 66 50 37 12 46 7 75 87 34 45 41 63 80 61 
63
0
71 72 49 44 97 33 66 50 44 7 51 4 84 86 37 43 39 64 86 65 
64
0
63 72 50 46 92 28 62 49 44 3 48 13 82 84 37 45 41 63 88 69 
65
0
70 76 53 44 88 29 59 52 46 9 49 6 75 82 37 43 41 65 88 68 
66
0
63 74 49 47 96 33 68 50 37 12 46 6 76 78 38 44 48 71 81 62 
67
0
65 69 58 43 96 34 62 52 43 9 51 7 80 82 37 45 49 62 81 62 
68
0
70 75 49 40 91 26 65 48 41 6 43 6 75 86 39 43 39 67 84 62 
69
0
62 69 49 46 93 25 64 48 38 7 47 4 76 81 36 46 40 71 80 61 
70
0
69 76 57 44 96 26 65 48 40 7 52 13 84 84 38 46 49 70 84 62 
71
0
68 78 50 40 97 33 61 51 38 10 45 9 76 76 34 48 49 62 82 61 
72
0
68 72 54 40 96 30 62 52 38 6 44 3 75 76 41 49 47 72 79 62 
73
0
65 73 52 43 94 35 68 53 37 11 52 5 76 77 38 46 44 63 84 58 
74
0
70 75 53 42 88 32 58 52 35 4 42 13 75 86 39 46 45 72 83 66 
75
0
68 72 50 42 89 25 58 49 38 5 50 2 76 76 34 49 42 65 78 65 
76
0
64 69 52 45 92 30 63 46 46 3 43 7 78 78 34 50 44 70 87 64 
77
0
64 77 53 46 92 30 59 47 43 2 52 4 82 86 40 47 44 71 86 63 
78
0
71 70 53 41 96 33 66 54 35 5 48 8 79 83 36 48 43 72 78 67 
79
0
64 68 49 47 90 32 63 47 37 2 42 7 85 84 37 45 47 63 79 68 
80
0
62 75 49 47 88 33 60 53 45 13 44 9 80 76 37 48 46 71 78 62 
81
0
69 71 51 47 95 25 58 56 38 5 44 13 80 77 42 41 41 72 86 62 
82
0
67 72 50 49 95 35 60 49 39 12 44 11 82 84 39 49 50 63 81 65 
83
0
64 69 58 44 95 32 61 51 41 11 49 10 78 84 35 41 41 64 80 64 
84
0
68 71 48 49 97 35 64 52 42 12 42 12 75 78 44 47 44 71 87 64 
85
0
62 76 50 48 92 32 58 52 42 2 42 10 85 78 39 44 44 72 80 69 
86
0
64 69 51 43 94 25 63 50 46 6 50 6 85 80 34 41 50 72 78 68 
87
0
69 69 56 46 87 27 60 53 42 7 49 11 85 85 41 44 39 71 81 63 
88
0
69 71 57 42 90 35 58 47 35 8 42 10 74 79 37 48 40 63 79 59 
89
0
69 68 55 41 88 25 64 56 40 11 48 10 76 84 37 46 44 68 77 59 
90
0
68 73 50 41 93 28 66 52 40 12 43 9 75 84 37 43 45 70 88 60 
91
0
68 68 54 40 93 31 60 47 38 2 42 7 75 84 40 48 50 69 83 69 
92
0
70 68 52 39 91 35 63 50 46 7 47 8 74 82 44 42 41 73 78 64 
93
0
68 69 51 48 88 28 58 48 46 2 45 9 75 78 39 43 46 72 79 59 
94
0
62 68 55 42 90 34 68 52 36 12 50 3 76 84 33 49 46 64 86 67 
95
0
66 73 49 43 90 35 65 55 43 11 41 12 81 80 43 48 43 68 85 62 
96
0
63 75 54 40 89 28 66 56 41 12 41 11 81 79 41 47 46 68 82 66 
97
0
68 78 57 40 95 28 62 48 45 5 44 6 79 86 40 42 45 65 82 65 
98
0
69 74 58 42 94 35 67 51 36 8 47 13 78 80 35 49 49 73 78 61 
99
0
64 74 59 40 88 26 57 48 35 10 49 6 77 83 38 49 45 69 82 62 
100
0
63 70 48 41 95 28 67 47 42 3 41 4 74 77 38 47 48 69 80 60 
101
0
71 68 58 45 89 28 61 53 40 11 49 4 78 77 40 41 49 68 78 64 
102
0
71 68 51 49 90 34 61 52 43 2 50 12 83 86 38 41 39 72 81 64 
103
0
69 76 48 41 92 34 67 49 38 2 48 10 74 84 35 49 39 63 78 58 
104
0
68 74 59 48 94 26 64 49 37 6 42 7 84 84 36 47 41 71 82 68 
105
0
62 77 55 47 95 30 59 55 44 10 48 3 81 79 41 47 40 66 87 68 
106
0
70 68 48 45 95 31 62 50 45 5 42 5 78 82 40 44 39 70 88 63 
107
0
66 73 52 50 93 35 68 49 42 5 44 12 78 81 40 41 40 72 82 60 
108
0
72 73 50 45 90 26 66 47 37 13 43 6 81 76 36 51 43 68 86 65 
109
0
68 72 54 50 97 31 60 49 37 2 51 10 76 77 38 42 41 72 82 64 
110
0
65 68 57 49 92 26 64 57 44 7 46 4 75 77 38 49 43 72 81 60 
111
0
68 74 55 49 89 32 60 49 39 4 45 10 77 77 39 49 42 66 81 60 
112
0
66 67 55 46 96 32 62 51 44 4 42 6 80 83 43 44 45 64 88 63 
113
0
62 75 56 40 89 28 60 55 41 2 42 5 83 80 37 44 49 66 80 66 
114
0
64 75 49 42 90 36 64 49 43 11 43 4 75 83 42 48 44 69 87 68 
115
0
69 76 55 45 96 33 60 55 45 3 44 3 78 83 39 50 46 71 80 63 
116
0
63 75 55 50 91 32 61 49 44 5 43 10 76 77 36 40 47 73 80 59 
117
0
66 77 55 44 89 32 58 49 39 4 47 11 82 80 44 42 42 69 78 60 
118
0
63 69 49 40 90 26 58 56 38 3 45 11 77 78 39 42 41 71 81 60 
119
0
63 71 57 44 95 30 68 50 44 5 41 10 78 83 40 45 43 70 79 63 
120
0
69 72 55 41 91 30 57 48 42 5 46 10 84 76 35 50 39 70 79 60 
121
0
62 74 53 44 97 26 59 55 39 4 44 5 82 81 40 42 46 62 80 65 
122
0
68 71 52 50 87 31 61 56 38 11 42 7 81 78 33 51 45 68 84 65 
123
0
70 76 53 40 95 26 62 55 35 8 44 11 75 76 39 51 44 71 84 62 
124
0
62 75 49 44 92 29 58 51 44 11 50 2 79 82 39 49 42 64 81 64 
125
0
70 72 58 40 87 34 64 51 43 7 43 9 82 80 39 49 47 66 80 62 
126
0
68 75 58 45 93 27 68 56 41 12 42 12 76 81 42 49 45 63 82 63 
127
0
65 73 56 42 87 25 66 53 44 11 43 13 83 77 43 51 49 72 85 69 
128
0
64 74 52 41 95 36 58 49 35 4 43 6 78 80 37 51 43 73 88 62 
129
0
62 75 53 47 88 33 57 48 38 10 47 7 79 77 37 47 43 70 85 60 
130
0
68 73 53 42 96 26 67 48 41 2 42 5 79 80 34 50 41 65 80 66 
131
0
68 69 52 48 90 29 58 47 42 11 47 11 79 82 39 41 41 72 81 64 
132
0
66 78 51 45 89 28 68 54 43 11 49 10 84 76 34 46 46 66 80 58 
133
0
65 78 49 47 88 34 64 47 36 11 44 10 80 86 34 50 41 66 85 58 
134
0
64 76 55 49 96 25 59 53 37 12 42 10 75 82 33 42 48 65 81 61 
135
0
67 76 48 49 93 35 57 46 43 9 42 13 75 76 41 47 47 65 84 60 
136
0
66 74 57 49 92 35 66 50 39 10 47 4 83 76 38 40 47 63 79 59 
137
0
70 74 57 49 96 34 62 50 45 10 52 3 84 85 40 41 48 69 81 67 
138
0
72 76 52 44 89 26 67 57 37 3 42 5 77 86 34 51 47 70 85 62 
139
0
72 71 54 50 95 32 64 49 42 10 43 7 75 76 35 44 49 73 82 68 
140
0
71 72 55 47 87 27 58 51 44 5 49 7 76 80 39 48 42 68 79 68 
141
0
69 73 58 45 96 33 67 48 41 8 46 2 83 79 40 41 46 63 80 60 
142
0
72 75 54 42 93 31 63 55 43 8 42 11 75 78 40 49 42 72 82 58 
143
0
70 73 55 50 88 35 61 47 36 9 49 7 76 82 39 45 50 71 83 59 
144
0
68 67 49 43 93 30 61 48 39 6 51 6 79 84 33 43 49 69 79 63 
145
0
66 74 59 48 94 26 66 48 36 4 47 11 82 78 40 43 45 72 85 64 
146
0
70 76 58 46 95 28 59 46 42 2 49 13 77 81 37 43 45 73 86 65 
147
0
64 72 55 43 93 29 61 46 43 8 48 12 75 82 40 44 49 70 78 66 
148
0
62 73 53 40 89 29 58 49 35 9 52 10 84 79 42 46 41 70 84 63 
149
0
67 77 56 43 89 30 63 55 37 8 41 9 79 77 36 47 46 72 82 65 
150
0
62 78 56 50 89 33 64 49 41 12 46 10 76 83 37 45 45 73 82 69 
151
0
61 76 59 46 90 28 67 55 41 4 51 8 78 80 36 48 43 70 86 59 
152
0
69 70 56 46 88 30 64 57 38 8 43 6 76 80 33 49 46 63 82 62 
153
0
64 71 51 42 88 28 60 54 41 10 42 7 76 84 38 50 43 70 81 61 
154
0
71 67 53 45 94 27 57 46 45 12 44 13 79 77 37 42 44 69 78 66 
155
0
69 75 55 47 87 32 68 48 37 8 42 7 79 76 37 47 46 65 78 65 
156
0
68 71 55 49 94 31 65 49 38 9 49 12 76 86 39 48 50 65 83 66 
157
0
66 76 53 49 90 27 64 47 46 9 51 10 79 80 40 45 42 63 80 59 
158
0
71 76 50 43 89 27 59 54 39 12 47 10 76 87 40 49 50 65 79 64 
159
0
66 74 48 42 87 35 65 51 40 10 44 12 76 80 35 50 48 73 81 60 
160
0
64 76 57 47 86 34 60 54 45 7 46 5 77 76 33 42 40 67 88 62 
161
0
69 77 49 45 95 27 61 56 37 10 50 12 81 82 39 41 48 64 88 60 
162
0
65 73 55 41 97 33 68 48 39 6 49 9 80 84 38 42 47 71 88 61 
163
0
68 76 57 49 93 33 62 52 41 8 44 2 81 81 44 48 46 73 86 58 
164
0
69 72 49 41 91 33 65 53 39 7 44 7 76 84 41 49 45 65 83 67 
165
0
71 75 53 41 97 33 64 53 37 10 44 11 83 81 41 41 49 63 87 58 
166
0
68 67 53 49 87 31 68 54 44 6 43 7 75 77 41 49 49 73 83 66 
167
0
66 68 56 43 92 35 68 52 39 4 51 13 77 83 36 47 39 65 88 65 
168
0
65 70 48 42 97 34 61 53 44 9 50 9 78 85 36 50 44 68 87 68 
169
0
70 69 54 47 87 27 63 54 39 2 44 13 82 78 40 47 42 70 79 65 
170
0
65 71 52 42 95 34 60 51 36 4 45 10 80 76 36 43 48 68 86 62 
171
0
69 68 58 49 94 25 59 52 36 2 50 7 82 81 34 47 46 62 85 68 
172
0
72 68 58 47 87 35 58 49 37 4 49 10 76 78 43 48 39 63 82 60 
173
0
71 75 50 46 89 34 65 46 38 8 46 6 77 86 37 42 41 67 83 59 
174
0
72 70 55 41 96 28 59 53 39 8 43 8 79 79 34 47 47 68 82 69 
175
0
72 74 52 41 87 35 65 55 35 10 48 6 79 86 44 46 48 73 85 65 
176
0
72 70 51 43 97 31 57 48 44 3 49 8 85 86 35 43 44 65 82 67 
177
0
67 74 52 45 93 32 58 54 37 12 44 11 83 77 34 45 42 72 81 60 
178
0
62 69 52 40 86 27 63 56 37 6 49 3 82 87 36 43 47 67 87 63 
179
0
69 69 53 45 97 33 58 56 40 2 49 9 80 76 34 44 44 64 85 66 
180
0
67 68 56 49 95 35 67 46 45 11 44 3 81 79 38 50 43 65 84 65 
181
0
64 75 52 40 88 29 61 47 44 5 50 7 76 86 37 46 41 67 78 64 
182
0
64 70 48 40 93 31 64 55 38 4 42 9 80 85 37 41 40 65 80 67 
183
0
70 74 54 49 93 28 66 51 38 2 43 12 74 79 33 42 42 63 83 68 
184
0
67 70 52 43 89 32 66 52 43 12 45 9 84 84 35 45 43 72 86 65 
185
0
66 72 57 46 93 28 59 49 40 12 41 7 75 77 42 45 48 65 78 66 
186
0
67 74 58 49 97 32 67 57 35 8 42 11 81 80 36 42 41 71 85 68 
187
0
71 78 55 42 93 33 62 57 37 3 42 10 78 84 35 49 46 62 80 65 
188
0
66 68 53 44 96 32 58 54 38 10 41 9 84 78 34 45 45 64 88 61 
189
0
65 78 55 42 89 35 60 50 37 5 50 13 81 85 41 47 44 70 86 67 
190
0
69 77 58 44 91 31 65 55 36 7 42 5 78 83 33 46 40 68 86 63 
191
0
66 75 58 45 92 29 59 54 38 11 52 4 78 84 34 42 47 70 81 61 
192
0
68 70 58 49 92 35 64 47 38 2 50 5 84 85 38 44 48 66 81 68 
193
0
63 71 51 49 92 34 62 53 42 10 43 7 76 85 41 45 41 63 86 64 
194
0
70 73 52 46 97 31 57 51 38 10 43 7 74 79 38 48 47 69 79 59 
195
0
67 73 50 41 97 35 64 46 42 9 45 3 75 82 41 43 43 65 80 66 
196
0
63 77 49 41 89 26 60 47 35 3 44 7 82 78 40 41 46 73 84 67 
197
0
72 70 58 47 89 34 58 49 37 10 48 9 81 79 35 51 39 69 78 63 
198
0
67 78 58 45 93 33 66 49 36 12 51 5 77 83 35 44 42 62 78 67 
199
0
64 77 51 41 90 32 67 55 44 4 49 12 78 82 39 43 40 66 84 65 
