50
5
5005003
0
0
16 90 78 41 27 
1
0
26 88 80 35 27 
2
0
19 85 70 43 23 
3
0
23 83 71 45 24 
4
0
20 93 72 36 31 
5
0
21 87 71 43 28 
6
0
26 85 75 43 23 
7
0
22 89 75 41 31 
8
0
24 87 81 41 26 
9
0
16 89 79 40 29 
10
0
21 91 78 44 23 
11
0
16 91 76 41 29 
12
0
21 90 79 44 24 
13
0
23 91 80 42 25 
14
0
16 83 81 36 28 
15
0
23 87 76 45 27 
16
0
21 92 79 45 28 
17
0
21 86 80 43 30 
18
0
22 88 76 38 28 
19
0
22 89 70 37 32 
20
0
21 85 70 38 33 
21
0
25 83 80 45 30 
22
0
21 85 72 44 32 
23
0
25 90 79 43 23 
24
0
17 88 73 45 27 
25
0
22 87 76 38 26 
26
0
20 84 74 39 24 
27
0
16 83 80 42 32 
28
0
16 83 77 35 26 
29
0
21 83 75 36 25 
30
0
21 92 79 40 25 
31
0
16 91 78 43 25 
32
0
16 88 75 44 29 
33
0
16 90 74 43 30 
34
0
19 92 71 38 24 
35
0
26 85 79 35 31 
36
0
24 90 78 39 31 
37
0
17 89 74 42 33 
38
0
17 83 70 40 25 
39
0
20 90 71 42 24 
40
0
17 86 70 36 22 
41
0
21 87 81 40 32 
42
0
18 85 76 45 32 
43
0
20 85 74 36 30 
44
0
16 88 77 41 27 
45
0
23 85 75 44 24 
46
0
25 90 79 40 27 
47
0
18 85 72 39 24 
48
0
20 82 71 37 31 
49
0
23 91 76 39 31 
