200
5
20005017
0
0
57 88 7 80 35 
1
0
69 94 37 58 95 
2
0
32 50 8 40 29 
3
0
68 36 59 69 92 
4
0
64 19 25 31 68 
5
0
25 56 67 66 73 
6
0
35 10 84 34 21 
7
0
20 24 60 98 90 
8
0
15 49 86 69 27 
9
0
28 84 88 74 3 
10
0
58 19 33 14 75 
11
0
35 11 44 79 30 
12
0
87 86 4 85 38 
13
0
66 75 17 72 56 
14
0
91 85 14 39 17 
15
0
37 8 15 17 73 
16
0
83 75 79 23 55 
17
0
35 18 48 19 78 
18
0
61 15 73 68 35 
19
0
10 86 36 35 57 
20
0
2 56 76 30 38 
21
0
78 97 49 30 81 
22
0
75 18 50 21 34 
23
0
89 54 51 78 76 
24
0
3 65 57 57 73 
25
0
16 22 78 57 28 
26
0
21 5 30 12 84 
27
0
95 24 28 2 79 
28
0
21 11 1 9 49 
29
0
76 66 62 91 80 
30
0
69 51 71 22 62 
31
0
74 81 61 15 88 
32
0
60 13 77 57 8 
33
0
40 32 96 50 32 
34
0
61 12 17 22 3 
35
0
28 62 64 4 64 
36
0
31 96 90 78 17 
37
0
63 24 87 85 59 
38
0
74 28 27 8 56 
39
0
32 20 64 65 55 
40
0
11 88 88 77 2 
41
0
18 36 90 46 59 
42
0
60 24 19 84 5 
43
0
29 31 83 90 92 
44
0
17 21 58 98 40 
45
0
33 34 48 24 84 
46
0
28 65 17 81 76 
47
0
15 23 52 21 19 
48
0
52 55 44 10 65 
49
0
59 54 46 77 12 
50
0
7 83 73 53 29 
51
0
8 41 16 31 4 
52
0
59 23 56 42 32 
53
0
2 84 27 44 14 
54
0
2 8 25 54 61 
55
0
38 4 54 81 91 
56
0
52 72 55 16 89 
57
0
27 6 32 18 29 
58
0
53 40 87 36 19 
59
0
40 91 39 30 40 
60
0
49 87 28 43 2 
61
0
9 67 58 73 38 
62
0
51 42 51 31 64 
63
0
41 27 89 81 14 
64
0
23 9 50 32 24 
65
0
98 29 53 31 71 
66
0
39 45 54 52 73 
67
0
11 36 93 98 83 
68
0
93 63 75 15 59 
69
0
50 48 49 64 17 
70
0
94 35 70 5 21 
71
0
20 7 90 24 48 
72
0
13 61 90 95 49 
73
0
46 49 3 76 64 
74
0
62 20 17 54 51 
75
0
62 74 54 89 13 
76
0
97 97 73 50 49 
77
0
94 70 53 40 18 
78
0
76 83 17 11 6 
79
0
6 29 43 29 72 
80
0
17 59 77 78 8 
81
0
47 31 34 18 89 
82
0
63 13 52 72 99 
83
0
1 85 76 60 90 
84
0
63 36 16 67 74 
85
0
77 44 85 98 15 
86
0
92 36 49 41 10 
87
0
36 30 47 24 29 
88
0
86 42 96 63 80 
89
0
24 78 78 21 25 
90
0
51 20 90 55 93 
91
0
44 93 31 15 54 
92
0
1 49 39 54 96 
93
0
14 33 52 20 20 
94
0
27 82 26 13 59 
95
0
49 47 83 9 55 
96
0
82 69 47 93 49 
97
0
65 17 45 41 14 
98
0
61 96 54 66 34 
99
0
35 61 60 70 91 
100
0
17 29 10 41 41 
101
0
91 76 57 95 27 
102
0
38 82 73 83 28 
103
0
75 5 40 78 5 
104
0
75 42 12 28 93 
105
0
21 98 19 38 25 
106
0
21 33 73 46 90 
107
0
91 91 47 48 52 
108
0
16 87 6 57 27 
109
0
26 88 45 80 39 
110
0
25 26 12 19 97 
111
0
21 10 87 48 45 
112
0
31 89 40 57 89 
113
0
46 21 53 5 88 
114
0
69 70 39 53 78 
115
0
76 14 43 9 29 
116
0
1 86 97 65 95 
117
0
67 37 35 6 34 
118
0
6 39 38 15 22 
119
0
59 66 21 23 41 
120
0
23 41 75 24 32 
121
0
56 30 98 16 27 
122
0
7 72 87 28 63 
123
0
77 18 25 72 5 
124
0
65 28 21 57 21 
125
0
3 9 65 79 14 
126
0
42 30 88 48 95 
127
0
73 4 94 80 10 
128
0
73 96 57 18 50 
129
0
82 41 9 58 44 
130
0
28 76 38 99 26 
131
0
10 94 55 24 7 
132
0
42 84 28 48 68 
133
0
59 77 66 85 71 
134
0
70 5 66 97 61 
135
0
96 13 68 92 25 
136
0
85 18 5 72 78 
137
0
24 81 82 39 49 
138
0
38 15 44 5 43 
139
0
44 56 38 15 6 
140
0
77 38 66 4 64 
141
0
81 11 48 20 21 
142
0
95 86 6 35 19 
143
0
52 70 88 48 57 
144
0
19 49 18 1 68 
145
0
65 29 83 26 12 
146
0
93 9 75 87 72 
147
0
71 20 89 25 32 
148
0
5 7 83 72 58 
149
0
86 46 45 38 76 
150
0
61 87 88 34 73 
151
0
63 95 90 40 47 
152
0
42 11 46 51 54 
153
0
17 57 15 96 53 
154
0
16 70 34 73 99 
155
0
18 32 10 16 97 
156
0
89 89 20 77 17 
157
0
17 11 93 87 60 
158
0
26 14 85 96 70 
159
0
93 20 81 90 29 
160
0
59 43 11 5 55 
161
0
32 38 8 72 88 
162
0
58 37 86 90 2 
163
0
40 54 5 18 77 
164
0
98 98 49 26 21 
165
0
67 22 60 54 45 
166
0
99 2 71 90 30 
167
0
17 41 1 79 21 
168
0
15 77 50 20 61 
169
0
25 60 95 44 5 
170
0
80 24 22 71 18 
171
0
72 46 86 99 41 
172
0
4 4 35 49 27 
173
0
79 79 68 26 33 
174
0
83 70 79 2 61 
175
0
48 78 2 65 68 
176
0
86 18 91 71 47 
177
0
21 60 52 46 13 
178
0
46 34 76 82 81 
179
0
95 19 81 65 80 
180
0
46 18 28 15 74 
181
0
57 27 38 64 30 
182
0
22 17 20 16 74 
183
0
22 6 19 58 25 
184
0
41 38 32 91 31 
185
0
58 81 31 52 77 
186
0
86 41 96 64 74 
187
0
76 64 78 49 33 
188
0
76 29 35 25 38 
189
0
65 53 26 53 54 
190
0
89 43 56 70 12 
191
0
88 4 73 5 51 
192
0
94 8 29 38 59 
193
0
37 62 51 51 59 
194
0
71 88 56 11 1 
195
0
67 66 2 37 57 
196
0
2 71 86 46 4 
197
0
45 61 54 73 24 
198
0
53 50 17 41 42 
199
0
25 64 3 8 31 
