200
10
20010021
0
0
64 73 88 11 61 8 53 74 68 57 
1
0
58 73 95 11 64 13 54 75 70 60 
2
0
63 81 90 17 64 14 51 74 72 65 
3
0
61 74 96 13 65 17 58 74 76 61 
4
0
64 75 94 12 58 18 50 73 73 60 
5
0
63 76 89 9 64 18 56 73 76 59 
6
0
57 71 98 13 67 12 53 75 67 59 
7
0
58 78 89 18 58 16 58 78 66 63 
8
0
60 71 97 19 68 17 52 80 75 58 
9
0
61 76 98 16 67 12 52 72 74 56 
10
0
60 80 95 9 59 18 56 82 76 61 
11
0
55 75 92 14 58 18 55 81 69 63 
12
0
62 78 96 11 60 9 56 78 71 54 
13
0
59 72 90 10 64 13 56 73 71 59 
14
0
65 77 93 18 59 12 50 78 69 63 
15
0
57 78 92 16 66 17 50 81 72 57 
16
0
64 78 95 16 64 18 53 82 76 60 
17
0
57 75 98 13 64 18 52 80 69 64 
18
0
61 74 92 15 61 17 54 81 71 59 
19
0
56 71 89 10 63 17 57 74 71 58 
20
0
59 78 93 14 67 14 52 78 68 56 
21
0
65 79 96 18 61 19 54 75 76 56 
22
0
63 77 98 19 67 10 51 73 75 57 
23
0
57 80 89 12 66 11 56 77 73 60 
24
0
64 72 88 17 60 12 51 72 75 60 
25
0
59 73 98 10 58 18 49 82 68 61 
26
0
56 78 96 14 65 12 52 80 73 65 
27
0
64 76 90 19 64 10 54 76 76 63 
28
0
60 75 96 13 63 14 50 79 67 59 
29
0
65 76 92 9 63 11 49 81 67 62 
30
0
63 71 91 17 67 8 55 82 77 63 
31
0
64 80 91 13 68 14 56 79 68 56 
32
0
64 78 98 17 63 9 56 81 69 57 
33
0
65 75 91 18 59 12 55 82 74 65 
34
0
63 76 96 12 59 13 56 72 72 65 
35
0
55 72 93 10 59 10 54 82 69 58 
36
0
62 73 97 17 57 18 49 80 68 65 
37
0
64 77 88 15 58 8 50 77 72 56 
38
0
60 81 95 9 57 14 56 83 72 65 
39
0
58 79 94 11 59 11 56 79 74 57 
40
0
64 79 91 15 67 10 58 79 75 57 
41
0
63 79 95 14 59 18 56 76 73 61 
42
0
55 76 93 15 62 15 50 77 67 62 
43
0
58 79 97 14 57 12 51 74 71 64 
44
0
55 73 95 17 66 16 58 72 68 63 
45
0
65 80 92 17 61 11 49 73 74 59 
46
0
57 76 93 14 62 12 51 73 75 56 
47
0
56 79 90 19 66 11 49 77 74 57 
48
0
59 80 91 19 65 8 50 79 68 55 
49
0
61 79 88 18 64 18 50 81 75 64 
50
0
62 72 90 9 65 17 59 74 76 60 
51
0
59 75 91 18 57 9 59 72 70 58 
52
0
62 73 92 9 63 18 54 79 71 62 
53
0
63 74 95 12 64 18 53 80 68 64 
54
0
61 81 92 9 64 9 56 81 73 56 
55
0
55 77 93 9 65 17 52 74 73 57 
56
0
56 76 96 9 60 15 55 77 74 57 
57
0
57 75 96 9 62 18 56 74 70 58 
58
0
60 74 96 10 65 10 58 82 69 55 
59
0
59 76 92 18 65 8 52 79 74 64 
60
0
62 77 88 13 64 16 59 81 76 57 
61
0
55 74 94 19 68 8 59 74 71 65 
62
0
64 72 94 10 61 13 49 78 72 60 
63
0
59 78 95 16 63 15 53 78 69 64 
64
0
64 77 89 18 66 11 49 76 73 58 
65
0
56 81 88 17 67 13 52 77 74 58 
66
0
56 73 89 12 64 18 59 72 72 60 
67
0
60 72 93 13 61 11 58 81 73 57 
68
0
60 81 98 9 67 17 51 79 69 57 
69
0
60 77 91 10 62 18 51 80 68 58 
70
0
59 75 94 17 66 10 53 73 67 60 
71
0
61 78 91 16 63 18 59 77 77 57 
72
0
57 80 96 18 67 18 58 81 68 60 
73
0
60 71 94 10 59 14 58 80 71 55 
74
0
62 75 91 13 59 10 55 76 68 64 
75
0
61 72 90 11 59 15 56 78 73 60 
76
0
61 80 96 10 67 10 56 82 74 65 
77
0
59 73 92 13 58 18 56 72 73 62 
78
0
56 73 98 19 62 13 58 82 68 61 
79
0
61 81 96 14 61 16 50 78 75 54 
80
0
63 71 97 14 58 9 51 78 74 57 
81
0
55 81 91 15 59 8 56 72 70 64 
82
0
55 77 89 11 63 10 53 75 73 62 
83
0
58 74 92 17 63 14 54 81 69 61 
84
0
55 73 90 16 59 17 50 75 77 62 
85
0
65 77 95 19 57 8 54 80 67 58 
86
0
58 80 92 15 60 16 57 76 76 56 
87
0
56 80 95 18 57 16 51 75 74 55 
88
0
62 74 94 9 57 13 57 75 68 55 
89
0
59 73 94 12 62 14 54 78 68 58 
90
0
57 72 94 14 64 12 51 79 74 60 
91
0
60 73 89 12 63 9 55 80 70 54 
92
0
61 79 96 14 62 17 59 74 69 64 
93
0
57 71 90 12 64 19 53 77 76 55 
94
0
63 77 95 11 65 13 52 75 66 56 
95
0
64 74 96 15 62 13 54 78 76 63 
96
0
61 79 91 14 58 9 58 80 68 56 
97
0
57 78 94 13 68 18 55 79 71 60 
98
0
65 74 92 13 58 9 56 80 72 62 
99
0
64 76 94 19 65 19 55 75 67 59 
100
0
58 72 96 9 59 14 58 81 71 62 
101
0
61 79 96 16 58 16 51 82 70 57 
102
0
56 80 93 10 60 13 59 78 66 58 
103
0
65 76 90 18 63 12 59 76 69 57 
104
0
63 74 97 12 57 11 57 79 74 64 
105
0
59 71 92 11 67 8 51 72 66 62 
106
0
58 80 88 13 60 17 56 77 72 58 
107
0
60 77 91 18 59 10 54 82 69 62 
108
0
62 72 92 9 64 8 53 74 72 57 
109
0
64 80 90 14 62 14 56 72 66 63 
110
0
62 78 90 11 57 13 49 74 66 54 
111
0
59 76 89 13 58 10 49 79 70 57 
112
0
62 75 90 9 67 14 58 77 74 59 
113
0
59 80 88 13 64 10 57 76 69 63 
114
0
58 78 94 12 57 18 55 77 67 63 
115
0
60 76 90 11 57 11 54 78 67 56 
116
0
57 81 97 11 60 10 59 78 74 59 
117
0
60 73 95 13 59 10 56 79 72 55 
118
0
57 82 98 9 57 11 59 82 68 54 
119
0
60 78 95 9 62 11 58 75 74 57 
120
0
61 78 91 17 64 17 57 77 74 56 
121
0
55 76 98 14 64 14 52 73 73 65 
122
0
64 76 93 17 64 10 50 76 73 57 
123
0
56 81 92 8 60 12 50 78 74 56 
124
0
65 73 93 8 66 15 54 74 71 65 
125
0
62 81 87 16 65 14 60 78 70 59 
126
0
57 76 92 10 61 13 59 73 66 65 
127
0
65 75 97 15 64 15 52 75 76 58 
128
0
63 71 89 15 61 11 50 74 73 62 
129
0
63 77 91 14 59 16 49 77 71 55 
130
0
65 76 88 15 64 14 50 81 75 64 
131
0
62 80 96 14 64 18 54 74 74 61 
132
0
55 75 93 17 65 17 54 72 71 65 
133
0
58 80 98 12 66 18 56 79 75 58 
134
0
56 79 94 10 63 9 55 78 71 61 
135
0
61 75 90 18 64 14 54 80 73 62 
136
0
60 74 92 10 61 9 58 73 73 59 
137
0
62 73 90 10 58 17 57 79 77 57 
138
0
62 81 96 14 57 11 56 74 73 62 
139
0
62 82 91 15 65 16 50 76 75 58 
140
0
62 77 89 10 62 13 56 76 76 60 
141
0
64 78 91 14 61 17 58 82 68 62 
142
0
64 73 91 18 61 10 49 79 75 54 
143
0
61 80 91 13 66 14 50 73 67 59 
144
0
56 75 88 17 59 17 54 80 70 57 
145
0
61 79 96 14 61 9 50 76 76 55 
146
0
60 72 95 13 64 18 57 74 66 56 
147
0
62 76 90 17 59 16 58 75 67 58 
148
0
59 78 95 12 63 10 59 79 75 64 
149
0
61 75 91 11 63 14 58 77 72 64 
150
0
65 80 88 14 63 18 49 72 66 58 
151
0
55 73 96 10 59 16 52 81 70 59 
152
0
63 72 98 18 64 10 51 82 68 61 
153
0
62 80 97 10 60 9 55 80 74 56 
154
0
55 71 89 8 63 15 51 76 73 64 
155
0
65 77 98 9 59 10 55 76 68 64 
156
0
55 80 98 11 59 9 52 80 67 59 
157
0
64 74 97 18 59 13 58 72 68 55 
158
0
60 81 95 18 68 17 54 81 67 54 
159
0
63 73 95 18 67 13 49 74 74 60 
160
0
59 76 88 12 57 16 50 81 70 60 
161
0
62 71 96 17 61 16 51 74 67 57 
162
0
60 80 92 13 66 10 59 74 67 58 
163
0
65 72 88 19 64 11 59 81 73 65 
164
0
62 72 91 9 59 9 54 77 69 58 
165
0
57 79 90 14 64 10 55 75 72 58 
166
0
64 75 94 19 66 15 59 82 71 62 
167
0
58 80 98 11 61 9 50 75 72 57 
168
0
59 72 93 18 59 8 57 82 73 60 
169
0
57 71 95 14 60 12 55 80 75 62 
170
0
60 80 91 18 62 11 52 77 77 59 
171
0
57 74 89 11 60 18 56 81 71 63 
172
0
59 72 95 11 59 11 57 82 70 60 
173
0
59 75 89 15 68 18 59 81 74 57 
174
0
61 72 92 11 62 16 50 73 70 65 
175
0
56 77 92 13 65 12 59 76 76 58 
176
0
58 79 98 17 66 15 54 79 66 65 
177
0
58 79 98 10 58 16 52 82 71 55 
178
0
58 79 93 8 64 15 51 80 67 55 
179
0
60 76 97 13 65 16 55 81 67 57 
180
0
64 80 88 12 61 15 50 81 77 55 
181
0
56 75 93 9 60 14 53 77 71 64 
182
0
58 81 88 16 65 8 50 77 72 62 
183
0
57 72 92 18 67 11 49 74 68 64 
184
0
62 80 96 10 59 8 57 77 70 60 
185
0
60 77 96 15 66 18 53 74 67 61 
186
0
55 74 95 15 65 15 58 75 75 57 
187
0
59 78 97 19 58 18 49 82 74 56 
188
0
59 76 94 16 63 13 55 80 72 55 
189
0
55 75 96 13 57 13 55 78 69 62 
190
0
62 81 97 11 62 17 59 82 77 57 
191
0
58 75 88 9 66 11 55 75 77 63 
192
0
59 72 88 17 61 17 59 80 72 59 
193
0
65 72 98 13 63 12 59 81 74 56 
194
0
63 73 88 18 62 17 59 80 72 64 
195
0
62 81 96 11 62 14 52 73 74 64 
196
0
62 79 92 18 66 17 57 75 67 63 
197
0
65 78 95 10 60 15 59 72 77 56 
198
0
55 76 97 18 64 17 58 75 69 65 
199
0
60 73 94 9 65 13 50 81 74 55 
