200
10
20010026
0
0
61 56 55 57 55 65 61 63 56 60 
1
0
12 19 18 17 17 20 12 20 13 19 
2
0
89 89 90 93 89 94 84 89 90 86 
3
0
21 19 16 20 24 17 20 23 19 23 
4
0
60 57 63 61 62 60 56 62 56 62 
5
0
42 44 45 45 47 40 44 42 40 40 
6
0
52 49 56 57 50 46 54 47 46 50 
7
0
75 73 81 78 74 78 81 75 81 84 
8
0
14 20 22 16 15 15 14 24 22 20 
9
0
11 13 6 17 14 13 11 11 8 7 
10
0
62 60 60 64 64 61 62 58 68 58 
11
0
88 98 90 93 91 92 97 92 90 90 
12
0
46 43 41 41 43 47 51 48 46 48 
13
0
61 57 58 58 65 64 65 63 63 63 
14
0
27 32 28 25 31 25 33 32 30 26 
15
0
18 21 16 20 25 25 23 17 23 20 
16
0
49 41 45 41 40 41 49 44 47 49 
17
0
57 58 55 52 53 56 58 51 55 59 
18
0
14 23 16 14 13 15 21 13 13 19 
19
0
74 73 64 65 75 72 70 66 68 69 
20
0
69 73 63 64 66 67 69 70 63 70 
21
0
91 88 92 86 89 86 91 84 86 93 
22
0
19 13 19 12 16 17 19 19 18 20 
23
0
15 11 10 17 12 12 15 13 6 14 
24
0
97 95 88 95 89 96 91 92 99 91 
25
0
46 44 53 49 45 54 53 52 52 48 
26
0
84 87 85 82 77 78 82 87 83 85 
27
0
45 49 51 45 47 52 44 47 47 50 
28
0
33 42 36 36 36 31 36 35 34 35 
29
0
49 53 52 49 50 54 57 58 49 54 
30
0
32 33 29 37 36 30 37 30 33 32 
31
0
36 37 43 40 42 39 42 43 37 42 
32
0
82 80 86 84 82 85 89 80 82 89 
33
0
27 29 26 27 28 21 27 24 30 25 
34
0
90 87 88 87 85 88 90 83 82 89 
35
0
15 21 13 13 16 13 12 15 12 19 
36
0
57 58 58 55 54 54 57 55 58 60 
37
0
51 50 46 49 51 51 51 45 51 48 
38
0
8 9 16 11 8 7 14 13 9 12 
39
0
70 68 70 66 63 73 69 73 68 66 
40
0
87 94 95 93 85 91 90 86 90 86 
41
0
94 85 86 92 91 93 94 95 94 88 
42
0
67 58 67 58 63 65 60 59 65 62 
43
0
48 54 44 52 45 54 44 53 54 46 
44
0
85 75 80 79 77 76 77 85 85 84 
45
0
5 9 7 7 8 3 9 11 1 4 
46
0
92 92 89 95 87 92 89 93 88 85 
47
0
27 20 28 24 24 25 20 22 27 20 
48
0
23 31 32 24 29 28 30 25 23 31 
49
0
31 26 27 22 27 32 32 32 23 27 
50
0
38 39 45 45 45 43 41 47 38 40 
51
0
68 73 71 73 68 78 75 78 70 69 
52
0
6 9 14 7 8 13 14 6 12 14 
53
0
93 96 93 94 96 96 90 92 91 93 
54
0
18 23 23 25 22 26 17 20 26 22 
55
0
81 82 80 82 86 81 81 87 84 81 
56
0
26 24 24 34 26 32 26 25 23 31 
57
0
36 34 33 32 31 26 33 29 26 28 
58
0
92 90 90 86 91 82 88 85 86 88 
59
0
55 56 50 55 55 52 56 52 57 52 
60
0
61 65 61 62 67 62 61 58 61 66 
61
0
57 48 53 56 50 57 47 53 48 47 
62
0
60 53 60 62 61 56 58 53 60 62 
63
0
25 15 15 22 23 19 22 24 25 25 
64
0
13 12 7 13 6 10 8 10 10 7 
65
0
96 87 90 89 96 88 93 91 86 86 
66
0
80 79 77 84 86 82 85 77 77 80 
67
0
50 57 48 55 57 55 56 55 54 57 
68
0
18 14 14 17 14 18 18 13 17 10 
69
0
57 57 60 57 59 58 63 61 61 55 
70
0
23 25 28 27 24 28 23 23 27 29 
71
0
91 89 94 98 89 98 90 97 89 91 
72
0
81 80 77 78 74 80 75 81 79 73 
73
0
48 41 43 45 41 46 45 46 46 42 
74
0
59 66 66 57 63 61 57 62 66 60 
75
0
11 5 8 5 7 8 10 1 12 5 
76
0
53 50 55 57 53 58 53 56 49 50 
77
0
35 36 44 37 35 41 43 35 40 34 
78
0
84 87 93 93 87 86 83 92 86 91 
79
0
58 64 58 67 59 65 66 66 61 58 
80
0
20 12 12 18 11 17 16 19 12 21 
81
0
15 19 21 24 23 20 20 20 19 23 
82
0
51 44 48 46 51 45 42 52 52 43 
83
0
19 21 24 18 21 20 20 24 19 26 
84
0
37 34 33 27 29 35 26 29 36 30 
85
0
73 80 74 84 81 76 76 75 84 84 
86
0
32 36 32 33 40 34 33 36 39 34 
87
0
65 64 63 62 60 56 63 58 57 65 
88
0
27 30 30 33 33 27 31 29 30 31 
89
0
71 71 70 68 66 72 74 67 73 74 
90
0
90 90 83 87 82 90 81 89 87 82 
91
0
83 82 74 73 82 80 79 83 73 75 
92
0
33 33 42 42 35 35 40 34 32 39 
93
0
24 18 21 19 27 24 23 25 25 23 
94
0
52 52 50 55 52 60 53 53 50 60 
95
0
72 62 65 69 65 62 69 65 62 70 
96
0
18 9 17 17 13 16 13 13 13 12 
97
0
56 56 63 60 66 61 56 62 65 57 
98
0
93 88 87 87 93 89 89 89 95 95 
99
0
36 42 42 33 38 33 35 42 33 38 
100
0
65 64 64 64 69 62 61 65 61 70 
101
0
85 76 76 83 82 85 76 81 79 78 
102
0
49 54 49 57 49 47 52 52 50 57 
103
0
66 64 58 57 63 62 63 66 66 65 
104
0
36 38 37 33 38 37 35 36 36 42 
105
0
37 35 35 39 34 33 35 35 29 36 
106
0
53 55 58 51 59 53 59 52 54 55 
107
0
47 50 51 44 54 47 51 49 44 53 
108
0
83 79 82 79 81 81 79 88 79 79 
109
0
71 63 70 69 70 66 69 68 65 63 
110
0
89 88 89 87 93 91 96 88 92 94 
111
0
25 30 27 25 33 33 27 29 30 26 
112
0
71 74 70 70 73 72 74 74 71 70 
113
0
63 63 65 65 59 65 66 66 64 67 
114
0
34 28 35 26 32 33 36 32 27 34 
115
0
20 27 23 21 20 24 22 22 25 26 
116
0
55 49 55 51 53 47 52 54 48 53 
117
0
32 26 29 29 31 34 29 31 35 33 
118
0
31 31 25 30 33 34 35 34 32 32 
119
0
80 78 81 75 76 74 78 78 74 80 
120
0
58 59 56 63 67 63 61 66 64 60 
121
0
43 39 43 39 40 44 38 37 35 41 
122
0
45 40 46 45 45 38 40 40 40 40 
123
0
64 54 61 61 55 54 58 60 59 58 
124
0
41 45 50 46 47 49 48 51 46 41 
125
0
51 60 51 51 52 58 51 58 53 60 
126
0
21 21 22 21 24 25 24 25 17 22 
127
0
91 84 89 89 89 84 85 92 87 90 
128
0
13 15 19 20 18 22 17 14 20 21 
129
0
79 75 80 76 77 78 79 80 76 83 
130
0
49 50 43 46 50 41 51 50 49 48 
131
0
54 52 50 52 45 53 45 53 44 55 
132
0
86 81 82 86 86 86 88 83 86 84 
133
0
19 13 23 14 13 19 21 21 13 19 
134
0
16 18 16 20 21 21 18 20 13 20 
135
0
76 85 78 85 78 77 76 82 77 80 
136
0
46 47 49 52 43 51 46 48 45 49 
137
0
57 49 50 56 51 53 58 49 52 52 
138
0
78 74 81 71 74 75 77 81 81 78 
139
0
86 89 89 91 85 87 88 85 85 87 
140
0
42 41 41 42 42 41 41 45 46 39 
141
0
86 80 82 83 88 88 88 79 82 82 
142
0
85 85 86 82 80 77 78 76 83 85 
143
0
51 46 53 53 51 54 49 52 51 47 
144
0
48 44 47 46 48 53 51 53 54 44 
145
0
41 42 37 45 39 42 40 39 39 43 
146
0
37 37 36 35 39 32 34 36 34 31 
147
0
23 14 15 16 17 24 19 21 19 19 
148
0
73 76 67 72 68 75 67 69 74 76 
149
0
49 48 46 52 47 48 53 52 50 50 
150
0
40 37 37 36 44 44 35 41 40 39 
151
0
55 54 52 54 50 55 52 55 50 54 
152
0
65 67 67 62 65 64 69 63 65 59 
153
0
35 32 32 33 32 36 30 32 35 35 
154
0
87 83 87 90 82 84 81 89 90 82 
155
0
10 11 8 7 5 6 10 8 9 4 
156
0
65 65 62 67 65 63 71 62 70 67 
157
0
28 29 23 22 26 23 28 20 27 28 
158
0
85 87 85 89 83 83 82 81 82 89 
159
0
87 92 90 89 95 89 86 88 89 88 
160
0
29 29 32 31 22 23 21 27 27 21 
161
0
59 55 54 54 55 57 59 54 60 55 
162
0
55 56 51 46 49 50 50 51 56 53 
163
0
22 18 22 26 19 21 26 23 19 26 
164
0
38 46 42 38 39 44 46 42 39 37 
165
0
66 66 72 70 71 67 69 71 70 65 
166
0
18 19 14 11 10 12 20 18 19 13 
167
0
56 50 57 50 59 59 60 57 50 53 
168
0
14 18 18 21 23 14 21 19 18 20 
169
0
24 17 26 18 24 27 19 21 17 26 
170
0
79 82 81 74 76 71 71 74 75 77 
171
0
89 81 89 85 83 87 83 80 84 86 
172
0
26 18 21 20 20 19 16 16 15 19 
173
0
50 54 47 46 52 47 47 55 48 48 
174
0
96 88 95 90 88 91 91 94 96 97 
175
0
56 53 47 49 54 51 50 49 47 53 
176
0
60 61 63 62 55 63 61 60 56 62 
177
0
93 94 92 89 88 98 95 91 89 90 
178
0
68 63 63 67 66 68 62 67 65 62 
179
0
84 83 79 82 81 79 82 79 88 81 
180
0
77 82 80 72 75 79 74 81 75 74 
181
0
79 76 78 71 70 79 70 78 69 70 
182
0
81 78 74 77 70 71 76 73 74 71 
183
0
44 46 42 50 41 50 46 42 51 45 
184
0
82 80 88 82 81 86 87 85 88 83 
185
0
60 67 63 61 61 59 64 66 58 59 
186
0
72 66 68 66 67 62 63 64 64 64 
187
0
43 38 38 35 38 38 41 38 36 37 
188
0
75 75 69 70 67 68 73 72 67 69 
189
0
21 23 25 25 19 21 19 27 26 25 
190
0
43 50 45 51 45 48 44 42 44 53 
191
0
87 91 84 83 87 85 86 92 92 84 
192
0
16 14 14 21 14 16 20 18 20 19 
193
0
17 22 23 24 25 17 20 18 26 23 
194
0
49 48 55 55 53 51 54 50 52 48 
195
0
89 87 90 90 87 89 86 87 90 86 
196
0
7 14 14 11 8 13 16 9 9 12 
197
0
45 48 41 43 47 45 47 47 44 42 
198
0
93 89 95 94 88 96 94 89 87 89 
199
0
61 60 68 69 64 66 59 63 66 66 
