100
10
10010021
0
0
31 71 19 62 73 22 83 54 24 20 
1
0
33 62 20 61 75 22 83 60 31 20 
2
0
36 64 20 61 82 16 86 56 30 19 
3
0
34 69 27 63 82 22 87 55 28 19 
4
0
32 63 26 65 80 14 83 53 23 10 
5
0
38 70 25 62 83 22 90 57 31 14 
6
0
32 63 26 70 84 18 86 62 25 10 
7
0
34 67 24 60 76 21 85 55 21 14 
8
0
37 64 20 62 77 15 87 62 29 15 
9
0
40 63 19 64 84 12 92 54 25 18 
10
0
40 72 23 65 83 17 82 56 29 14 
11
0
37 71 20 68 79 14 87 59 31 17 
12
0
37 67 26 61 77 14 90 54 30 16 
13
0
32 64 20 64 75 22 85 57 26 9 
14
0
32 64 27 62 79 19 83 54 25 20 
15
0
36 63 25 63 74 15 87 58 22 17 
16
0
31 70 21 69 76 13 83 56 24 16 
17
0
39 68 18 70 75 18 83 53 30 10 
18
0
33 63 27 66 81 18 92 56 27 10 
19
0
35 63 20 61 74 16 84 62 30 12 
20
0
34 62 17 63 80 21 85 57 31 15 
21
0
37 64 21 63 76 17 87 53 23 10 
22
0
40 64 20 66 81 15 86 60 29 17 
23
0
35 62 22 68 84 21 88 62 21 9 
24
0
32 69 17 66 83 20 84 62 30 11 
25
0
36 64 19 65 80 20 85 55 22 12 
26
0
37 71 23 65 76 19 83 53 31 12 
27
0
34 66 24 69 81 12 85 61 21 16 
28
0
37 63 24 65 78 15 91 58 23 11 
29
0
38 63 28 65 82 19 81 54 23 13 
30
0
35 63 26 62 82 22 88 62 23 11 
31
0
42 71 20 67 74 21 86 59 27 10 
32
0
40 65 21 63 84 21 82 61 26 19 
33
0
32 70 24 64 79 20 91 58 27 11 
34
0
36 64 26 63 82 13 88 56 24 19 
35
0
35 67 18 64 78 16 90 56 26 9 
36
0
40 66 28 65 77 21 92 54 27 15 
37
0
31 63 25 69 80 20 86 53 21 15 
38
0
39 68 18 70 80 18 91 56 25 12 
39
0
36 66 27 60 80 19 83 55 26 19 
40
0
42 67 23 60 80 21 85 60 27 18 
41
0
40 64 26 66 78 17 88 54 28 14 
42
0
39 69 19 60 81 16 82 56 21 18 
43
0
38 64 24 66 73 12 87 57 32 20 
44
0
33 71 18 63 77 21 83 62 27 14 
45
0
40 69 26 68 79 18 84 63 29 12 
46
0
41 68 18 65 75 12 82 61 23 9 
47
0
36 71 21 64 80 12 90 60 25 17 
48
0
35 65 26 69 76 14 83 56 24 15 
49
0
40 67 27 62 79 19 85 59 29 12 
50
0
31 62 23 65 73 13 91 61 25 15 
51
0
32 70 21 71 77 14 90 55 31 15 
52
0
34 72 19 61 79 13 91 54 28 10 
53
0
42 67 23 71 79 14 92 60 32 16 
54
0
37 66 25 62 73 20 89 61 25 9 
55
0
33 68 25 62 81 13 83 61 22 13 
56
0
34 69 23 69 77 14 88 54 24 11 
57
0
33 68 19 65 76 16 92 62 27 17 
58
0
33 64 17 62 74 15 86 59 30 19 
59
0
36 65 22 62 77 21 82 58 30 15 
60
0
39 62 19 69 77 17 85 54 30 10 
61
0
35 63 24 70 76 16 82 53 27 12 
62
0
36 63 20 70 79 20 91 53 24 10 
63
0
34 69 25 71 80 13 86 53 32 16 
64
0
42 62 27 71 74 20 90 57 27 16 
65
0
32 67 20 62 82 12 82 61 31 19 
66
0
33 68 25 65 80 16 85 63 30 13 
67
0
31 63 20 61 80 15 89 59 29 14 
68
0
40 72 27 65 73 22 90 55 32 19 
69
0
37 70 23 63 76 22 85 54 27 16 
70
0
42 72 19 71 84 16 85 63 26 11 
71
0
38 71 17 69 75 15 83 60 23 19 
72
0
40 70 24 61 78 18 82 59 26 12 
73
0
37 65 19 60 80 13 90 54 25 19 
74
0
36 67 18 67 76 15 91 60 23 19 
75
0
32 68 24 69 81 13 84 58 29 11 
76
0
39 69 21 65 84 21 87 53 21 10 
77
0
39 67 22 70 83 18 86 53 29 10 
78
0
39 62 24 64 74 20 90 54 29 12 
79
0
37 64 24 70 74 18 92 58 22 9 
80
0
31 65 28 67 77 21 86 59 24 18 
81
0
31 65 18 69 80 12 83 59 24 9 
82
0
31 69 21 61 79 17 88 59 24 18 
83
0
31 71 26 68 78 19 87 56 23 14 
84
0
40 71 25 69 83 18 89 63 31 19 
85
0
40 63 26 69 77 21 85 57 23 11 
86
0
35 66 19 65 78 20 87 60 27 15 
87
0
35 62 18 70 83 18 85 59 27 14 
88
0
37 70 21 62 82 21 86 54 30 11 
89
0
38 72 18 65 77 17 91 63 22 13 
90
0
42 72 24 62 80 21 86 60 32 17 
91
0
31 68 26 70 78 13 90 57 30 12 
92
0
37 68 20 66 79 14 89 60 28 10 
93
0
35 72 19 68 77 19 91 59 23 17 
94
0
33 63 27 67 75 17 82 53 27 12 
95
0
33 69 25 68 77 17 82 57 22 14 
96
0
33 70 22 61 83 17 91 62 31 15 
97
0
37 63 19 65 81 22 89 60 30 9 
98
0
40 66 21 67 82 16 87 61 26 10 
99
0
32 65 24 66 82 13 84 61 21 17 
