30
10
3010003
0
0
52 53 53 61 59 55 59 53 55 55 
1
0
77 77 83 77 82 81 78 79 75 85 
2
0
49 51 44 48 42 45 50 46 46 45 
3
0
37 30 41 39 35 35 38 33 40 33 
4
0
85 82 79 86 84 84 78 86 82 85 
5
0
24 17 17 25 22 21 20 17 24 19 
6
0
72 71 79 78 69 69 71 71 72 74 
7
0
87 95 90 86 93 90 89 91 95 87 
8
0
20 23 26 30 24 27 20 23 26 28 
9
0
10 11 5 14 10 12 11 14 11 11 
10
0
69 68 73 70 76 76 75 69 73 70 
11
0
23 24 22 15 21 16 16 24 20 20 
12
0
89 92 92 88 96 93 91 95 93 94 
13
0
61 69 68 66 61 61 61 61 59 67 
14
0
43 54 51 46 44 48 45 52 44 47 
15
0
89 92 84 89 93 87 94 85 90 90 
16
0
45 42 41 46 48 45 46 45 41 39 
17
0
63 62 54 62 65 60 57 63 64 58 
18
0
59 59 54 62 60 55 59 53 62 57 
19
0
96 92 95 95 92 94 94 97 88 90 
20
0
36 38 37 33 33 40 39 33 38 34 
21
0
81 84 82 81 90 90 86 86 81 83 
22
0
14 16 14 8 17 13 11 7 15 16 
23
0
51 52 53 52 55 49 47 50 47 50 
24
0
82 88 86 83 82 86 86 86 83 88 
25
0
33 35 32 29 36 38 32 36 29 28 
26
0
77 72 74 71 73 73 74 72 78 77 
27
0
37 42 46 46 37 46 42 45 46 40 
28
0
74 70 76 77 73 78 71 76 74 71 
29
0
85 87 83 83 87 92 93 86 84 84 
