50
10
5010002
0
0
26 21 20 29 30 26 26 23 22 21 
1
0
7 10 16 6 14 16 8 14 12 13 
2
0
22 24 17 18 18 21 18 17 22 15 
3
0
36 29 33 28 31 33 31 38 29 31 
4
0
37 35 38 38 33 37 34 37 42 36 
5
0
37 45 41 41 46 45 45 44 47 39 
6
0
57 55 46 52 56 50 49 52 52 51 
7
0
88 80 81 86 79 82 86 86 80 83 
8
0
93 96 98 88 90 90 90 92 98 88 
9
0
87 87 83 78 81 85 80 81 85 81 
10
0
36 31 35 31 30 35 34 33 38 37 
11
0
16 16 19 22 19 22 25 23 26 19 
12
0
95 90 93 91 92 87 93 88 86 88 
13
0
61 66 60 62 65 65 66 62 62 67 
14
0
53 47 51 53 49 53 49 54 52 53 
15
0
13 11 11 5 12 5 4 4 10 6 
16
0
83 91 85 88 89 91 87 81 90 82 
17
0
50 47 44 52 51 49 48 45 51 43 
18
0
76 79 78 81 77 78 79 71 78 72 
19
0
53 48 54 51 48 53 52 49 49 58 
20
0
71 69 65 63 62 65 65 68 67 70 
21
0
34 35 39 34 40 36 33 43 37 43 
22
0
22 21 19 20 23 20 21 17 23 16 
23
0
72 75 73 78 72 71 75 73 75 74 
24
0
77 85 85 84 78 85 83 78 80 86 
25
0
13 12 16 16 14 13 19 13 13 14 
26
0
54 55 46 55 52 50 51 51 51 55 
27
0
68 61 67 68 66 59 67 64 59 67 
28
0
88 94 92 95 92 88 89 85 93 86 
29
0
50 45 46 45 48 51 45 52 50 44 
30
0
70 77 69 66 68 74 75 68 67 76 
31
0
32 34 32 36 36 31 37 31 31 34 
32
0
61 63 67 63 66 60 67 66 63 63 
33
0
50 55 48 47 51 49 56 50 49 50 
34
0
40 35 39 44 34 38 43 37 43 42 
35
0
18 23 20 23 21 15 21 25 16 25 
36
0
51 43 43 49 50 47 51 43 42 50 
37
0
31 25 26 31 36 36 25 34 34 32 
38
0
70 67 73 66 70 74 67 76 68 75 
39
0
84 82 83 88 89 87 88 80 83 80 
40
0
69 69 68 67 70 70 63 68 63 69 
41
0
65 67 69 70 62 67 68 66 62 61 
42
0
43 42 47 52 48 43 47 45 41 48 
43
0
39 39 45 45 37 41 40 40 44 36 
44
0
60 57 56 56 62 53 52 59 61 52 
45
0
82 83 80 77 81 77 80 85 80 79 
46
0
64 66 69 63 62 61 70 60 61 70 
47
0
40 31 33 32 39 31 36 39 32 39 
48
0
58 51 56 56 49 55 52 53 54 54 
49
0
88 89 93 87 88 94 93 89 94 95 
